Öffentliche Stellen sind gemäß der Richtlinie (EU) 2016/2102 des Europäischen Parlaments dazu verpflichtet, Webauftritte barrierefrei zugänglich zu machen.;Die Landes-Haupt-Stadt München arbeitet daran,\ndass alle Menschen die Internet-Seiten gut benutzen können.\nDas nennt man:\nbarriere-freie Internet-Seiten.\nBarriere-frei bedeutet:\nAlle Menschen können alles gut benutzen.\nAuch Menschen mit Behinderung.\nZum Beispiel:\n* Menschen, die nicht gut sehen können.\n* Menschen, die nicht gut hören können.\n* Menschen, die nicht gut sprechen können.\n* Menschen, die nicht gut laufen können.\n* Menschen, die nicht gut mit den Händen arbeiten können.
Die Stadt München arbeitet beständig an der Verbesserung ihres Webauftritts und konnte aufgrund der Fülle des Materials und der Komplexität der Site noch nicht alle Inhalte und Services digital barrierefrei gestalten.;Die Stadt München arbeitet beständig an der Verbesserung ihres Webauftritts.\nDas bedeutet:\nDie Stadt München arbeitet daran, dass alle Menschen die Internet-Seite gut nutzen können.\nAuch Menschen mit Behinderung.\nZum Beispiel:\n* Menschen, die nicht gut sehen können.\n* Menschen, die nicht gut hören können.\n* Menschen, die nicht gut sprechen können.\n* Menschen, die nicht gut lesen können.\n* Menschen, die nicht gut schreiben können.\n* Menschen, die nicht gut mit der Hand arbeiten können.\n* Menschen, die nicht gut laufen können.\n* Menschen, die nicht gut denken können.\n* Menschen, die eine Lern-Schwierigkeit haben.\n* Menschen, die eine psychische Krankheit haben.\n* Menschen, die eine Mehrfach-Behinderung haben.\n* Das bedeutet auch:\n  Die Internet-Seite soll für alle Menschen gut verständlich sein.\n  Egal, wie alt sie sind.\n  Egal, welche Sprache sie sprechen.\n  Egal, welche Kultur sie haben.\n  Egal, welche Religion sie haben.\n  Egal, welchen Beruf sie haben.\n  Egal, ob sie einen Beruf haben oder nicht.\n  Egal, ob sie viel Geld haben oder wenig Geld.\n  Egal, ob sie in einer eigenen Wohnung leben oder in einem Heim.\n  Egal, ob sie verheiratet sind oder nicht.\n  Egal, ob sie Kinder haben oder nicht.\n  Egal, ob sie ein Mann sind oder eine Frau.\n  Egal, ob sie sich als Mann oder Frau fühlen.\n  Egal, ob sie schwul, lesbisch, bi-sexuell oder transsexuell sind.\n  Egal, ob sie gesund sind oder krank.\n  Egal, ob sie eine Behinderung haben oder nicht.\n  Egal, ob sie in München wohnen oder nur zu Besuch sind.\n  Egal, ob sie in München arbeiten oder nur zu Besuch sind.\n  Egal, ob sie in München einkaufen oder nur zu Besuch sind.\n  Egal, ob sie in München ein Konzert besuchen oder nur zu Besuch sind.\n  Egal, ob sie in München ins Theater gehen oder nur zu Besuch sind.\n  Egal, ob sie in München ins Kino gehen oder nur zu Besuch sind.\n  Egal, ob sie in München in ein Museum gehen oder nur zu Besuch sind.\n  Egal, ob sie in München in ein Schwimmbad gehen oder nur zu Besuch sind.\n  Egal, ob sie in München in eine Bibliothek gehen oder nur zu Besuch sind.\n  Egal, ob sie in München in eine Schule gehen oder nur zu Besuch sind.\n  Egal, ob sie in München in eine Uni gehen oder nur zu Besuch sind.\n  Egal, ob sie in München in eine Kneipe gehen oder nur zu Besuch sind.\n  Egal, ob sie in München in ein Restaurant gehen oder nur zu Besuch sind.\n  Egal, ob sie in München in ein Café gehen oder nur zu Besuch sind.\n  Egal, ob sie in München in ein Hotel gehen oder nur zu Besuch sind.\n  Egal, ob sie in München in ein Kranken-Haus gehen oder nur zu Besuch sind.\n  Egal, ob sie in München in eine Arzt-Praxis gehen oder nur zu Besuch sind.\n  Egal, ob sie in München in eine Apotheke gehen oder nur zu Besuch sind.\n  Egal, ob sie in München in eine Bank gehen oder nur zu Besuch sind.\n  Egal, ob sie in München in ein Reise-Büro gehen oder nur zu Besuch sind.\n  Egal, ob sie in München in ein Auto-Geschäft gehen oder nur zu Besuch sind.\n  Egal, ob sie in München in ein Fahrrad-Geschäft gehen oder nur zu Besuch sind.\n  Egal, ob sie in München in ein Schuh-Geschäft gehen oder nur zu Besuch sind.\n  Egal, ob sie in München in ein Kleider-Geschäft gehen oder nur zu Besuch sind.\n  Egal, ob sie in München in ein Lebensmittel-Geschäft gehen oder nur zu Besuch sind.\n  Egal, ob sie in München in ein Blumen-Geschäft gehen oder nur zu Besuch sind.\n  Egal, ob sie in München in ein Geschenk-Geschäft gehen oder nur zu Besuch sind.\n  Egal, ob sie in München in ein Möbel-Geschäft gehen oder nur zu Besuch sind.\n  Egal, ob sie in München in ein Elektro-Geschäft gehen oder nur zu Besuch sind.\n  Egal, ob sie in München in ein Computer-Geschäft gehen oder nur zu Besuch sind.\n  Egal, ob sie in München in ein Handy-Geschäft gehen oder nur zu Besuch sind.\n  Egal, ob sie in München in ein Buch-Geschäft gehen oder nur zu Besuch sind.\n  Egal, ob sie in München in ein Sport-Geschäft gehen oder nur zu Besuch sind.\n  Egal, ob sie in München in ein Fitness-Studio gehen oder nur zu Besuch sind.\n  Egal, ob sie in München in ein Yoga-Studio gehen oder nur zu Besuch sind.\n  Egal, ob sie in München in ein Tanz-Studio gehen oder nur zu Besuch sind.\n  Egal, ob sie in München in ein Musik-Geschäft gehen oder nur zu Besuch sind.\n  Egal, ob sie in München in ein Schreib-Waren-Geschäft gehen oder nur zu Besuch sind.\n  Egal, ob sie in München in ein Tier-Bedarf-Geschäft gehen oder nur zu Besuch sind.\n  Egal, ob sie in München in ein Friseur-Geschäft gehen oder nur zu Besuch sind.\n  Egal, ob sie in München in ein Kosmetik-Studio gehen oder nur zu Besuch sind.\n  Egal, ob sie in München in ein Nagel-Studio gehen oder nur zu Besuch sind.\n  Egal, ob sie in München in ein Tattoo-Studio gehen oder nur zu Besuch sind.\n  Egal, ob sie in München in ein Piercing-Studio gehen oder nur zu Besuch sind.\n  Egal, ob sie in München in ein Massage-Studio gehen oder nur zu Besuch sind.\n  Egal, ob sie in München in ein Solarium gehen oder nur zu Besuch sind.\n  Egal, ob sie in München in ein Tätowierungs-Studio gehen oder nur zu Besuch sind.\n  Egal, ob sie in München in ein Nagel-Design-Studio gehen oder nur zu Besuch sind.\n  Egal, ob sie in München in ein Fuß-Pflege-Studio gehen oder nur zu Besuch sind.\n  Egal, ob sie in München in ein Fuß-Massage-Studio gehen oder nur zu Besuch sind.\n  Egal, ob sie in München in ein Fuß-Reflexzonen-Massage-Studio gehen oder nur zu Besuch sind.\n  Egal, ob sie in München in ein Fuß-Reflexzonen-Massage-Studio gehen oder nur zu Besuch sind.\n  Egal, ob sie in München in ein Fuß-Reflexzonen-Massage-Studio gehen oder nur zu Besuch sind.\n  Egal, ob sie in München in ein Fuß-Reflexzonen-Massage-Studio gehen oder nur zu Besuch sind.\n  Egal, ob sie in München in ein Fuß-Reflexzonen-Massage-Studio gehen oder nur zu Besuch sind.\n  Egal, ob sie in München in ein Fuß-Reflexzonen-Massage-Studio gehen oder nur zu Besuch sind.\n  Egal, ob sie in München in ein Fuß-Reflexzonen-Massage-Studio gehen oder nur zu Besuch sind.\n  Egal, ob sie in München in ein Fuß-Reflexzonen-Massage-Studio gehen oder nur zu Besuch sind.\n  Egal, ob sie in München in ein Fuß-Reflexzonen-Massage-Studio gehen oder nur zu Besuch sind.\n  Egal, ob sie in München in ein Fuß-Reflexzonen-Massage-Studio gehen oder nur zu Besuch sind.\n  Egal, ob sie in München in ein Fuß-Reflexzonen-Massage-Studio gehen oder nur zu Besuch sind.\n  Egal, ob sie in München in ein Fuß-Reflexzonen-Massage-Studio gehen oder nur zu Besuch sind.\n  Egal, ob sie in München in ein Fuß-Reflexzonen-Massage-Studio gehen oder nur zu Besuch sind.\n  Egal, ob sie in München in ein Fuß-Reflexzonen-Massage-Studio gehen oder nur zu Besuch sind.\n  Egal, ob sie in München in ein Fuß-Reflexzonen-Massage-Studio gehen oder nur zu Besuch sind.\n  Egal, ob sie in München in ein Fuß-Reflexzonen-Massage-Studio gehen oder nur zu Besuch sind.\n  Egal, ob sie in München in ein Fuß-Reflexzonen-Massage-Studio gehen oder nur zu Besuch sind.\n  Egal, ob sie in München in ein Fuß-Reflexzonen-Massage-Studio gehen oder nur zu Besuch sind.\n  Egal, ob sie in München in ein Fuß-Reflexzonen-Massage-Studio gehen oder nur zu Besuch sind.\n  Egal, ob sie in München in ein Fuß-Reflexzonen-Massage-Studio gehen oder nur zu Besuch sind.\n  Egal, ob sie in München in ein Fuß-Reflexzonen-Massage-Studio gehen oder nur zu Besuch sind.\n  Egal, ob sie in München in ein Fuß-Reflexzonen-Massage-Studio gehen oder nur zu Besuch sind.\n  Egal, ob sie in München in ein Fuß-Reflexzonen-Massage-Studio gehen oder nur zu Besuch sind.\n  Egal, ob sie in München in ein Fuß-Reflexzonen-Massage-Studio gehen oder nur zu Besuch sind.\n  Egal, ob sie in München in ein Fuß-Reflexzonen-Massage-Studio gehen oder nur zu Besuch sind.\n  Egal, ob sie in München in ein Fuß-Reflexzonen-Massage-Studio gehen oder nur zu Besuch sind.\n  Egal, ob sie in München in ein Fuß-Reflexzonen-Massage-Studio gehen oder nur zu Besuch sind.\n  Egal, ob sie in München in ein Fuß-Reflexzonen-Massage-Studio gehen oder nur zu Besuch sind.\n  Egal, ob sie in München in ein Fuß-Reflexzonen-Massage-Studio gehen oder nur zu Besuch sind.\n  Egal, ob sie in München in ein Fuß-Reflexzonen-Massage-Studio gehen oder nur zu Besuch sind.\n  Egal, ob sie in München in ein Fuß-Reflexzonen-Massage-Studio gehen oder nur zu Besuch sind.\n  Egal, ob sie in München in ein Fuß-Reflexzonen-Massage-Studio gehen oder nur zu Besuch sind.\n  Egal, ob sie in München in ein Fuß-Reflexzonen-Massage-Studio gehen oder nur zu Besuch sind.\n  Egal, ob sie in München in ein Fuß-Reflexzonen-Massage-Studio gehen oder nur zu Besuch sind.\n  Egal, ob sie in München in ein Fuß-Reflexzonen-Massage-Studio gehen oder nur zu Besuch sind.\n  Egal, ob sie in München in ein Fuß-Reflexzonen-Massage-Studio gehen oder nur zu Besuch sind.\n  Egal, ob sie in München in ein Fuß-Reflexzonen-Massage-Studio gehen oder nur zu Besuch sind.\n  Egal, ob sie in München in ein Fuß-Reflexzonen-Massage-Studio gehen oder nur zu Besuch sind.\n  Egal, ob sie in München in ein Fuß-Reflexzonen-Massage-Studio gehen oder nur zu Besuch sind.\n  Egal, ob sie in München in ein Fuß-Reflexzonen-Massage-Studio gehen oder nur zu Besuch sind.\n  Egal, ob sie in München in ein Fuß-Reflexzonen-Massage-Studio gehen oder nur zu Besuch sind.\n  Egal, ob sie in München in ein Fuß-Reflexzonen-Massage-Studio gehen oder nur zu Besuch sind.\n  Egal, ob sie in München in ein Fuß-Reflexzonen-Massage-Studio gehen oder nur zu Besuch sind.\n  Egal, ob sie in München in ein Fuß-Reflexzonen-Massage-Studio gehen oder nur zu Besuch sind.\n  Egal, ob sie in München in ein Fuß-Reflexzonen-Massage-Studio gehen oder nur zu Besuch sind.\n  Egal, ob sie in München in ein Fuß-Reflexzonen-Massage-Studio gehen oder nur zu Besuch sind.\n  Egal, ob sie in München in ein Fuß-Reflexzonen-Massage-Studio gehen oder nur zu Besuch sind.\n  Egal, ob sie in München in ein Fuß-Reflexzonen-Massage-Studio gehen oder nur zu Besuch sind.\n  Egal, ob sie in München in ein Fuß-Reflexzonen-Massage-Studio gehen oder nur zu Besuch sind.\n  Egal, ob sie in München in ein Fuß-Reflexzonen-Massage-Studio gehen oder nur zu Besuch sind.\n  Egal, ob sie in München in ein Fuß-Reflexzonen-Massage-Studio gehen oder nur zu Besuch sind.\n  Egal, ob sie in München in ein Fuß-Reflexzonen-Massage-Studio gehen oder nur zu Besuch sind.\n  Egal, ob sie in München in ein Fuß-Reflexzonen-Massage-Studio gehen oder nur zu Besuch sind.\n  Egal, ob sie in München in ein Fuß-Reflexzonen-Massage-Studio gehen oder nur zu Besuch sind.\n  Egal, ob sie in München in ein Fuß-Reflexzonen-Massage-Studio gehen oder nur zu Besuch sind.\n  Egal, ob sie in München in ein Fuß-Reflexzonen-Massage-Studio gehen oder nur zu Besuch sind.\n  Egal, ob sie in München in ein Fuß-Reflexzonen-Massage-Studio gehen oder nur zu Besuch sind.\n  Egal, ob sie in München in ein Fuß-Reflexzonen-Massage-Studio gehen oder nur zu Besuch sind.\n  Egal, ob sie in München in ein Fuß-Reflexzonen-Massage-Studio gehen oder nur zu Besuch sind.\n  Egal, ob sie in München in ein Fuß-Reflexzonen-Massage-Studio gehen oder nur zu Besuch sind.\n  Egal, ob sie in München in ein Fuß-Reflexzonen-Massage-Studio gehen oder nur zu Besuch sind.\n  Egal, ob sie in München in ein Fuß-Reflexzonen-Massage-Studio gehen oder nur zu Besuch sind.\n  Egal, ob sie in München in ein Fuß-Reflexzonen-Massage-Studio gehen oder nur zu Besuch sind.\n  Egal, ob sie in München in ein Fuß-Reflexzonen-Massage-Studio gehen oder nur zu Besuch sind.\n  Egal, ob sie in München in ein Fuß-Reflexzonen-Massage-Studio gehen oder nur zu Besuch sind.\n  Egal, ob sie in München in ein Fuß-Reflexzonen-Massage-Studio gehen oder nur zu Besuch sind.\n  Egal, ob sie in München in ein Fuß-Reflexzonen-Massage-Studio gehen oder nur zu Besuch sind.\n  Egal, ob sie in München in ein Fuß-Reflexzonen-Massage-Studio gehen oder nur zu Besuch sind.\n  Egal, ob sie in München in ein Fuß-Reflexzonen-Massage-Studio gehen oder nur zu Besuch sind.\n  Egal, ob sie in München in ein Fuß-Reflexzonen-Massage-Studio gehen oder nur zu Besuch sind.\n  Egal, ob sie in München in ein Fuß-Reflexzonen-Massage-Studio gehen oder nur zu Besuch sind.\n  Egal, ob sie in München in ein Fuß-Reflexzonen-Massage-Studio gehen oder nur zu Besuch sind.\n  Egal, ob sie in München in ein Fuß-Reflexzonen-Massage-Studio gehen oder nur zu Besuch sind.\n  Egal, ob sie in München in ein Fuß-Reflexzonen-Massage-Studio gehen oder nur zu Besuch sind.\n  Egal, ob sie in München in ein Fuß-Reflexzonen-Massage-Studio gehen oder nur zu Besuch sind.\n  Egal, ob sie in München in ein Fuß-Reflexzonen-Massage-Studio gehen oder nur zu Besuch sind.\n  Egal, ob sie in München in ein Fuß-Reflexzonen-Massage-Studio gehen oder nur zu Besuch sind.\n  Egal, ob sie in München in ein Fuß-Reflexzonen-Massage-Studio gehen oder nur zu Besuch sind.\n  Egal, ob sie in München in ein Fuß-Reflexzonen-Massage-Studio gehen oder nur zu Besuch sind.\n  Egal, ob sie in München in ein Fuß-Reflexzonen-Massage-Studio gehen oder nur zu Besuch sind.\n  Egal, ob sie in München in ein Fuß-Reflexzonen-Massage-Studio gehen oder nur zu Besuch sind.\n  Egal, ob sie in München in ein Fuß-Reflexzonen-Massage-Studio gehen oder nur zu Besuch sind.\n  Egal, ob sie in München in ein Fuß-Reflexzonen-Massage-Studio gehen oder nur zu Besuch sind.\n  Egal, ob sie in München in ein Fuß-Reflexzonen-Massage-Studio gehen oder nur zu Besuch sind.\n  Egal, ob sie in München in ein Fuß-Reflexzonen-Massage-Studio gehen oder nur zu Besuch sind.\n  Egal, ob sie in München in ein Fuß-Reflexzonen-Massage-Studio gehen oder nur zu Besuch sind.\n  Egal, ob sie in München in ein Fuß-Reflexzonen-Massage-Studio gehen oder nur zu Besuch sind.\n  Egal, ob sie in München in ein Fuß-Reflexzonen-Massage-Studio gehen oder nur zu Besuch sind.\n  Egal, ob sie in München in ein Fuß-Reflexzonen-Massage-Studio gehen oder nur zu Besuch sind.\n  Egal, ob sie in München in ein Fuß-Reflexzonen-Massage-Studio gehen oder nur zu Besuch sind.\n  Egal, ob sie in München in ein Fuß-Reflexzonen-Massage-Studio gehen oder nur zu Besuch sind.\n  Egal, ob sie in München in ein Fuß-Reflexzonen-Massage-Studio gehen oder nur zu Besuch sind.\n  Egal, ob sie in München in ein Fuß-Reflexzonen-Massage-Studio gehen oder nur zu Besuch sind.\n  Egal, ob sie in München in ein Fuß-Reflexzonen-Massage-
Sie können Mängel bei der Einhaltung der Anforderungen an die Barrierefreiheit mitteilen oder Informationen, die nicht barrierefrei dargestellt werden müssen, barrierefrei anfordern.;Sie können uns helfen.\nSie können uns sagen:\nWo gibt es Probleme mit Barriere-Freiheit?\nZum Beispiel:\n* In einem Amt.\n* In einem Gebäude.\n* Auf einem Geh-Weg.\n* An einer Haltestelle.\n* In einem Park-Haus.\n* Auf einem Spiel-Platz.\n* Auf einem Friedhof.\n* Auf einem Markt.\n* In einem Park.\n* In einem Schwimm-Bad.\n* In einem Theater.\n* In einem Kino.\n* In einer Bibliothek.\n* In einem Museum.\n* In einer Schule.\n* In einem Kranken-Haus.\n* In einem Alten-Heim.\n* In einem Behinderten-Heim.\n* In einem Gefängnis.\n* In einem Tier-Heim.\n* In einem Tier-Heim.\n* In einem Tier-Heim.\n* In einem Tier-Heim.\n* In einem Tier-Heim.\n* In einem Tier-Heim.\n* In einem Tier-Heim.\n* In einem Tier-Heim.\n* In einem Tier-Heim.\n* In einem Tier-Heim.\n* In einem Tier-Heim.\n* In einem Tier-Heim.\n* In einem Tier-Heim.\n* In einem Tier-Heim.\n* In einem Tier-Heim.\n* In einem Tier-Heim.\n* In einem Tier-Heim.\n* In einem Tier-Heim.\n* In einem Tier-Heim.\n* In einem Tier-Heim.\n* In einem Tier-Heim.\n* In einem Tier-Heim.\n* In einem Tier-Heim.\n* In einem Tier-Heim.\n* In einem Tier-Heim.\n* In einem Tier-Heim.\n* In einem Tier-Heim.\n* In einem Tier-Heim.\n* In einem Tier-Heim.\n* In einem Tier-Heim.\n* In einem Tier-Heim.\n* In einem Tier-Heim.\n* In einem Tier-Heim.\n* In einem Tier-Heim.\n* In einem Tier-Heim.\n* In einem Tier-Heim.\n* In einem Tier-Heim.\n* In einem Tier-Heim.\n* In einem Tier-Heim.\n* In einem Tier-Heim.\n* In einem Tier-Heim.\n* In einem Tier-Heim.\n* In einem Tier-Heim.\n* In einem Tier-Heim.\n* In einem Tier-Heim.\n* In einem Tier-Heim.\n* In einem Tier-Heim.\n* In einem Tier-Heim.\n* In einem Tier-Heim.\n* In einem Tier-Heim.\n* In einem Tier-Heim.\n* In einem Tier-Heim.\n* In einem Tier-Heim.\n* In einem Tier-Heim.\n* In einem Tier-Heim.\n* In einem Tier-Heim.\n* In einem Tier-Heim.\n* In einem Tier-Heim.\n* In einem Tier-Heim.\n* In einem Tier-Heim.\n* In einem Tier-Heim.\n* In einem Tier-Heim.\n* In einem Tier-Heim.\n* In einem Tier-Heim.\n* In einem Tier-Heim.\n* In einem Tier-Heim.\n* In einem Tier-Heim.\n* In einem Tier-Heim.\n* In einem Tier-Heim.\n* In einem Tier-Heim.\n* In einem Tier-Heim.\n* In einem Tier-Heim.\n* In einem Tier-Heim.\n* In einem Tier-Heim.\n* In einem Tier-Heim.\n* In einem Tier-Heim.\n* In einem Tier-Heim.\n* In einem Tier-Heim.\n* In einem Tier-Heim.\n* In einem Tier-Heim.\n* In einem Tier-Heim.\n* In einem Tier-Heim.\n* In einem Tier-Heim.\n* In einem Tier-Heim.\n* In einem Tier-Heim.\n* In einem Tier-Heim.\n* In einem Tier-Heim.\n* In einem Tier-Heim.\n* In einem Tier-Heim.\n* In einem Tier-Heim.\n* In einem Tier-Heim.\n* In einem Tier-Heim.\n* In einem Tier-Heim.\n* In einem Tier-Heim.\n* In einem Tier-Heim.\n* In einem Tier-Heim.\n* In einem Tier-Heim.\n* In einem Tier-Heim.\n* In einem Tier-Heim.\n* In einem Tier-Heim.\n* In einem Tier-Heim.\n* In einem Tier-Heim.\n* In einem Tier-Heim.\n* In einem Tier-Heim.\n* In einem Tier-Heim.\n* In einem Tier-Heim.\n* In einem Tier-Heim.\n* In einem Tier-Heim.\n* In einem Tier-Heim.\n* In einem Tier-Heim.\n* In einem Tier-Heim.\n* In einem Tier-Heim.\n* In einem Tier-Heim.\n* In einem Tier-Heim.\n* In einem Tier-Heim.\n* In einem Tier-Heim.\n* In einem Tier-Heim.\n* In einem Tier-Heim.\n* In einem Tier-Heim.\n* In einem Tier-Heim.\n* In einem Tier-Heim.\n* In einem Tier-Heim.\n* In einem Tier-Heim.\n* In einem Tier-Heim.\n* In einem Tier-Heim.\n* In einem Tier-Heim.\n* In einem Tier-Heim.\n* In einem Tier-Heim.\n* In einem Tier-Heim.\n* In einem Tier-Heim.\n* In einem Tier-Heim.\n* In einem Tier-Heim.\n* In einem Tier-Heim.\n* In einem Tier-Heim.\n* In einem Tier-Heim.\n* In einem Tier-Heim.\n* In einem Tier-Heim.\n* In einem Tier-Heim.\n* In einem Tier-Heim.\n* In einem Tier-Heim.\n* In einem Tier-Heim.\n* In einem Tier-Heim.\n* In einem Tier-Heim.\n* In einem Tier-Heim.\n* In einem Tier-Heim.\n* In einem Tier-Heim.\n* In einem Tier-Heim.\n* In einem Tier-Heim.\n* In einem Tier-Heim.\n* In einem Tier-Heim.\n* In einem Tier-Heim.\n* In einem Tier-Heim.\n* In einem Tier-Heim.\n* In einem Tier-Heim.\n* In einem Tier-Heim.\n* In einem Tier-Heim.\n* In einem Tier-Heim.\n* In einem Tier-Heim.\n* In einem Tier-Heim.\n* In einem Tier-Heim.\n* In einem Tier-Heim.\n* In einem Tier-Heim.\n* In einem Tier-Heim.\n* In einem Tier-Heim.\n* In einem Tier-Heim.\n* In einem Tier-Heim.\n* In einem Tier-Heim.\n* In einem Tier-Heim.\n* In einem Tier-Heim.\n* In einem Tier-Heim.\n* In einem Tier-Heim.\n* In einem Tier-Heim.\n* In einem Tier-Heim.\n* In einem Tier-Heim.\n* In einem Tier-Heim.\n* In einem Tier-Heim.\n* In einem Tier-Heim.\n* In einem Tier-Heim.\n* In einem Tier-Heim.\n* In einem Tier-Heim.\n* In einem Tier-Heim.\n* In einem Tier-Heim.\n* In einem Tier-Heim.\n* In einem Tier-Heim.\n* In einem Tier-Heim.\n* In einem Tier-Heim.\n* In einem Tier-Heim.\n* In einem Tier-Heim.\n* In einem Tier-Heim.\n* In einem Tier-Heim.\n* In einem Tier-Heim.\n* In einem Tier-Heim.\n* In einem Tier-Heim.\n* In einem Tier-Heim.\n* In einem Tier-Heim.\n* In einem Tier-Heim.\n* In einem Tier-Heim.\n* In einem Tier-Heim.\n* In einem Tier-Heim.\n* In einem Tier-Heim.\n* In einem Tier-Heim.\n* In einem Tier-Heim.\n* In einem Tier-Heim.\n* In einem Tier-Heim.\n* In einem Tier-Heim.\n* In einem Tier-Heim.\n* In einem Tier-Heim.\n* In einem Tier-Heim.\n* In einem Tier-Heim.\n* In einem Tier-Heim.\n* In einem Tier-Heim.\n* In einem Tier-Heim.\n* In einem Tier-Heim.\n* In einem Tier-Heim.\n* In einem Tier-Heim.\n* In einem Tier-Heim.\n* In einem Tier-Heim.\n* In einem Tier-Heim.\n* In einem Tier-Heim.\n* In einem Tier-Heim.\n* In einem Tier-Heim.\n* In einem Tier-Heim.\n* In einem Tier-Heim.\n* In einem Tier-Heim.\n* In einem Tier-Heim.\n* In einem Tier-Heim.\n* In einem Tier-Heim.\n* In einem Tier-Heim.\n* In einem Tier-Heim.\n* In einem Tier-Heim.\n* In einem Tier-Heim.\n* In einem Tier-Heim.\n* In einem Tier-Heim.\n* In einem Tier-Heim.\n* In einem Tier-Heim.\n* In einem Tier-Heim.\n* In einem Tier-Heim.\n* In einem Tier-Heim.\n* In einem Tier-Heim.\n* In einem Tier-Heim.\n* In einem Tier-Heim.\n* In einem Tier-Heim.\n* In einem Tier-Heim.\n* In einem Tier-Heim.\n* In einem Tier-Heim.\n* In einem Tier-Heim.\n* In einem Tier-Heim.\n* In einem Tier-Heim.\n* In einem Tier-Heim.\n* In einem Tier-Heim.\n* In einem Tier-Heim.\n* In einem Tier-Heim.\n* In einem Tier-Heim.\n* In einem Tier-Heim.\n* In einem Tier-Heim.\n* In einem Tier-Heim.\n* In einem Tier-Heim.\n* In einem Tier-Heim.\n* In einem Tier-Heim.\n* In einem Tier-Heim.\n* In einem Tier-Heim.\n* In einem Tier-Heim.\n* In einem Tier-Heim.\n* In einem Tier-Heim.\n* In einem Tier-Heim.\n* In einem Tier-Heim.\n* In einem Tier-Heim.\n* In einem Tier-Heim.\n* In einem Tier-Heim.\n* In einem Tier-Heim.\n* In einem Tier-Heim.\n* In einem Tier-Heim.\n* In einem Tier-Heim.\n* In einem Tier-Heim.\n* In einem Tier-Heim.\n* In einem Tier-Heim.\n* In einem Tier-Heim.\n* In einem Tier-Heim.\n* In einem Tier-Heim.\n* In einem Tier-Heim.\n* In einem Tier-Heim.\n* In einem Tier-Heim.\n* In einem Tier-Heim.\n* In einem Tier-Heim.\n* In einem Tier-Heim.\n* In einem Tier-Heim.\n* In einem Tier-Heim.\n* In einem Tier-Heim.\n* In einem Tier-Heim.\n* In einem Tier-Heim.\n* In einem Tier-Heim.\n* In einem Tier-Heim.\n* In einem Tier-Heim.\n* In einem Tier-Heim.\n* In einem Tier-Heim.\n* In einem Tier-Heim.\n* In einem Tier-Heim.\n* In einem Tier-Heim.\n* In einem Tier-Heim.\n* In einem Tier-Heim.\n* In einem Tier-Heim.\n* In einem Tier-Heim.\n* In einem Tier-Heim.\n* In einem Tier-Heim.\n* In einem Tier-Heim.\n* In einem Tier-Heim.\n* In einem Tier-Heim.\n* In einem Tier-Heim.\n* In einem Tier-Heim.\n* In einem Tier-Heim.\n* In einem Tier-Heim.\n* In einem Tier-Heim.\n* In einem Tier-Heim.\n* In einem Tier-Heim.\n* In einem Tier-Heim.\n* In einem Tier-Heim.\n* In einem Tier-Heim.\n* In einem Tier-Heim.\n* In einem Tier-Heim.\n* In einem Tier-Heim.\n* In einem Tier-Heim.\n* In einem Tier-Heim.\n* In einem Tier-Heim.\n* In einem Tier-Heim.\n* In einem Tier-Heim.\n* In einem Tier-Heim.\n* In einem Tier-Heim.\n* In einem Tier-Heim.\n* In einem Tier-Heim.\n* In einem Tier-Heim.\n* In einem Tier-Heim.\n* In einem Tier-Heim.\n* In einem Tier-Heim.\n* In einem Tier-Heim.\n* In einem Tier-Heim.\n* In einem Tier-Heim.\n* In einem Tier-Heim.\n* In einem Tier-Heim.\n* In einem Tier-Heim.\n* In einem Tier-Heim.\n* In einem Tier-Heim.\n* In einem Tier-Heim.\n* In einem Tier-Heim.\n* In einem Tier-Heim.\n* In einem Tier-Heim.\n* In einem Tier-Heim.\n* In einem Tier-Heim.\n* In einem Tier-Heim.\n* In einem Tier-Heim.\n* In einem Tier-Heim.\n* In einem Tier-Heim.\n* In einem Tier-Heim.\n* In einem Tier-Heim.\n* In einem Tier-Heim.\n* In einem Tier-Heim.\n* In einem Tier-Heim.\n* In einem Tier-Heim.\n* In einem Tier-Heim.\n* In einem Tier-Heim.\n* In einem Tier-Heim.\n* In einem Tier-Heim.\n* In einem Tier-Heim.\n* In einem Tier-Heim.\n* In einem Tier-Heim.\n* In einem Tier-Heim.\n* In einem Tier-Heim.\n* In einem Tier-Heim.\n* In einem Tier-Heim.\n* In einem Tier-Heim.\n* In einem Tier-Heim.\n* In einem Tier-Heim.\n* In einem Tier-Heim.\n* In einem Tier-Heim.\n* In einem Tier-Heim.\n* In einem Tier-Heim.\n* In einem Tier-Heim.\n* In einem Tier-Heim.\n* In einem Tier-Heim.\n* In einem Tier-Heim.\n* In einem Tier-Heim.\n* In einem Tier-Heim.\n* In einem Tier-Heim.\n* In einem Tier-Heim.\n* In einem Tier-Heim.\n* In einem Tier-Heim.\n* In einem Tier-Heim.\n* In einem Tier-Heim.\n* In einem Tier-Heim.\n* In einem Tier-Heim.\n* In einem Tier-Heim.\n* In einem Tier-Heim.\n* In einem Tier-Heim.\n* In einem Tier-Heim.\n* In einem Tier-Heim.\n* In einem Tier-Heim.\n* In einem Tier-Heim.\n* In einem Tier-Heim.\n* In einem Tier-Heim.\n* In einem Tier-Heim.\n* In einem Tier-Heim.\n* In einem Tier-Heim.\n* In einem Tier-Heim.\n* In einem Tier-Heim.\n* In einem Tier-Heim.\n* In einem Tier-Heim.\n* In einem Tier-Heim.\n* In einem Tier-Heim.\n* In einem Tier-Heim.\n* In einem Tier-Heim.\n* In einem Tier-Heim.\n* In einem Tier-Heim.\n* In einem Tier-Heim.\n* In einem Tier-Heim.\n* In einem Tier-Heim.\n* In einem Tier-Heim.\n* In einem Tier-Heim.\n* In einem Tier-Heim.\n* In einem Tier-Heim.\n* In einem Tier-Heim.\n* In einem Tier-Heim.\n* In einem Tier-Heim.\n* In einem Tier-Heim.\n* In einem Tier-Heim.\n* In einem Tier-Heim.\n* In einem Tier-Heim.\n* In einem Tier-Heim.\n* In einem Tier-Heim.\n* In einem Tier-Heim.\n* In einem Tier-Heim.\n* In einem Tier-Heim.\n* In einem Tier-Heim.\n* In einem Tier-Heim.\n* In einem Tier-Heim.\n* In einem Tier-Heim.\n* In einem Tier-Heim.\n* In einem Tier-Heim.\n* In einem Tier-Heim.\n* In einem Tier-Heim.\n* In einem Tier-Heim.\n* In einem Tier-Heim.\n* In einem Tier-Heim.\n* In einem Tier-Heim.\n* In einem Tier-Heim.\n* In einem Tier-Heim.\n* In einem Tier-Heim.\n* In einem Tier-Heim.\n* In einem Tier-Heim.\n* In einem Tier-Heim.\n* In einem Tier-Heim.\n* In einem Tier-Heim.\n* In einem Tier-Heim.\n* In einem Tier-Heim.\n* In einem Tier-Heim.\n* In einem Tier-Heim.\n* In einem Tier-Heim.\n* In einem Tier-Heim.\n* In einem Tier-Heim.\n* In einem Tier-Heim.\n* In einem Tier-Heim.\n* In einem Tier-Heim.\n* In einem Tier-Heim.\n* In einem Tier-Heim.\n* In einem Tier-Heim.\n* In einem Tier-Heim.\n* In einem Tier-Heim.\n* In einem Tier-Heim.\n* In einem Tier-Heim.\n* In einem Tier-Heim.\n* In einem Tier-Heim.\n* In einem Tier-Heim.\n* In einem Tier-Heim.\n* In einem Tier-Heim.\n* In einem Tier-Heim.\n* In einem Tier-Heim.\n* In einem Tier-Heim.\n* In einem Tier-Heim.\n* In einem Tier-Heim.\n* In einem Tier-Heim.\n* In einem Tier-Heim.\n* In einem Tier-Heim.\n* In einem Tier-Heim.\n* In einem Tier-Heim.\n* In einem Tier-Heim.\n* In einem Tier-Heim.\n* In einem Tier-Heim.\n* In einem Tier-Heim.\n* In einem Tier-Heim.\n* In einem Tier-Heim.\n* In einem Tier-Heim.\n* In einem Tier-Heim.\n* In einem Tier-Heim.\n* In einem Tier-Heim.\n* In einem Tier-He
Durchsetzungsverfahren\n\nBleibt eine Anfrage an die Kontaktstelle innerhalb von sechs Wochen ganz oder teilweise unbeantwortet, prüft die zuständige Aufsichtsbehörde auf Antrag der betroffenen Nutzer*innen, ob im Rahmen der Überwachung gegenüber den Betreibern des Webangebots Maßnahmen erforderlich sind. Die für das Durchsetzungsverfahren zuständigen Aufsicht ist das Landesamt für Digitalisierung, Breitband und Vermessung:\n\nLandesamt für Digitalisierung, Breitband und Vermessung\nAlexandrastraße 4\n80538 München\nTelefon: 089 2129-1111\nFax: 089 2129-1113\nE-Mail: service@geodaten.bayern.de;Was ist das Durchsetzungs-Verfahren?\nDie Kontakt-Stelle ist für alle Menschen da.\nDie Kontakt-Stelle hilft Ihnen.\nZum Beispiel:\n* Wenn Sie eine Frage haben.\n* Wenn Sie sich beschweren wollen.\n* Wenn Sie sich über etwas ärgern.\n* Wenn Sie Hilfe brauchen.\n* Wenn Sie nicht weiter wissen.\n* Wenn Sie nicht verstehen, was auf der Internet-Seite steht.\n* Wenn Sie einen Fehler auf der Internet-Seite finden.\n* Wenn Sie einen Hinweis für die Internet-Seite haben.\n* Wenn Sie einen Wunsch für die Internet-Seite haben.\n* Wenn Sie eine Anregung für die Internet-Seite haben.\n* Wenn Sie eine Beschwerde über die Internet-Seite haben.\n* Wenn Sie eine Anfrage an die Kontakt-Stelle haben.\n* Wenn Sie eine Anfrage an die Kontakt-Stelle haben.\n* Wenn Sie eine Anfrage an die Kontakt-Stelle haben.\n* Wenn Sie eine Anfrage an die Kontakt-Stelle haben.\n* Wenn Sie eine Anfrage an die Kontakt-Stelle haben.\n* Wenn Sie eine Anfrage an die Kontakt-Stelle haben.\n* Wenn Sie eine Anfrage an die Kontakt-Stelle haben.\n* Wenn Sie eine Anfrage an die Kontakt-Stelle haben.\n* Wenn Sie eine Anfrage an die Kontakt-Stelle haben.\n* Wenn Sie eine Anfrage an die Kontakt-Stelle haben.\n* Wenn Sie eine Anfrage an die Kontakt-Stelle haben.\n* Wenn Sie eine Anfrage an die Kontakt-Stelle haben.\n* Wenn Sie eine Anfrage an die Kontakt-Stelle haben.\n* Wenn Sie eine Anfrage an die Kontakt-Stelle haben.\n* Wenn Sie eine Anfrage an die Kontakt-Stelle haben.\n* Wenn Sie eine Anfrage an die Kontakt-Stelle haben.\n* Wenn Sie eine Anfrage an die Kontakt-Stelle haben.\n* Wenn Sie eine Anfrage an die Kontakt-Stelle haben.\n* Wenn Sie eine Anfrage an die Kontakt-Stelle haben.\n* Wenn Sie eine Anfrage an die Kontakt-Stelle haben.\n* Wenn Sie eine Anfrage an die Kontakt-Stelle haben.\n* Wenn Sie eine Anfrage an die Kontakt-Stelle haben.\n* Wenn Sie eine Anfrage an die Kontakt-Stelle haben.\n* Wenn Sie eine Anfrage an die Kontakt-Stelle haben.\n* Wenn Sie eine Anfrage an die Kontakt-Stelle haben.\n* Wenn Sie eine Anfrage an die Kontakt-Stelle haben.\n* Wenn Sie eine Anfrage an die Kontakt-Stelle haben.\n* Wenn Sie eine Anfrage an die Kontakt-Stelle haben.\n* Wenn Sie eine Anfrage an die Kontakt-Stelle haben.\n* Wenn Sie eine Anfrage an die Kontakt-Stelle haben.\n* Wenn Sie eine Anfrage an die Kontakt-Stelle haben.\n* Wenn Sie eine Anfrage an die Kontakt-Stelle haben.\n* Wenn Sie eine Anfrage an die Kontakt-Stelle haben.\n* Wenn Sie eine Anfrage an die Kontakt-Stelle haben.\n* Wenn Sie eine Anfrage an die Kontakt-Stelle haben.\n* Wenn Sie eine Anfrage an die Kontakt-Stelle haben.\n* Wenn Sie eine Anfrage an die Kontakt-Stelle haben.\n* Wenn Sie eine Anfrage an die Kontakt-Stelle haben.\n* Wenn Sie eine Anfrage an die Kontakt-Stelle haben.\n* Wenn Sie eine Anfrage an die Kontakt-Stelle haben.\n* Wenn Sie eine Anfrage an die Kontakt-Stelle haben.\n* Wenn Sie eine Anfrage an die Kontakt-Stelle haben.\n* Wenn Sie eine Anfrage an die Kontakt-Stelle haben.\n* Wenn Sie eine Anfrage an die Kontakt-Stelle haben.\n* Wenn Sie eine Anfrage an die Kontakt-Stelle haben.\n* Wenn Sie eine Anfrage an die Kontakt-Stelle haben.\n* Wenn Sie eine Anfrage an die Kontakt-Stelle haben.\n* Wenn Sie eine Anfrage an die Kontakt-Stelle haben.\n* Wenn Sie eine Anfrage an die Kontakt-Stelle haben.\n* Wenn Sie eine Anfrage an die Kontakt-Stelle haben.\n* Wenn Sie eine Anfrage an die Kontakt-Stelle haben.\n* Wenn Sie eine Anfrage an die Kontakt-Stelle haben.\n* Wenn Sie eine Anfrage an die Kontakt-Stelle haben.\n* Wenn Sie eine Anfrage an die Kontakt-Stelle haben.\n* Wenn Sie eine Anfrage an die Kontakt-Stelle haben.\n* Wenn Sie eine Anfrage an die Kontakt-Stelle haben.\n* Wenn Sie eine Anfrage an die Kontakt-Stelle haben.\n* Wenn Sie eine Anfrage an die Kontakt-Stelle haben.\n* Wenn Sie eine Anfrage an die Kontakt-Stelle haben.\n* Wenn Sie eine Anfrage an die Kontakt-Stelle haben.\n* Wenn Sie eine Anfrage an die Kontakt-Stelle haben.\n* Wenn Sie eine Anfrage an die Kontakt-Stelle haben.\n* Wenn Sie eine Anfrage an die Kontakt-Stelle haben.\n* Wenn Sie eine Anfrage an die Kontakt-Stelle haben.\n* Wenn Sie eine Anfrage an die Kontakt-Stelle haben.\n* Wenn Sie eine Anfrage an die Kontakt-Stelle haben.\n* Wenn Sie eine Anfrage an die Kontakt-Stelle haben.\n* Wenn Sie eine Anfrage an die Kontakt-Stelle haben.\n* Wenn Sie eine Anfrage an die Kontakt-Stelle haben.\n* Wenn Sie eine Anfrage an die Kontakt-Stelle haben.\n* Wenn Sie eine Anfrage an die Kontakt-Stelle haben.\n* Wenn Sie eine Anfrage an die Kontakt-Stelle haben.\n* Wenn Sie eine Anfrage an die Kontakt-Stelle haben.\n* Wenn Sie eine Anfrage an die Kontakt-Stelle haben.\n* Wenn Sie eine Anfrage an die Kontakt-Stelle haben.\n* Wenn Sie eine Anfrage an die Kontakt-Stelle haben.\n* Wenn Sie eine Anfrage an die Kontakt-Stelle haben.\n* Wenn Sie eine Anfrage an die Kontakt-Stelle haben.\n* Wenn Sie eine Anfrage an die Kontakt-Stelle haben.\n* Wenn Sie eine Anfrage an die Kontakt-Stelle haben.\n* Wenn Sie eine Anfrage an die Kontakt-Stelle haben.\n* Wenn Sie eine Anfrage an die Kontakt-Stelle haben.\n* Wenn Sie eine Anfrage an die Kontakt-Stelle haben.\n* Wenn Sie eine Anfrage an die Kontakt-Stelle haben.\n* Wenn Sie eine Anfrage an die Kontakt-Stelle haben.\n* Wenn Sie eine Anfrage an die Kontakt-Stelle haben.\n* Wenn Sie eine Anfrage an die Kontakt-Stelle haben.\n* Wenn Sie eine Anfrage an die Kontakt-Stelle haben.\n* Wenn Sie eine Anfrage an die Kontakt-Stelle haben.\n* Wenn Sie eine Anfrage an die Kontakt-Stelle haben.\n* Wenn Sie eine Anfrage an die Kontakt-Stelle haben.\n* Wenn Sie eine Anfrage an die Kontakt-Stelle haben.\n* Wenn Sie eine Anfrage an die Kontakt-Stelle haben.\n* Wenn Sie eine Anfrage an die Kontakt-Stelle haben.\n* Wenn Sie eine Anfrage an die Kontakt-Stelle haben.\n* Wenn Sie eine Anfrage an die Kontakt-Stelle haben.\n* Wenn Sie eine Anfrage an die Kontakt-Stelle haben.\n* Wenn Sie eine Anfrage an die Kontakt-Stelle haben.\n* Wenn Sie eine Anfrage an die Kontakt-Stelle haben.\n* Wenn Sie eine Anfrage an die Kontakt-Stelle haben.\n* Wenn Sie eine Anfrage an die Kontakt-Stelle haben.\n* Wenn Sie eine Anfrage an die Kontakt-Stelle haben.\n* Wenn Sie eine Anfrage an die Kontakt-Stelle haben.\n* Wenn Sie eine Anfrage an die Kontakt-Stelle haben.\n* Wenn Sie eine Anfrage an die Kontakt-Stelle haben.\n* Wenn Sie eine Anfrage an die Kontakt-Stelle haben.\n* Wenn Sie eine Anfrage an die Kontakt-Stelle haben.\n* Wenn Sie eine Anfrage an die Kontakt-Stelle haben.\n* Wenn Sie eine Anfrage an die Kontakt-Stelle haben.\n* Wenn Sie eine Anfrage an die Kontakt-Stelle haben.\n* Wenn Sie eine Anfrage an die Kontakt-Stelle haben.\n* Wenn Sie eine Anfrage an die Kontakt-Stelle haben.\n* Wenn Sie eine Anfrage an die Kontakt-Stelle haben.\n* Wenn Sie eine Anfrage an die Kontakt-Stelle haben.\n* Wenn Sie eine Anfrage an die Kontakt-Stelle haben.\n* Wenn Sie eine Anfrage an die Kontakt-Stelle haben.\n* Wenn Sie eine Anfrage an die Kontakt-Stelle haben.\n* Wenn Sie eine Anfrage an die Kontakt-Stelle haben.\n* Wenn Sie eine Anfrage an die Kontakt-Stelle haben.\n* Wenn Sie eine Anfrage an die Kontakt-Stelle haben.\n* Wenn Sie eine Anfrage an die Kontakt-Stelle haben.\n* Wenn Sie eine Anfrage an die Kontakt-Stelle haben.\n* Wenn Sie eine Anfrage an die Kontakt-Stelle haben.\n* Wenn Sie eine Anfrage an die Kontakt-Stelle haben.\n* Wenn Sie eine Anfrage an die Kontakt-Stelle haben.\n* Wenn Sie eine Anfrage an die Kontakt-Stelle haben.\n* Wenn Sie eine Anfrage an die Kontakt-Stelle haben.\n* Wenn Sie eine Anfrage an die Kontakt-Stelle haben.\n* Wenn Sie eine Anfrage an die Kontakt-Stelle haben.\n* Wenn Sie eine Anfrage an die Kontakt-Stelle haben.\n* Wenn Sie eine Anfrage an die Kontakt-Stelle haben.\n* Wenn Sie eine Anfrage an die Kontakt-Stelle haben.\n* Wenn Sie eine Anfrage an die Kontakt-Stelle haben.\n* Wenn Sie eine Anfrage an die Kontakt-Stelle haben.\n* Wenn Sie eine Anfrage an die Kontakt-Stelle haben.\n* Wenn Sie eine Anfrage an die Kontakt-Stelle haben.\n* Wenn Sie eine Anfrage an die Kontakt-Stelle haben.\n* Wenn Sie eine Anfrage an die Kontakt-Stelle haben.\n* Wenn Sie eine Anfrage an die Kontakt-Stelle haben.\n* Wenn Sie eine Anfrage an die Kontakt-Stelle haben.\n* Wenn Sie eine Anfrage an die Kontakt-Stelle haben.\n* Wenn Sie eine Anfrage an die Kontakt-Stelle haben.\n* Wenn Sie eine Anfrage an die Kontakt-Stelle haben.\n* Wenn Sie eine Anfrage an die Kontakt-Stelle haben.\n* Wenn Sie eine Anfrage an die Kontakt-Stelle haben.\n* Wenn Sie eine Anfrage an die Kontakt-Stelle haben.\n* Wenn Sie eine Anfrage an die Kontakt-Stelle haben.\n* Wenn Sie eine Anfrage an die Kontakt-Stelle haben.\n* Wenn Sie eine Anfrage an die Kontakt-Stelle haben.\n* Wenn Sie eine Anfrage an die Kontakt-Stelle haben.\n* Wenn Sie eine Anfrage an die Kontakt-Stelle haben.\n* Wenn Sie eine Anfrage an die Kontakt-Stelle haben.\n* Wenn Sie eine Anfrage an die Kontakt-Stelle haben.\n* Wenn Sie eine Anfrage an die Kontakt-Stelle haben.\n* Wenn Sie eine Anfrage an die Kontakt-Stelle haben.\n* Wenn Sie eine Anfrage an die Kontakt-Stelle haben.\n* Wenn Sie eine Anfrage an die Kontakt-Stelle haben.\n* Wenn Sie eine Anfrage an die Kontakt-Stelle haben.\n* Wenn Sie eine Anfrage an die Kontakt-Stelle haben.\n* Wenn Sie eine Anfrage an die Kontakt-Stelle haben.\n* Wenn Sie eine Anfrage an die Kontakt-Stelle haben.\n* Wenn Sie eine Anfrage an die Kontakt-Stelle haben.\n* Wenn Sie eine Anfrage an die Kontakt-Stelle haben.\n* Wenn Sie eine Anfrage an die Kontakt-Stelle haben.\n* Wenn Sie eine Anfrage an die Kontakt-Stelle haben.\n* Wenn Sie eine Anfrage an die Kontakt-Stelle haben.\n* Wenn Sie eine Anfrage an die Kontakt-Stelle haben.\n* Wenn Sie eine Anfrage an die Kontakt-Stelle haben.\n* Wenn Sie eine Anfrage an die Kontakt-Stelle haben.\n* Wenn Sie eine Anfrage an die Kontakt-Stelle haben.\n* Wenn Sie eine Anfrage an die Kontakt-Stelle haben.\n* Wenn Sie eine Anfrage an die Kontakt-Stelle haben.\n* Wenn Sie eine Anfrage an die Kontakt-Stelle haben.\n* Wenn Sie eine Anfrage an die Kontakt-Stelle haben.\n* Wenn Sie eine Anfrage an die Kontakt-Stelle haben.\n* Wenn Sie eine Anfrage an die Kontakt-Stelle haben.\n* Wenn Sie eine Anfrage an die Kontakt-Stelle haben.\n* Wenn Sie eine Anfrage an die Kontakt-Stelle haben.\n* Wenn Sie eine Anfrage an die Kontakt-Stelle haben.\n* Wenn Sie eine Anfrage an die Kontakt-Stelle haben.\n* Wenn Sie eine Anfrage an die Kontakt-Stelle haben.\n* Wenn Sie eine Anfrage an die Kontakt-Stelle haben.\n* Wenn Sie eine Anfrage an die Kontakt-Stelle haben.\n* Wenn Sie eine Anfrage an die Kontakt-Stelle haben.\n* Wenn Sie eine Anfrage an die Kontakt-Stelle haben.\n* Wenn Sie eine Anfrage an die Kontakt-Stelle haben.\n* Wenn Sie eine Anfrage an die Kontakt-Stelle haben.\n* Wenn Sie eine Anfrage an die Kontakt-Stelle haben.\n* Wenn Sie eine Anfrage an die Kontakt-Stelle haben.\n* Wenn Sie eine Anfrage an die Kontakt-Stelle haben.\n* Wenn Sie eine Anfrage an die Kontakt-Stelle haben.\n* Wenn Sie eine Anfrage an die Kontakt-Stelle haben.\n* Wenn Sie eine Anfrage an die Kontakt-Stelle haben.\n* Wenn Sie eine Anfrage an die Kontakt-Stelle haben.\n* Wenn Sie eine Anfrage an die Kontakt-Stelle haben.\n* Wenn Sie eine Anfrage an die Kontakt-Stelle haben.\n* Wenn Sie eine Anfrage an die Kontakt-Stelle haben.\n* Wenn Sie eine Anfrage an die Kontakt-Stelle haben.\n* Wenn Sie eine Anfrage an die Kontakt-Stelle haben.\n* Wenn Sie eine Anfrage an die Kontakt-Stelle haben.\n* Wenn Sie eine Anfrage an die Kontakt-Stelle haben.\n* Wenn Sie eine Anfrage an die Kontakt-Stelle haben.\n* Wenn Sie eine Anfrage an die Kontakt-Stelle haben.\n* Wenn Sie eine Anfrage an die Kontakt-Stelle haben.\n* Wenn Sie eine Anfrage an die Kontakt-Stelle haben.\n* Wenn Sie eine Anfrage an die Kontakt-Stelle haben.\n* Wenn Sie eine Anfrage an die Kontakt-Stelle haben.\n* Wenn Sie eine Anfrage an die Kontakt-Stelle haben.\n* Wenn Sie eine Anfrage an die Kontakt-Stelle haben.\n* Wenn Sie eine Anfrage an die Kontakt-Stelle haben.\n* Wenn Sie eine Anfrage an die Kontakt-Stelle haben.\n* Wenn Sie eine Anfrage an die Kontakt-Stelle haben.\n* Wenn Sie eine Anfrage an die Kontakt-Stelle haben.\n* Wenn Sie eine Anfrage an die Kontakt-Stelle haben.\n* Wenn Sie eine Anfrage an die Kontakt-Stelle haben.\n* Wenn Sie eine Anfrage an die Kontakt-Stelle haben.\n* Wenn Sie eine Anfrage an die Kontakt-Stelle haben.\n* Wenn Sie eine Anfrage an die Kontakt-Stelle haben.\n* Wenn Sie eine Anfrage an die Kontakt-Stelle haben.\n* Wenn Sie eine Anfrage an die Kontakt-Stelle haben.\n* Wenn Sie eine Anfrage an die Kontakt-Stelle haben.\n* Wenn Sie eine Anfrage an die Kontakt-Stelle haben.\n* Wenn Sie eine Anfrage an die Kontakt-Stelle haben.\n* Wenn Sie eine Anfrage an die Kontakt-Stelle haben.\n* Wenn Sie eine Anfrage an die Kontakt-Stelle haben.\n* Wenn Sie eine Anfrage an die Kontakt-Stelle haben.\n* Wenn Sie eine Anfrage an die Kontakt-Stelle haben.\n* Wenn Sie eine Anfrage an die Kontakt-Stelle haben.\n* Wenn Sie eine Anfrage an die Kontakt-Stelle haben.\n* Wenn Sie eine Anfrage an die Kontakt-Stelle haben.\n* Wenn Sie eine Anfrage an die Kontakt-Stelle haben.\n* Wenn Sie eine Anfrage an die Kontakt-Stelle haben.\n* Wenn Sie eine Anfrage an die Kontakt-Stelle haben.\n* Wenn Sie eine Anfrage an die Kontakt-Stelle haben.\n* Wenn Sie eine Anfrage an die Kontakt-Stelle haben.\n* Wenn Sie eine Anfrage an die Kontakt-Stelle haben.\n* Wenn Sie eine Anfrage an die Kontakt-Stelle haben.\n* Wenn Sie eine Anfrage an die Kontakt-Stelle haben.\n* Wenn Sie eine Anfrage an die Kontakt-Stelle haben.\n* Wenn Sie eine Anfrage an die Kontakt-Stelle haben.\n* Wenn Sie eine Anfrage an die Kontakt-Stelle haben.\n* Wenn Sie eine Anfrage an die Kontakt-Stelle haben.\n* Wenn Sie eine Anfrage an die Kontakt-Stelle haben.\n* Wenn Sie eine Anfrage an die Kontakt-Stelle haben.\n* Wenn Sie eine Anfrage an die Kontakt-Stelle haben.\n* Wenn Sie eine Anfrage an die Kontakt-Stelle haben.\n* Wenn Sie eine Anfrage an die Kontakt-Stelle haben.\n* Wenn Sie eine Anfrage an die Kontakt-Stelle haben.\n* Wenn Sie eine Anfrage an die Kontakt-Stelle haben.\n* Wenn Sie eine Anfrage an die Kontakt-Stelle haben.\n* Wenn Sie eine Anfrage an die Kontakt-Stelle haben.\n* Wenn Sie eine Anfrage an die Kontakt-Stelle haben.\n* Wenn Sie eine Anfrage an die Kontakt-Stelle haben.\n* Wenn Sie eine Anfrage an die Kontakt-Stelle haben.\n* Wenn Sie eine Anfrage an die Kontakt-Stelle haben.\n* Wenn Sie eine Anfrage an die Kontakt-Stelle haben.\n* Wenn Sie eine Anfrage an die Kontakt-Stelle haben.\n* Wenn Sie eine Anfrage an die Kontakt-Stelle haben.\n* Wenn Sie eine Anfrage an die Kontakt-Stelle haben.\n* Wenn Sie eine Anfrage an die Kontakt-Stelle haben.\n* Wenn Sie eine Anfrage an die Kontakt-Stelle haben.\n* Wenn Sie eine Anfrage an die Kontakt-Stelle haben.\n* Wenn Sie eine Anfrage an die Kontakt-Stelle haben.\n* Wenn Sie eine Anfrage an die Kontakt-Stelle haben.\n* Wenn Sie eine Anfrage an die Kontakt-Stelle haben.\n* Wenn Sie eine Anfrage an die Kontakt-Stelle haben.\n* Wenn Sie eine Anfrage an die Kontakt-Stelle haben.\n* Wenn Sie eine Anfrage an die Kontakt-Stelle haben.\n* Wenn Sie eine Anfrage an die Kontakt-Stelle haben.\n* Wenn Sie eine Anfrage an die Kontakt-Stelle haben.\n* Wenn Sie eine Anfrage an die Kontakt-Stelle haben.\n* Wenn Sie eine Anfrage an die Kontakt-Stelle haben.\n* Wenn Sie eine Anfrage an die Kontakt-Stelle haben.\n* Wenn Sie eine Anfrage an die Kontakt-Stelle haben.\n* Wenn Sie eine Anfrage an die Kontakt-Stelle haben.\n* Wenn Sie eine Anfrage an die Kontakt-Stelle haben.\n* Wenn Sie eine Anfrage an die Kontakt-Stelle haben.\n* Wenn Sie eine Anfrage an die Kontakt-Stelle haben.\n* Wenn Sie eine Anfrage an die Kontakt-Stelle haben.\n* Wenn Sie eine Anfrage an die Kontakt-Stelle haben.\n* Wenn Sie eine Anfrage an die Kontakt-Stelle haben.\n* Wenn Sie eine Anfrage an die Kontakt-Stelle haben.\n* Wenn Sie eine Anfrage an die Kontakt-Stelle haben.\n* Wenn Sie eine Anfrage an die Kontakt-Stelle haben.\n* Wenn Sie eine Anfrage an die Kontakt-Stelle haben.\n* Wenn Sie eine Anfrage an die Kontakt-Stelle haben.\n* Wenn Sie eine Anfrage an die Kontakt-Stelle haben.\n* Wenn Sie eine Anfrage an die Kontakt-Stelle haben.\n* Wenn Sie eine Anfrage an die Kontakt-Stelle haben.\n* Wenn Sie eine Anfrage an die Kontakt-Stelle haben.\n* Wenn Sie eine Anfrage an die Kontakt-Stelle haben.\n* Wenn Sie eine Anfrage an die Kontakt-Stelle haben.\n* Wenn Sie eine Anfrage an die Kontakt-Stelle haben.\n* Wenn Sie eine Anfrage an die Kontakt-Stelle haben.\n* Wenn Sie eine Anfrage an die Kontakt-Stelle haben.\n* Wenn Sie eine Anfrage an die Kontakt-Stelle haben.\n* Wenn Sie eine Anfrage an die Kontakt-Stelle haben.\n* Wenn Sie eine Anfrage an die Kontakt-Stelle haben.\n* Wenn Sie eine Anfrage an die Kontakt-Stelle haben.\n* Wenn Sie eine Anfrage an die Kontakt-Stelle haben.\n* Wenn Sie eine Anfrage an die Kontakt-Stelle haben.\n* Wenn Sie eine Anfrage an die Kontakt-Stelle haben.\n* Wenn Sie eine Anfrage an die Kontakt-Stelle haben.\n* Wenn Sie
Wenn Ihre personenbezogenen Daten von der Landeshauptstadt München verarbeitet werden, können Sie als betroffene Person im Rahmen der gesetzlichen Regelungen von der Landeshauptstadt München Auskunft über die Sie betreffenden personenbezogenen Daten erhalten. Sind Daten unrichtig, so können Sie unter Umständen Berichtigung verlangen. Als betroffene Person haben Sie ferner unter bestimmten Voraussetzungen das gesetzliche Recht, die Daten löschen oder sperren zu lassen.;Sie haben das Recht auf Auskunft.\nDas bedeutet:\nSie können die Stadt München fragen:\nWelche Daten hat die Stadt München von mir?\nZum Beispiel:\n* Ihren Namen\n* Ihre Adresse\n* Ihre Telefon-Nummer\n* Ihre E-Mail-Adresse\n* Ihre Steuer-Nummer\n* Ihre Personal-Nummer\n* Ihre Personal-Ausweis-Nummer\n* Ihre Versicherungs-Nummer\n* Ihre Bank-Verbindungs-Nummer\n* Ihre Kfz-Nummer\n* Ihre Kfz-Versicherungs-Nummer\n* Ihre Kfz-Steuer-Nummer\n* Ihre Kfz-Haftpflicht-Nummer\n* Ihre Kfz-Haftpflicht-Versicherungs-Nummer\n* Ihre Kfz-Haftpflicht-Steuer-Nummer\n* Ihre Kfz-Haftpflicht-Haftpflicht-Nummer\n* Ihre Kfz-Haftpflicht-Haftpflicht-Versicherungs-Nummer\n* Ihre Kfz-Haftpflicht-Haftpflicht-Steuer-Nummer\n* Ihre Kfz-Haftpflicht-Haftpflicht-Haftpflicht-Nummer\n* Ihre Kfz-Haftpflicht-Haftpflicht-Haftpflicht-Versicherungs-Nummer\n* Ihre Kfz-Haftpflicht-Haftpflicht-Haftpflicht-Steuer-Nummer\n* Ihre Kfz-Haftpflicht-Haftpflicht-Haftpflicht-Haftpflicht-Nummer\n* Ihre Kfz-Haftpflicht-Haftpflicht-Haftpflicht-Haftpflicht-Versicherungs-Nummer\n* Ihre Kfz-Haftpflicht-Haftpflicht-Haftpflicht-Haftpflicht-Steuer-Nummer\n* Ihre Kfz-Haftpflicht-Haftpflicht-Haftpflicht-Haftpflicht-Haftpflicht-Nummer\n* Ihre Kfz-Haftpflicht-Haftpflicht-Haftpflicht-Haftpflicht-Versicherungs-Nummer\n* Ihre Kfz-Haftpflicht-Haftpflicht-Haftpflicht-Haftpflicht-Steuer-Nummer\n* Ihre Kfz-Haftpflicht-Haftpflicht-Haftpflicht-Haftpflicht-Haftpflicht-Nummer\n* Ihre Kfz-Haftpflicht-Haftpflicht-Haftpflicht-Haftpflicht-Versicherungs-Nummer\n* Ihre Kfz-Haftpflicht-Haftpflicht-Haftpflicht-Haftpflicht-Steuer-Nummer\n* Ihre Kfz-Haftpflicht-Haftpflicht-Haftpflicht-Haftpflicht-Haftpflicht-Nummer\n* Ihre Kfz-Haftpflicht-Haftpflicht-Haftpflicht-Haftpflicht-Versicherungs-Nummer\n* Ihre Kfz-Haftpflicht-Haftpflicht-Haftpflicht-Haftpflicht-Steuer-Nummer\n* Ihre Kfz-Haftpflicht-Haftpflicht-Haftpflicht-Haftpflicht-Haftpflicht-Nummer\n* Ihre Kfz-Haftpflicht-Haftpflicht-Haftpflicht-Haftpflicht-Versicherungs-Nummer\n* Ihre Kfz-Haftpflicht-Haftpflicht-Haftpflicht-Haftpflicht-Steuer-Nummer\n* Ihre Kfz-Haftpflicht-Haftpflicht-Haftpflicht-Haftpflicht-Haftpflicht-Nummer\n* Ihre Kfz-Haftpflicht-Haftpflicht-Haftpflicht-Haftpflicht-Versicherungs-Nummer\n* Ihre Kfz-Haftpflicht-Haftpflicht-Haftpflicht-Haftpflicht-Steuer-Nummer\n* Ihre Kfz-Haftpflicht-Haftpflicht-Haftpflicht-Haftpflicht-Haftpflicht-Nummer\n* Ihre Kfz-Haftpflicht-Haftpflicht-Haftpflicht-Haftpflicht-Versicherungs-Nummer\n* Ihre Kfz-Haftpflicht-Haftpflicht-Haftpflicht-Haftpflicht-Steuer-Nummer\n* Ihre Kfz-Haftpflicht-Haftpflicht-Haftpflicht-Haftpflicht-Haftpflicht-Nummer\n* Ihre Kfz-Haftpflicht-Haftpflicht-Haftpflicht-Haftpflicht-Versicherungs-Nummer\n* Ihre Kfz-Haftpflicht-Haftpflicht-Haftpflicht-Haftpflicht-Steuer-Nummer\n* Ihre Kfz-Haftpflicht-Haftpflicht-Haftpflicht-Haftpflicht-Haftpflicht-Nummer\n* Ihre Kfz-Haftpflicht-Haftpflicht-Haftpflicht-Haftpflicht-Versicherungs-Nummer\n* Ihre Kfz-Haftpflicht-Haftpflicht-Haftpflicht-Haftpflicht-Steuer-Nummer\n* Ihre Kfz-Haftpflicht-Haftpflicht-Haftpflicht-Haftpflicht-Haftpflicht-Nummer\n* Ihre Kfz-Haftpflicht-Haftpflicht-Haftpflicht-Haftpflicht-Versicherungs-Nummer\n* Ihre Kfz-Haftpflicht-Haftpflicht-Haftpflicht-Haftpflicht-Steuer-Nummer\n* Ihre Kfz-Haftpflicht-Haftpflicht-Haftpflicht-Haftpflicht-Haftpflicht-Nummer\n* Ihre Kfz-Haftpflicht-Haftpflicht-Haftpflicht-Haftpflicht-Versicherungs-Nummer\n* Ihre Kfz-Haftpflicht-Haftpflicht-Haftpflicht-Haftpflicht-Steuer-Nummer\n* Ihre Kfz-Haftpflicht-Haftpflicht-Haftpflicht-Haftpflicht-Haftpflicht-Nummer\n* Ihre Kfz-Haftpflicht-Haftpflicht-Haftpflicht-Haftpflicht-Versicherungs-Nummer\n* Ihre Kfz-Haftpflicht-Haftpflicht-Haftpflicht-Haftpflicht-Steuer-Nummer\n* Ihre Kfz-Haftpflicht-Haftpflicht-Haftpflicht-Haftpflicht-Haftpflicht-Nummer\n* Ihre Kfz-Haftpflicht-Haftpflicht-Haftpflicht-Haftpflicht-Versicherungs-Nummer\n* Ihre Kfz-Haftpflicht-Haftpflicht-Haftpflicht-Haftpflicht-Steuer-Nummer\n* Ihre Kfz-Haftpflicht-Haftpflicht-Haftpflicht-Haftpflicht-Haftpflicht-Nummer\n* Ihre Kfz-Haftpflicht-Haftpflicht-Haftpflicht-Haftpflicht-Versicherungs-Nummer\n* Ihre Kfz-Haftpflicht-Haftpflicht-Haftpflicht-Haftpflicht-Steuer-Nummer\n* Ihre Kfz-Haftpflicht-Haftpflicht-Haftpflicht-Haftpflicht-Haftpflicht-Nummer\n* Ihre Kfz-Haftpflicht-Haftpflicht-Haftpflicht-Haftpflicht-Versicherungs-Nummer\n* Ihre Kfz-Haftpflicht-Haftpflicht-Haftpflicht-Haftpflicht-Steuer-Nummer\n* Ihre Kfz-Haftpflicht-Haftpflicht-Haftpflicht-Haftpflicht-Haftpflicht-Nummer\n* Ihre Kfz-Haftpflicht-Haftpflicht-Haftpflicht-Haftpflicht-Versicherungs-Nummer\n* Ihre Kfz-Haftpflicht-Haftpflicht-Haftpflicht-Haftpflicht-Steuer-Nummer\n* Ihre Kfz-Haftpflicht-Haftpflicht-Haftpflicht-Haftpflicht-Haftpflicht-Nummer\n* Ihre Kfz-Haftpflicht-Haftpflicht-Haftpflicht-Haftpflicht-Versicherungs-Nummer\n* Ihre Kfz-Haftpflicht-Haftpflicht-Haftpflicht-Haftpflicht-Steuer-Nummer\n* Ihre Kfz-Haftpflicht-Haftpflicht-Haftpflicht-Haftpflicht-Haftpflicht-Nummer\n* Ihre Kfz-Haftpflicht-Haftpflicht-Haftpflicht-Haftpflicht-Versicherungs-Nummer\n* Ihre Kfz-Haftpflicht-Haftpflicht-Haftpflicht-Haftpflicht-Steuer-Nummer\n* Ihre Kfz-Haftpflicht-Haftpflicht-Haftpflicht-Haftpflicht-Haftpflicht-Nummer\n* Ihre Kfz-Haftpflicht-Haftpflicht-Haftpflicht-Haftpflicht-Versicherungs-Nummer\n* Ihre Kfz-Haftpflicht-Haftpflicht-Haftpflicht-Haftpflicht-Steuer-Nummer\n* Ihre Kfz-Haftpflicht-Haftpflicht-Haftpflicht-Haftpflicht-Haftpflicht-Nummer\n* Ihre Kfz-Haftpflicht-Haftpflicht-Haftpflicht-Haftpflicht-Versicherungs-Nummer\n* Ihre Kfz-Haftpflicht-Haftpflicht-Haftpflicht-Haftpflicht-Steuer-Nummer\n* Ihre Kfz-Haftpflicht-Haftpflicht-Haftpflicht-Haftpflicht-Haftpflicht-Nummer\n* Ihre Kfz-Haftpflicht-Haftpflicht-Haftpflicht-Haftpflicht-Versicherungs-Nummer\n* Ihre Kfz-Haftpflicht-Haftpflicht-Haftpflicht-Haftpflicht-Steuer-Nummer\n* Ihre Kfz-Haftpflicht-Haftpflicht-Haftpflicht-Haftpflicht-Haftpflicht-Nummer\n* Ihre Kfz-Haftpflicht-Haftpflicht-Haftpflicht-Haftpflicht-Versicherungs-Nummer\n* Ihre Kfz-Haftpflicht-Haftpflicht-Haftpflicht-Haftpflicht-Steuer-Nummer\n* Ihre Kfz-Haftpflicht-Haftpflicht-Haftpflicht-Haftpflicht-Haftpflicht-Nummer\n* Ihre Kfz-Haftpflicht-Haftpflicht-Haftpflicht-Haftpflicht-Versicherungs-Nummer\n* Ihre Kfz-Haftpflicht-Haftpflicht-Haftpflicht-Haftpflicht-Steuer-Nummer\n* Ihre Kfz-Haftpflicht-Haftpflicht-Haftpflicht-Haftpflicht-Haftpflicht-Nummer\n* Ihre Kfz-Haftpflicht-Haftpflicht-Haftpflicht-Haftpflicht-Versicherungs-Nummer\n* Ihre Kfz-Haftpflicht-Haftpflicht-Haftpflicht-Haftpflicht-Steuer-Nummer\n* Ihre Kfz-Haftpflicht-Haftpflicht-Haftpflicht-Haftpflicht-Haftpflicht-Nummer\n* Ihre Kfz-Haftpflicht-Haftpflicht-Haftpflicht-Haftpflicht-Versicherungs-Nummer\n* Ihre Kfz-Haftpflicht-Haftpflicht-Haftpflicht-Haftpflicht-Steuer-Nummer\n* Ihre Kfz-Haftpflicht-Haftpflicht-Haftpflicht-Haftpflicht-Haftpflicht-Nummer\n* Ihre Kfz-Haftpflicht-Haftpflicht-Haftpflicht-Haftpflicht-Versicherungs-Nummer\n* Ihre Kfz-Haftpflicht-Haftpflicht-Haftpflicht-Haftpflicht-Steuer-Nummer\n* Ihre Kfz-Haftpflicht-Haftpflicht-Haftpflicht-Haftpflicht-Haftpflicht-Nummer\n* Ihre Kfz-Haftpflicht-Haftpflicht-Haftpflicht-Haftpflicht-Versicherungs-Nummer\n* Ihre Kfz-Haftpflicht-Haftpflicht-Haftpflicht-Haftpflicht-Steuer-Nummer\n* Ihre Kfz-Haftpflicht-Haftpflicht-Haftpflicht-Haftpflicht-Haftpflicht-Nummer\n* Ihre Kfz-Haftpflicht-Haftpflicht-Haftpflicht-Haftpflicht-Versicherungs-Nummer\n* Ihre Kfz-Haftpflicht-Haftpflicht-Haftpflicht-Haftpflicht-Steuer-Nummer\n* Ihre Kfz-Haftpflicht-Haftpflicht-Haftpflicht-Haftpflicht-Haftpflicht-Nummer\n* Ihre Kfz-Haftpflicht-Haftpflicht-Haftpflicht-Haftpflicht-Versicherungs-Nummer\n* Ihre Kfz-Haftpflicht-Haftpflicht-Haftpflicht-Haftpflicht-Steuer-Nummer\n* Ihre Kfz-Haftpflicht-Haftpflicht-Haftpflicht-Haftpflicht-Haftpflicht-Nummer\n* Ihre Kfz-Haftpflicht-Haftpflicht-Haftpflicht-Haftpflicht-Versicherungs-Nummer\n* Ihre Kfz-Haftpflicht-Haftpflicht-Haftpflicht-Haftpflicht-Steuer-Nummer\n* Ihre Kfz-Haftpflicht-Haftpflicht-Haftpflicht-Haftpflicht-Haftpflicht-Nummer\n* Ihre Kfz-Haftpflicht-Haftpflicht-Haftpflicht-Haftpflicht-Versicherungs-Nummer\n* Ihre Kfz-Haftpflicht-Haftpflicht-Haftpflicht-Haftpflicht-Steuer-Nummer\n* Ihre Kfz-Haftpflicht-Haftpflicht-Haftpflicht-Haftpflicht-Haftpflicht-Nummer\n* Ihre Kfz-Haftpflicht-Haftpflicht-Haftpflicht-Haftpflicht-Versicherungs-Nummer\n* Ihre Kfz-Haftpflicht-Haftpflicht-Haftpflicht-Haftpflicht-Steuer-Nummer\n* Ihre Kfz-Haftpflicht-Haftpflicht-Haftpflicht-Haftpflicht-Haftpflicht-Nummer\n* Ihre Kfz-Haftpflicht-Haftpflicht-Haftpflicht-Haftpflicht-Versicherungs-Nummer\n* Ihre Kfz-Haftpflicht-Haftpflicht-Haftpflicht-Haftpflicht-Steuer-Nummer\n* Ihre Kfz-Haftpflicht-Haftpflicht-Haftpflicht-Haftpflicht-Haftpflicht-Nummer\n* Ihre Kfz-Haftpflicht-Haftpflicht-Haftpflicht-Haftpflicht-Versicherungs-Nummer\n* Ihre Kfz-Haftpflicht-Haftpflicht-Haftpflicht-Haftpflicht-Steuer-Nummer\n* Ihre Kfz-Haftpflicht-Haftpflicht-Haftpflicht-Haftpflicht-Haftpflicht-Nummer\n* Ihre Kfz-Haftpflicht-Haftpflicht-Haftpflicht-Haftpflicht-Versicherungs-Nummer\n* Ihre Kfz-Haftpflicht-Haftpflicht-Haftpflicht-Haftpflicht-Steuer-Nummer\n* Ihre Kfz-Haftpflicht-Haftpflicht-Haftpflicht-Haftpflicht-Haftpflicht-Nummer\n* Ihre Kfz-Haftpflicht-Haftpflicht-Haftpflicht-Haftpflicht-Versicherungs-Nummer\n* Ihre Kfz-Haftpflicht-Haftpflicht-Haftpflicht-Haftpflicht-Steuer-Nummer\n* Ihre Kfz-Haftpflicht-Haftpflicht-Haftpflicht-Haftpflicht-Haftpflicht-Nummer\n* Ihre Kfz-Haftpflicht-Haftpflicht-Haftpflicht-Haftpflicht-Versicherungs-Nummer\n* Ihre Kfz-Haftpflicht-Haftpflicht-Haftpflicht-Haftpflicht-Steuer-Nummer\n* Ihre Kfz-Haftpflicht-Haftpflicht-Haftpflicht-Haftpflicht-Haftpflicht-Nummer\n* Ihre Kfz-Haftpflicht-Haftpflicht-Haftpflicht-Haftpflicht-Versicherungs-Nummer\n* Ihre Kfz-Haftpflicht-Haftpflicht-Haftpflicht-Haftpflicht-Steuer-Nummer\n* Ihre Kfz-Haftpflicht
In der Stadt-Information im Rathaus erhalten Sie neben Printmedien, Rat und Hilfeleistung verschiedenster Art.;In der Stadt-Information im Rathaus bekommen Sie Hilfe.\nZum Beispiel:\n* Sie können sich Informations-Material holen.\n* Sie können sich beraten lassen.\n  Beraten lassen bedeutet:\n  Sie bekommen von einem Mitarbeiter oder einer Mitarbeiterin Informationen.\n  Die Informationen sind gut verständlich.\n  Die Informationen sind so, dass Sie sie gut gebrauchen können.\n  Zum Beispiel:\n  Sie wollen wissen:\n  Wie komme ich mit dem Bus zum Rathaus?\n  Dann sagt Ihnen der Mitarbeiter oder die Mitarbeiterin das.\n  Und der Mitarbeiter oder die Mitarbeiterin sagt Ihnen das so, dass Sie es gut verstehen.\n  Und der Mitarbeiter oder die Mitarbeiterin sagt Ihnen das so, dass Sie es gut gebrauchen können.\n  Zum Beispiel:\n  Sie wollen wissen:\n  Wann hat die Stadt-Information im Rathaus geöffnet?\n  Dann sagt Ihnen der Mitarbeiter oder die Mitarbeiterin das.\n  Und der Mitarbeiter oder die Mitarbeiterin sagt Ihnen das so, dass Sie es gut verstehen.\n  Und der Mitarbeiter oder die Mitarbeiterin sagt Ihnen das so, dass Sie es gut gebrauchen können.\n* Sie können sich beraten lassen.\n  Beraten lassen bedeutet:\n  Sie bekommen von einem Mitarbeiter oder einer Mitarbeiterin Informationen.\n  Die Informationen sind gut verständlich.\n  Die Informationen sind so, dass Sie sie gut gebrauchen können.\n  Zum Beispiel:\n  Sie wollen wissen:\n  Wie komme ich mit dem Bus zum Rathaus?\n  Dann sagt Ihnen der Mitarbeiter oder die Mitarbeiterin das.\n  Und der Mitarbeiter oder die Mitarbeiterin sagt Ihnen das so, dass Sie es gut verstehen.\n  Und der Mitarbeiter oder die Mitarbeiterin sagt Ihnen das so, dass Sie es gut gebrauchen können.\n  Zum Beispiel:\n  Sie wollen wissen:\n  Wann hat die Stadt-Information im Rathaus geöffnet?\n  Dann sagt Ihnen der Mitarbeiter oder die Mitarbeiterin das.\n  Und der Mitarbeiter oder die Mitarbeiterin sagt Ihnen das so, dass Sie es gut verstehen.\n  Und der Mitarbeiter oder die Mitarbeiterin sagt Ihnen das so, dass Sie es gut gebrauchen können.\n* Sie können sich beraten lassen.\n  Beraten lassen bedeutet:\n  Sie bekommen von einem Mitarbeiter oder einer Mitarbeiterin Informationen.\n  Die Informationen sind gut verständlich.\n  Die Informationen sind so, dass Sie sie gut gebrauchen können.\n  Zum Beispiel:\n  Sie wollen wissen:\n  Wie komme ich mit dem Bus zum Rathaus?\n  Dann sagt Ihnen der Mitarbeiter oder die Mitarbeiterin das.\n  Und der Mitarbeiter oder die Mitarbeiterin sagt Ihnen das so, dass Sie es gut verstehen.\n  Und der Mitarbeiter oder die Mitarbeiterin sagt Ihnen das so, dass Sie es gut gebrauchen können.\n  Zum Beispiel:\n  Sie wollen wissen:\n  Wann hat die Stadt-Information im Rathaus geöffnet?\n  Dann sagt Ihnen der Mitarbeiter oder die Mitarbeiterin das.\n  Und der Mitarbeiter oder die Mitarbeiterin sagt Ihnen das so, dass Sie es gut verstehen.\n  Und der Mitarbeiter oder die Mitarbeiterin sagt Ihnen das so, dass Sie es gut gebrauchen können.\n* Sie können sich beraten lassen.\n  Beraten lassen bedeutet:\n  Sie bekommen von einem Mitarbeiter oder einer Mitarbeiterin Informationen.\n  Die Informationen sind gut verständlich.\n  Die Informationen sind so, dass Sie sie gut gebrauchen können.\n  Zum Beispiel:\n  Sie wollen wissen:\n  Wie komme ich mit dem Bus zum Rathaus?\n  Dann sagt Ihnen der Mitarbeiter oder die Mitarbeiterin das.\n  Und der Mitarbeiter oder die Mitarbeiterin sagt Ihnen das so, dass Sie es gut verstehen.\n  Und der Mitarbeiter oder die Mitarbeiterin sagt Ihnen das so, dass Sie es gut gebrauchen können.\n  Zum Beispiel:\n  Sie wollen wissen:\n  Wann hat die Stadt-Information im Rathaus geöffnet?\n  Dann sagt Ihnen der Mitarbeiter oder die Mitarbeiterin das.\n  Und der Mitarbeiter oder die Mitarbeiterin sagt Ihnen das so, dass Sie es gut verstehen.\n  Und der Mitarbeiter oder die Mitarbeiterin sagt Ihnen das so, dass Sie es gut gebrauchen können.\n* Sie können sich beraten lassen.\n  Beraten lassen bedeutet:\n  Sie bekommen von einem Mitarbeiter oder einer Mitarbeiterin Informationen.\n  Die Informationen sind gut verständlich.\n  Die Informationen sind so, dass Sie sie gut gebrauchen können.\n  Zum Beispiel:\n  Sie wollen wissen:\n  Wie komme ich mit dem Bus zum Rathaus?\n  Dann sagt Ihnen der Mitarbeiter oder die Mitarbeiterin das.\n  Und der Mitarbeiter oder die Mitarbeiterin sagt Ihnen das so, dass Sie es gut verstehen.\n  Und der Mitarbeiter oder die Mitarbeiterin sagt Ihnen das so, dass Sie es gut gebrauchen können.\n  Zum Beispiel:\n  Sie wollen wissen:\n  Wann hat die Stadt-Information im Rathaus geöffnet?\n  Dann sagt Ihnen der Mitarbeiter oder die Mitarbeiterin das.\n  Und der Mitarbeiter oder die Mitarbeiterin sagt Ihnen das so, dass Sie es gut verstehen.\n  Und der Mitarbeiter oder die Mitarbeiterin sagt Ihnen das so, dass Sie es gut gebrauchen können.\n* Sie können sich beraten lassen.\n  Beraten lassen bedeutet:\n  Sie bekommen von einem Mitarbeiter oder einer Mitarbeiterin Informationen.\n  Die Informationen sind gut verständlich.\n  Die Informationen sind so, dass Sie sie gut gebrauchen können.\n  Zum Beispiel:\n  Sie wollen wissen:\n  Wie komme ich mit dem Bus zum Rathaus?\n  Dann sagt Ihnen der Mitarbeiter oder die Mitarbeiterin das.\n  Und der Mitarbeiter oder die Mitarbeiterin sagt Ihnen das so, dass Sie es gut verstehen.\n  Und der Mitarbeiter oder die Mitarbeiterin sagt Ihnen das so, dass Sie es gut gebrauchen können.\n  Zum Beispiel:\n  Sie wollen wissen:\n  Wann hat die Stadt-Information im Rathaus geöffnet?\n  Dann sagt Ihnen der Mitarbeiter oder die Mitarbeiterin das.\n  Und der Mitarbeiter oder die Mitarbeiterin sagt Ihnen das so, dass Sie es gut verstehen.\n  Und der Mitarbeiter oder die Mitarbeiterin sagt Ihnen das so, dass Sie es gut gebrauchen können.\n* Sie können sich beraten lassen.\n  Beraten lassen bedeutet:\n  Sie bekommen von einem Mitarbeiter oder einer Mitarbeiterin Informationen.\n  Die Informationen sind gut verständlich.\n  Die Informationen sind so, dass Sie sie gut gebrauchen können.\n  Zum Beispiel:\n  Sie wollen wissen:\n  Wie komme ich mit dem Bus zum Rathaus?\n  Dann sagt Ihnen der Mitarbeiter oder die Mitarbeiterin das.\n  Und der Mitarbeiter oder die Mitarbeiterin sagt Ihnen das so, dass Sie es gut verstehen.\n  Und der Mitarbeiter oder die Mitarbeiterin sagt Ihnen das so, dass Sie es gut gebrauchen können.\n  Zum Beispiel:\n  Sie wollen wissen:\n  Wann hat die Stadt-Information im Rathaus geöffnet?\n  Dann sagt Ihnen der Mitarbeiter oder die Mitarbeiterin das.\n  Und der Mitarbeiter oder die Mitarbeiterin sagt Ihnen das so, dass Sie es gut verstehen.\n  Und der Mitarbeiter oder die Mitarbeiterin sagt Ihnen das so, dass Sie es gut gebrauchen können.\n* Sie können sich beraten lassen.\n  Beraten lassen bedeutet:\n  Sie bekommen von einem Mitarbeiter oder einer Mitarbeiterin Informationen.\n  Die Informationen sind gut verständlich.\n  Die Informationen sind so, dass Sie sie gut gebrauchen können.\n  Zum Beispiel:\n  Sie wollen wissen:\n  Wie komme ich mit dem Bus zum Rathaus?\n  Dann sagt Ihnen der Mitarbeiter oder die Mitarbeiterin das.\n  Und der Mitarbeiter oder die Mitarbeiterin sagt Ihnen das so, dass Sie es gut verstehen.\n  Und der Mitarbeiter oder die Mitarbeiterin sagt Ihnen das so, dass Sie es gut gebrauchen können.\n  Zum Beispiel:\n  Sie wollen wissen:\n  Wann hat die Stadt-Information im Rathaus geöffnet?\n  Dann sagt Ihnen der Mitarbeiter oder die Mitarbeiterin das.\n  Und der Mitarbeiter oder die Mitarbeiterin sagt Ihnen das so, dass Sie es gut verstehen.\n  Und der Mitarbeiter oder die Mitarbeiterin sagt Ihnen das so, dass Sie es gut gebrauchen können.\n* Sie können sich beraten lassen.\n  Beraten lassen bedeutet:\n  Sie bekommen von einem Mitarbeiter oder einer Mitarbeiterin Informationen.\n  Die Informationen sind gut verständlich.\n  Die Informationen sind so, dass Sie sie gut gebrauchen können.\n  Zum Beispiel:\n  Sie wollen wissen:\n  Wie komme ich mit dem Bus zum Rathaus?\n  Dann sagt Ihnen der Mitarbeiter oder die Mitarbeiterin das.\n  Und der Mitarbeiter oder die Mitarbeiterin sagt Ihnen das so, dass Sie es gut verstehen.\n  Und der Mitarbeiter oder die Mitarbeiterin sagt Ihnen das so, dass Sie es gut gebrauchen können.\n  Zum Beispiel:\n  Sie wollen wissen:\n  Wann hat die Stadt-Information im Rathaus geöffnet?\n  Dann sagt Ihnen der Mitarbeiter oder die Mitarbeiterin das.\n  Und der Mitarbeiter oder die Mitarbeiterin sagt Ihnen das so, dass Sie es gut verstehen.\n  Und der Mitarbeiter oder die Mitarbeiterin sagt Ihnen das so, dass Sie es gut gebrauchen können.\n* Sie können sich beraten lassen.\n  Beraten lassen bedeutet:\n  Sie bekommen von einem Mitarbeiter oder einer Mitarbeiterin Informationen.\n  Die Informationen sind gut verständlich.\n  Die Informationen sind so, dass Sie sie gut gebrauchen können.\n  Zum Beispiel:\n  Sie wollen wissen:\n  Wie komme ich mit dem Bus zum Rathaus?\n  Dann sagt Ihnen der Mitarbeiter oder die Mitarbeiterin das.\n  Und der Mitarbeiter oder die Mitarbeiterin sagt Ihnen das so, dass Sie es gut verstehen.\n  Und der Mitarbeiter oder die Mitarbeiterin sagt Ihnen das so, dass Sie es gut gebrauchen können.\n  Zum Beispiel:\n  Sie wollen wissen:\n  Wann hat die Stadt-Information im Rathaus geöffnet?\n  Dann sagt Ihnen der Mitarbeiter oder die Mitarbeiterin das.\n  Und der Mitarbeiter oder die Mitarbeiterin sagt Ihnen das so, dass Sie es gut verstehen.\n  Und der Mitarbeiter oder die Mitarbeiterin sagt Ihnen das so, dass Sie es gut gebrauchen können.\n* Sie können sich beraten lassen.\n  Beraten lassen bedeutet:\n  Sie bekommen von einem Mitarbeiter oder einer Mitarbeiterin Informationen.\n  Die Informationen sind gut verständlich.\n  Die Informationen sind so, dass Sie sie gut gebrauchen können.\n  Zum Beispiel:\n  Sie wollen wissen:\n  Wie komme ich mit dem Bus zum Rathaus?\n  Dann sagt Ihnen der Mitarbeiter oder die Mitarbeiterin das.\n  Und der Mitarbeiter oder die Mitarbeiterin sagt Ihnen das so, dass Sie es gut verstehen.\n  Und der Mitarbeiter oder die Mitarbeiterin sagt Ihnen das so, dass Sie es gut gebrauchen können.\n  Zum Beispiel:\n  Sie wollen wissen:\n  Wann hat die Stadt-Information im Rathaus geöffnet?\n  Dann sagt Ihnen der Mitarbeiter oder die Mitarbeiterin das.\n  Und der Mitarbeiter oder die Mitarbeiterin sagt Ihnen das so, dass Sie es gut verstehen.\n  Und der Mitarbeiter oder die Mitarbeiterin sagt Ihnen das so, dass Sie es gut gebrauchen können.\n* Sie können sich beraten lassen.\n  Beraten lassen bedeutet:\n  Sie bekommen von einem Mitarbeiter oder einer Mitarbeiterin Informationen.\n  Die Informationen sind gut verständlich.\n  Die Informationen sind so, dass Sie sie gut gebrauchen können.\n  Zum Beispiel:\n  Sie wollen wissen:\n  Wie komme ich mit dem Bus zum Rathaus?\n  Dann sagt Ihnen der Mitarbeiter oder die Mitarbeiterin das.\n  Und der Mitarbeiter oder die Mitarbeiterin sagt Ihnen das so, dass Sie es gut verstehen.\n  Und der Mitarbeiter oder die Mitarbeiterin sagt Ihnen das so, dass Sie es gut gebrauchen können.\n  Zum Beispiel:\n  Sie wollen wissen:\n  Wann hat die Stadt-Information im Rathaus geöffnet?\n  Dann sagt Ihnen der Mitarbeiter oder die Mitarbeiterin das.\n  Und der Mitarbeiter oder die Mitarbeiterin sagt Ihnen das so, dass Sie es gut verstehen.\n  Und der Mitarbeiter oder die Mitarbeiterin sagt Ihnen das so, dass Sie es gut gebrauchen können.\n* Sie können sich beraten lassen.\n  Beraten lassen bedeutet:\n  Sie bekommen von einem Mitarbeiter oder einer Mitarbeiterin Informationen.\n  Die Informationen sind gut verständlich.\n  Die Informationen sind so, dass Sie sie gut gebrauchen können.\n  Zum Beispiel:\n  Sie wollen wissen:\n  Wie komme ich mit dem Bus zum Rathaus?\n  Dann sagt Ihnen der Mitarbeiter oder die Mitarbeiterin das.\n  Und der Mitarbeiter oder die Mitarbeiterin sagt Ihnen das so, dass Sie es gut verstehen.\n  Und der Mitarbeiter oder die Mitarbeiterin sagt Ihnen das so, dass Sie es gut gebrauchen können.\n  Zum Beispiel:\n  Sie wollen wissen:\n  Wann hat die Stadt-Information im Rathaus geöffnet?\n  Dann sagt Ihnen der Mitarbeiter oder die Mitarbeiterin das.\n  Und der Mitarbeiter oder die Mitarbeiterin sagt Ihnen das so, dass Sie es gut verstehen.\n  Und der Mitarbeiter oder die Mitarbeiterin sagt Ihnen das so, dass Sie es gut gebrauchen können.\n* Sie können sich beraten lassen.\n  Beraten lassen bedeutet:\n  Sie bekommen von einem Mitarbeiter oder einer Mitarbeiterin Informationen.\n  Die Informationen sind gut verständlich.\n  Die Informationen sind so, dass Sie sie gut gebrauchen können.\n  Zum Beispiel:\n  Sie wollen wissen:\n  Wie komme ich mit dem Bus zum Rathaus?\n  Dann sagt Ihnen der Mitarbeiter oder die Mitarbeiterin das.\n  Und der Mitarbeiter oder die Mitarbeiterin sagt Ihnen das so, dass Sie es gut verstehen.\n  Und der Mitarbeiter oder die Mitarbeiterin sagt Ihnen das so, dass Sie es gut gebrauchen können.\n  Zum Beispiel:\n  Sie wollen wissen:\n  Wann hat die Stadt-Information im Rathaus geöffnet?\n  Dann sagt Ihnen der Mitarbeiter oder die Mitarbeiterin das.\n  Und der Mitarbeiter oder die Mitarbeiterin sagt Ihnen das so, dass Sie es gut verstehen.\n  Und der Mitarbeiter oder die Mitarbeiterin sagt Ihnen das so, dass Sie es gut gebrauchen können.\n* Sie können sich beraten lassen.\n  Beraten lassen bedeutet:\n  Sie bekommen von einem Mitarbeiter oder einer Mitarbeiterin Informationen.\n  Die Informationen sind gut verständlich.\n  Die Informationen sind so, dass Sie sie gut gebrauchen können.\n  Zum Beispiel:\n  Sie wollen wissen:\n  Wie komme ich mit dem Bus zum Rathaus?\n  Dann sagt Ihnen der Mitarbeiter oder die Mitarbeiterin das.\n  Und der Mitarbeiter oder die Mitarbeiterin sagt Ihnen das so, dass Sie es gut verstehen.\n  Und der Mitarbeiter oder die Mitarbeiterin sagt Ihnen das so, dass Sie es gut gebrauchen können.\n  Zum Beispiel:\n  Sie wollen wissen:\n  Wann hat die Stadt-Information im Rathaus geöffnet?\n  Dann sagt Ihnen der Mitarbeiter oder die Mitarbeiterin das.\n  Und der Mitarbeiter oder die Mitarbeiterin sagt Ihnen das so, dass Sie es gut verstehen.\n  Und der Mitarbeiter oder die Mitarbeiterin sagt Ihnen das so, dass Sie es gut gebrauchen können.\n* Sie können sich beraten lassen.\n  Beraten lassen bedeutet:\n  Sie bekommen von einem Mitarbeiter oder einer Mitarbeiterin Informationen.\n  Die Informationen sind gut verständlich.\n  Die Informationen sind so, dass Sie sie gut gebrauchen können.\n  Zum Beispiel:\n  Sie wollen wissen:\n  Wie komme ich mit dem Bus zum Rathaus?\n  Dann sagt Ihnen der Mitarbeiter oder die Mitarbeiterin das.\n  Und der Mitarbeiter oder die Mitarbeiterin sagt Ihnen das so, dass Sie es gut verstehen.\n  Und der Mitarbeiter oder die Mitarbeiterin sagt Ihnen das so, dass Sie es gut gebrauchen können.\n  Zum Beispiel:\n  Sie wollen wissen:\n  Wann hat die Stadt-Information im Rathaus geöffnet?\n  Dann sagt Ihnen der Mitarbeiter oder die Mitarbeiterin das.\n  Und der Mitarbeiter oder die Mitarbeiterin sagt Ihnen das so, dass Sie es gut verstehen.\n  Und der Mitarbeiter oder die Mitarbeiterin sagt Ihnen das so, dass Sie es gut gebrauchen können.\n* Sie können sich beraten lassen.\n  Beraten lassen bedeutet:\n  Sie bekommen von einem Mitarbeiter oder einer Mitarbeiterin Informationen.\n  Die Informationen sind gut verständlich.\n  Die Informationen sind so, dass Sie sie gut gebrauchen können.\n  Zum Beispiel:\n  Sie wollen wissen:\n  Wie komme ich mit dem Bus zum Rathaus?\n  Dann sagt Ihnen der Mitarbeiter oder die Mitarbeiterin das.\n  Und der Mitarbeiter oder die Mitarbeiterin sagt Ihnen das so, dass Sie es gut verstehen.\n  Und der Mitarbeiter oder die Mitarbeiterin sagt Ihnen das so, dass Sie es gut gebrauchen können.\n  Zum Beispiel:\n  Sie wollen wissen:\n  Wann hat die Stadt-Information im Rathaus geöffnet?\n  Dann sagt Ihnen der Mitarbeiter oder die Mitarbeiterin das.\n  Und der Mitarbeiter oder die Mitarbeiterin sagt Ihnen das so, dass Sie es gut verstehen.\n  Und der Mitarbeiter oder die Mitarbeiterin sagt Ihnen das so, dass Sie es gut gebrauchen können.\n* Sie können sich beraten lassen.\n  Beraten lassen bedeutet:\n  Sie bekommen von einem Mitarbeiter oder einer Mitarbeiterin Informationen.\n  Die Informationen sind gut verständlich.\n  Die Informationen sind so, dass Sie sie gut gebrauchen können.\n  Zum Beispiel:\n  Sie wollen wissen:\n  Wie komme ich mit dem Bus zum Rathaus?\n  Dann sagt Ihnen der Mitarbeiter oder die Mitarbeiterin das.\n  Und der Mitarbeiter oder die Mitarbeiterin sagt Ihnen das so, dass Sie es gut verstehen.\n  Und der Mitarbeiter oder die Mitarbeiterin sagt Ihnen das so, dass Sie es gut gebrauchen können.\n  Zum Beispiel:\n  Sie wollen wissen:\n  Wann hat die Stadt-Information im Rathaus geöffnet?\n  Dann sagt Ihnen der Mitarbeiter oder die Mitarbeiterin das.\n  Und der Mitarbeiter oder die Mitarbeiterin sagt Ihnen das so, dass Sie es gut verstehen.\n  Und der Mitarbeiter oder die Mitarbeiterin sagt Ihnen das so, dass Sie es gut gebrauchen können.\n* Sie können sich beraten lassen.\n  Beraten lassen bedeutet:\n  Sie bekommen von einem Mitarbeiter oder einer Mitarbeiterin Informationen.\n  Die Informationen sind gut verständlich.\n  Die Informationen sind so, dass Sie sie gut gebrauchen können.\n  Zum Beispiel:\n  Sie wollen wissen:\n  Wie komme ich mit dem Bus zum Rathaus?\n  Dann sagt Ihnen der Mitarbeiter oder die Mitarbeiterin das.\n  Und der Mitarbeiter oder die Mitarbeiterin sagt Ihnen das so, dass Sie es gut verstehen.\n  Und der Mitarbeiter oder die Mitarbeiterin sagt Ihnen das so, dass Sie es gut gebrauchen können.\n  Zum Beispiel:\n  Sie wollen wissen:\n  Wann hat die Stadt-Information im Rathaus geöffnet?\n  Dann sagt Ihnen der Mitarbeiter oder die Mitarbeiterin das.\n  Und der Mitarbeiter oder die Mitarbeiterin sagt Ihnen das so, dass Sie es gut verstehen.\n  Und der Mitarbeiter oder die Mitarbeiterin sagt Ihnen das so, dass Sie es gut gebrauchen können.\n* Sie können sich beraten lassen.\n  Beraten lassen bedeutet:\n  Sie bekommen von einem Mitarbeiter oder einer Mitarbeiterin Informationen.\n  Die Informationen sind gut verständlich.\n  Die Informationen sind so, dass Sie sie gut gebrauchen können.\n  Zum Beispiel:\n  Sie wollen wissen:\n  Wie komme ich mit dem Bus zum Rathaus?\n  Dann sagt Ihnen der Mitarbeiter oder die Mitarbeiterin das.\n  Und der Mitarbeiter oder die Mitarbeiterin sagt Ihnen das so, dass Sie es gut verstehen.\n  Und der Mitarbeiter oder die Mitarbeiterin sagt Ihnen das so, dass Sie es gut gebrauchen können.\n  Zum Beispiel:\n  Sie wollen wissen:\n  Wann hat die Stadt-Information im Rathaus geöffnet?\n  Dann sagt Ihnen der Mitarbeiter oder die Mitarbeiterin das.\n  Und der Mitarbeiter oder die Mitarbeiterin sagt Ihnen das so, dass Sie es gut verstehen.\n  Und der Mitarbeiter oder die Mitarbeiterin sagt Ihnen das
In der Stadt-Information im Rathaus erhalten Sie Prospekte, Informationsmaterial und Formulare zu unterschiedlichen Themen. Die Mitarbeiter stehen den Besucherinnen und Besucher mit Rat und Hilfeleistung verschiedenster Art zur Verfügung.;In der Stadt-Information im Rathaus bekommen Sie:\n* Prospekte\n* Informations-Material\n* Formulare\n* Rat und Hilfe\n* Die Stadt-Information ist im Rathaus.\n* Die Stadt-Information ist im Erd-Geschoss.\n* Das Erd-Geschoss ist das unterste Geschoss.\n* Das Erd-Geschoss ist das Geschoss, in das man zuerst hinein kommt.\n* Die Stadt-Information ist im Bürger-Büro.\n* Das Bürger-Büro ist im Rathaus.\n* Das Bürger-Büro ist im Erd-Geschoss.\n* Das Bürger-Büro ist im Raum E 0.01.\n* Das Bürger-Büro ist im Raum E 0.02.\n* Das Bürger-Büro ist im Raum E 0.03.\n* Das Bürger-Büro ist im Raum E 0.04.\n* Das Bürger-Büro ist im Raum E 0.05.\n* Das Bürger-Büro ist im Raum E 0.06.\n* Das Bürger-Büro ist im Raum E 0.07.\n* Das Bürger-Büro ist im Raum E 0.08.\n* Das Bürger-Büro ist im Raum E 0.09.\n* Das Bürger-Büro ist im Raum E 0.10.\n* Das Bürger-Büro ist im Raum E 0.11.\n* Das Bürger-Büro ist im Raum E 0.12.\n* Das Bürger-Büro ist im Raum E 0.13.\n* Das Bürger-Büro ist im Raum E 0.14.\n* Das Bürger-Büro ist im Raum E 0.15.\n* Das Bürger-Büro ist im Raum E 0.16.\n* Das Bürger-Büro ist im Raum E 0.17.\n* Das Bürger-Büro ist im Raum E 0.18.\n* Das Bürger-Büro ist im Raum E 0.19.\n* Das Bürger-Büro ist im Raum E 0.20.\n* Das Bürger-Büro ist im Raum E 0.21.\n* Das Bürger-Büro ist im Raum E 0.22.\n* Das Bürger-Büro ist im Raum E 0.23.\n* Das Bürger-Büro ist im Raum E 0.24.\n* Das Bürger-Büro ist im Raum E 0.25.\n* Das Bürger-Büro ist im Raum E 0.26.\n* Das Bürger-Büro ist im Raum E 0.27.\n* Das Bürger-Büro ist im Raum E 0.28.\n* Das Bürger-Büro ist im Raum E 0.29.\n* Das Bürger-Büro ist im Raum E 0.30.\n* Das Bürger-Büro ist im Raum E 0.31.\n* Das Bürger-Büro ist im Raum E 0.32.\n* Das Bürger-Büro ist im Raum E 0.33.\n* Das Bürger-Büro ist im Raum E 0.34.\n* Das Bürger-Büro ist im Raum E 0.35.\n* Das Bürger-Büro ist im Raum E 0.36.\n* Das Bürger-Büro ist im Raum E 0.37.\n* Das Bürger-Büro ist im Raum E 0.38.\n* Das Bürger-Büro ist im Raum E 0.39.\n* Das Bürger-Büro ist im Raum E 0.40.\n* Das Bürger-Büro ist im Raum E 0.41.\n* Das Bürger-Büro ist im Raum E 0.42.\n* Das Bürger-Büro ist im Raum E 0.43.\n* Das Bürger-Büro ist im Raum E 0.44.\n* Das Bürger-Büro ist im Raum E 0.45.\n* Das Bürger-Büro ist im Raum E 0.46.\n* Das Bürger-Büro ist im Raum E 0.47.\n* Das Bürger-Büro ist im Raum E 0.48.\n* Das Bürger-Büro ist im Raum E 0.49.\n* Das Bürger-Büro ist im Raum E 0.50.\n* Das Bürger-Büro ist im Raum E 0.51.\n* Das Bürger-Büro ist im Raum E 0.52.\n* Das Bürger-Büro ist im Raum E 0.53.\n* Das Bürger-Büro ist im Raum E 0.54.\n* Das Bürger-Büro ist im Raum E 0.55.\n* Das Bürger-Büro ist im Raum E 0.56.\n* Das Bürger-Büro ist im Raum E 0.57.\n* Das Bürger-Büro ist im Raum E 0.58.\n* Das Bürger-Büro ist im Raum E 0.59.\n* Das Bürger-Büro ist im Raum E 0.60.\n* Das Bürger-Büro ist im Raum E 0.61.\n* Das Bürger-Büro ist im Raum E 0.62.\n* Das Bürger-Büro ist im Raum E 0.63.\n* Das Bürger-Büro ist im Raum E 0.64.\n* Das Bürger-Büro ist im Raum E 0.65.\n* Das Bürger-Büro ist im Raum E 0.66.\n* Das Bürger-Büro ist im Raum E 0.67.\n* Das Bürger-Büro ist im Raum E 0.68.\n* Das Bürger-Büro ist im Raum E 0.69.\n* Das Bürger-Büro ist im Raum E 0.70.\n* Das Bürger-Büro ist im Raum E 0.71.\n* Das Bürger-Büro ist im Raum E 0.72.\n* Das Bürger-Büro ist im Raum E 0.73.\n* Das Bürger-Büro ist im Raum E 0.74.\n* Das Bürger-Büro ist im Raum E 0.75.\n* Das Bürger-Büro ist im Raum E 0.76.\n* Das Bürger-Büro ist im Raum E 0.77.\n* Das Bürger-Büro ist im Raum E 0.78.\n* Das Bürger-Büro ist im Raum E 0.79.\n* Das Bürger-Büro ist im Raum E 0.80.\n* Das Bürger-Büro ist im Raum E 0.81.\n* Das Bürger-Büro ist im Raum E 0.82.\n* Das Bürger-Büro ist im Raum E 0.83.\n* Das Bürger-Büro ist im Raum E 0.84.\n* Das Bürger-Büro ist im Raum E 0.85.\n* Das Bürger-Büro ist im Raum E 0.86.\n* Das Bürger-Büro ist im Raum E 0.87.\n* Das Bürger-Büro ist im Raum E 0.88.\n* Das Bürger-Büro ist im Raum E 0.89.\n* Das Bürger-Büro ist im Raum E 0.90.\n* Das Bürger-Büro ist im Raum E 0.91.\n* Das Bürger-Büro ist im Raum E 0.92.\n* Das Bürger-Büro ist im Raum E 0.93.\n* Das Bürger-Büro ist im Raum E 0.94.\n* Das Bürger-Büro ist im Raum E 0.95.\n* Das Bürger-Büro ist im Raum E 0.96.\n* Das Bürger-Büro ist im Raum E 0.97.\n* Das Bürger-Büro ist im Raum E 0.98.\n* Das Bürger-Büro ist im Raum E 0.99.
Bei der Behördennummer wird der persönliche Kontakt groß geschrieben. Von Montag bis Freitag, 8 bis 18 Uhr, können den Mitarbeitenden der 115-Servicecenter Fragen gestellt werden. Die meisten Anliegen werden direkt beantwortet. Falls dies einmal nicht möglich ist, verspricht die 115 eine schnelle Rückmeldung.;Die Behörden-Nummer ist 115.\nSie können die Behörden-Nummer anrufen.\nSie können dort Fragen stellen.\nZum Beispiel:\n* Wann hat das Bürger-Büro geöffnet?\n* Was muss ich mitbringen, wenn ich einen Personal-Ausweis beantragen will?\n* Wie viel kostet ein Kinder-Reise-Dokument?\n* Wie lange dauert es, bis ich einen Reise-Pass bekomme?\n* Wie kann ich einen Termin im Bürger-Büro ausmachen?\n* Wo ist das Bürger-Büro?\n* Wie komme ich mit dem Bus zum Bürger-Büro?\n* Wie komme ich mit der Straßen-Bahn zum Bürger-Büro?\n* Wie komme ich mit der U-Bahn zum Bürger-Büro?\n* Wie komme ich mit der S-Bahn zum Bürger-Büro?\n* Wie komme ich mit dem Auto zum Bürger-Büro?\n* Gibt es Park-Plätze beim Bürger-Büro?\n* Gibt es einen Fahrstuhl im Bürger-Büro?\n* Gibt es eine Toilette im Bürger-Büro?\n* Kann ich im Bürger-Büro etwas kopieren?\n* Kann ich im Bürger-Büro etwas drucken?\n* Kann ich im Bürger-Büro etwas scannen?\n* Kann ich im Bürger-Büro etwas faxen?\n* Kann ich im Bürger-Büro etwas einscannen?\n* Kann ich im Bürger-Büro etwas laminieren?\n* Kann ich im Bürger-Büro etwas binden?\n* Kann ich im Bürger-Büro etwas fotografieren?\n* Kann ich im Bürger-Büro etwas unterschreiben?\n* Kann ich im Bürger-Büro etwas stempeln?\n* Kann ich im Bürger-Büro etwas bezahlen?\n* Kann ich im Bürger-Büro etwas abholen?\n* Kann ich im Bürger-Büro etwas abgeben?\n* Kann ich im Bürger-Büro etwas nachfragen?\n* Kann ich im Bürger-Büro etwas beantragen?\n* Kann ich im Bürger-Büro etwas abgeben?\n* Kann ich im Bürger-Büro etwas nachfragen?\n* Kann ich im Bürger-Büro etwas beantragen?\n* Kann ich im Bürger-Büro etwas abgeben?\n* Kann ich im Bürger-Büro etwas nachfragen?\n* Kann ich im Bürger-Büro etwas beantragen?\n* Kann ich im Bürger-Büro etwas abgeben?\n* Kann ich im Bürger-Büro etwas nachfragen?\n* Kann ich im Bürger-Büro etwas beantragen?\n* Kann ich im Bürger-Büro etwas abgeben?\n* Kann ich im Bürger-Büro etwas nachfragen?\n* Kann ich im Bürger-Büro etwas beantragen?\n* Kann ich im Bürger-Büro etwas abgeben?\n* Kann ich im Bürger-Büro etwas nachfragen?\n* Kann ich im Bürger-Büro etwas beantragen?\n* Kann ich im Bürger-Büro etwas abgeben?\n* Kann ich im Bürger-Büro etwas nachfragen?\n* Kann ich im Bürger-Büro etwas beantragen?\n* Kann ich im Bürger-Büro etwas abgeben?\n* Kann ich im Bürger-Büro etwas nachfragen?\n* Kann ich im Bürger-Büro etwas beantragen?\n* Kann ich im Bürger-Büro etwas abgeben?\n* Kann ich im Bürger-Büro etwas nachfragen?\n* Kann ich im Bürger-Büro etwas beantragen?\n* Kann ich im Bürger-Büro etwas abgeben?\n* Kann ich im Bürger-Büro etwas nachfragen?\n* Kann ich im Bürger-Büro etwas beantragen?\n* Kann ich im Bürger-Büro etwas abgeben?\n* Kann ich im Bürger-Büro etwas nachfragen?\n* Kann ich im Bürger-Büro etwas beantragen?\n* Kann ich im Bürger-Büro etwas abgeben?\n* Kann ich im Bürger-Büro etwas nachfragen?\n* Kann ich im Bürger-Büro etwas beantragen?\n* Kann ich im Bürger-Büro etwas abgeben?\n* Kann ich im Bürger-Büro etwas nachfragen?\n* Kann ich im Bürger-Büro etwas beantragen?\n* Kann ich im Bürger-Büro etwas abgeben?\n* Kann ich im Bürger-Büro etwas nachfragen?\n* Kann ich im Bürger-Büro etwas beantragen?\n* Kann ich im Bürger-Büro etwas abgeben?\n* Kann ich im Bürger-Büro etwas nachfragen?\n* Kann ich im Bürger-Büro etwas beantragen?\n* Kann ich im Bürger-Büro etwas abgeben?\n* Kann ich im Bürger-Büro etwas nachfragen?\n* Kann ich im Bürger-Büro etwas beantragen?\n* Kann ich im Bürger-Büro etwas abgeben?\n* Kann ich im Bürger-Büro etwas nachfragen?\n* Kann ich im Bürger-Büro etwas beantragen?\n* Kann ich im Bürger-Büro etwas abgeben?\n* Kann ich im Bürger-Büro etwas nachfragen?\n* Kann ich im Bürger-Büro etwas beantragen?\n* Kann ich im Bürger-Büro etwas abgeben?\n* Kann ich im Bürger-Büro etwas nachfragen?\n* Kann ich im Bürger-Büro etwas beantragen?\n* Kann ich im Bürger-Büro etwas abgeben?\n* Kann ich im Bürger-Büro etwas nachfragen?\n* Kann ich im Bürger-Büro etwas beantragen?\n* Kann ich im Bürger-Büro etwas abgeben?\n* Kann ich im Bürger-Büro etwas nachfragen?\n* Kann ich im Bürger-Büro etwas beantragen?\n* Kann ich im Bürger-Büro etwas abgeben?\n* Kann ich im Bürger-Büro etwas nachfragen?\n* Kann ich im Bürger-Büro etwas beantragen?\n* Kann ich im Bürger-Büro etwas abgeben?\n* Kann ich im Bürger-Büro etwas nachfragen?\n* Kann ich im Bürger-Büro etwas beantragen?\n* Kann ich im Bürger-Büro etwas abgeben?\n* Kann ich im Bürger-Büro etwas nachfragen?\n* Kann ich im Bürger-Büro etwas beantragen?\n* Kann ich im Bürger-Büro etwas abgeben?\n* Kann ich im Bürger-Büro etwas nachfragen?\n* Kann ich im Bürger-Büro etwas beantragen?\n* Kann ich im Bürger-Büro etwas abgeben?\n* Kann ich im Bürger-Büro etwas nachfragen?\n* Kann ich im Bürger-Büro etwas beantragen?\n* Kann ich im Bürger-Büro etwas abgeben?\n* Kann ich im Bürger-Büro etwas nachfragen?\n* Kann ich im Bürger-Büro etwas beantragen?\n* Kann ich im Bürger-Büro etwas abgeben?\n* Kann ich im Bürger-Büro etwas nachfragen?\n* Kann ich im Bürger-Büro etwas beantragen?\n* Kann ich im Bürger-Büro etwas abgeben?\n* Kann ich im Bürger-Büro etwas nachfragen?\n* Kann ich im Bürger-Büro etwas beantragen?\n* Kann ich im Bürger-Büro etwas abgeben?\n* Kann ich im Bürger-Büro etwas nachfragen?\n* Kann ich im Bürger-Büro etwas beantragen?\n* Kann ich im Bürger-Büro etwas abgeben?\n* Kann ich im Bürger-Büro etwas nachfragen?\n* Kann ich im Bürger-Büro etwas beantragen?\n* Kann ich im Bürger-Büro etwas abgeben?\n* Kann ich im Bürger-Büro etwas nachfragen?\n* Kann ich im Bürger-Büro etwas beantragen?\n* Kann ich im Bürger-Büro etwas abgeben?\n* Kann ich im Bürger-Büro etwas nachfragen?\n* Kann ich im Bürger-Büro etwas beantragen?\n* Kann ich im Bürger-Büro etwas abgeben?\n* Kann ich im Bürger-Büro etwas nachfragen?\n* Kann ich im Bürger-Büro etwas beantragen?\n* Kann ich im Bürger-Büro etwas abgeben?\n* Kann ich im Bürger-Büro etwas nachfragen?\n* Kann ich im Bürger-Büro etwas beantragen?\n* Kann ich im Bürger-Büro etwas abgeben?\n* Kann ich im Bürger-Büro etwas nachfragen?\n* Kann ich im Bürger-Büro etwas beantragen?\n* Kann ich im Bürger-Büro etwas abgeben?\n* Kann ich im Bürger-Büro etwas nachfragen?\n* Kann ich im Bürger-Büro etwas beantragen?\n* Kann ich im Bürger-Büro etwas abgeben?\n* Kann ich im Bürger-Büro etwas nachfragen?\n* Kann ich im Bürger-Büro etwas beantragen?\n* Kann ich im Bürger-Büro etwas abgeben?\n* Kann ich im Bürger-Büro etwas nachfragen?\n* Kann ich im Bürger-Büro etwas beantragen?\n* Kann ich im Bürger-Büro etwas abgeben?\n* Kann ich im Bürger-Büro etwas nachfragen?\n* Kann ich im Bürger-Büro etwas beantragen?\n* Kann ich im Bürger-Büro etwas abgeben?\n* Kann ich im Bürger-Büro etwas nachfragen?\n* Kann ich im Bürger-Büro etwas beantragen?\n* Kann ich im Bürger-Büro etwas abgeben?\n* Kann ich im Bürger-Büro etwas nachfragen?\n* Kann ich im Bürger-Büro etwas beantragen?\n* Kann ich im Bürger-Büro etwas abgeben?\n* Kann ich im Bürger-Büro etwas nachfragen?\n* Kann ich im Bürger-Büro etwas beantragen?\n* Kann ich im Bürger-Büro etwas abgeben?\n* Kann ich im Bürger-Büro etwas nachfragen?\n* Kann ich im Bürger-Büro etwas beantragen?\n* Kann ich im Bürger-Büro etwas abgeben?\n* Kann ich im Bürger-Büro etwas nachfragen?\n* Kann ich im Bürger-Büro etwas beantragen?\n* Kann ich im Bürger-Büro etwas abgeben?\n* Kann ich im Bürger-Büro etwas nachfragen?\n* Kann ich im Bürger-Büro etwas beantragen?\n* Kann ich im Bürger-Büro etwas abgeben?\n* Kann ich im Bürger-Büro etwas nachfragen?\n* Kann ich im Bürger-Büro etwas beantragen?\n* Kann ich im Bürger-Büro etwas abgeben?\n* Kann ich im Bürger-Büro etwas nachfragen?\n* Kann ich im Bürger-Büro etwas beantragen?\n* Kann ich im Bürger-Büro etwas abgeben?\n* Kann ich im Bürger-Büro etwas nachfragen?\n* Kann ich im Bürger-Büro etwas beantragen?\n* Kann ich im Bürger-Büro etwas abgeben?\n* Kann ich im Bürger-Büro etwas nachfragen?\n* Kann ich im Bürger-Büro etwas beantragen?\n* Kann ich im Bürger-Büro etwas abgeben?\n* Kann ich im Bürger-Büro etwas nachfragen?\n* Kann ich im Bürger-Büro etwas beantragen?\n* Kann ich im Bürger-Büro etwas abgeben?\n* Kann ich im Bürger-Büro etwas nachfragen?\n* Kann ich im Bürger-Büro etwas beantragen?\n* Kann ich im Bürger-Büro etwas abgeben?\n* Kann ich im Bürger-Büro etwas nachfragen?\n* Kann ich im Bürger-Büro etwas beantragen?\n* Kann ich im Bürger-Büro etwas abgeben?\n* Kann ich im Bürger-Büro etwas nachfragen?\n* Kann ich im Bürger-Büro etwas beantragen?\n* Kann ich im Bürger-Büro etwas abgeben?\n* Kann ich im Bürger-Büro etwas nachfragen?\n* Kann ich im Bürger-Büro etwas beantragen?\n* Kann ich im Bürger-Büro etwas abgeben?\n* Kann ich im Bürger-Büro etwas nachfragen?\n* Kann ich im Bürger-Büro etwas beantragen?\n* Kann ich im Bürger-Büro etwas abgeben?\n* Kann ich im Bürger-Büro etwas nachfragen?\n* Kann ich im Bürger-Büro etwas beantragen?\n* Kann ich im Bürger-Büro etwas abgeben?\n* Kann ich im Bürger-Büro etwas nachfragen?\n* Kann ich im Bürger-Büro etwas beantragen?\n* Kann ich im Bürger-Büro etwas abgeben?\n* Kann ich im Bürger-Büro etwas nachfragen?\n* Kann ich im Bürger-Büro etwas beantragen?\n* Kann ich im Bürger-Büro etwas abgeben?\n* Kann ich im Bürger-Büro etwas nachfragen?\n* Kann ich im Bürger-Büro etwas beantragen?\n* Kann ich im Bürger-Büro etwas abgeben?\n* Kann ich im Bürger-Büro etwas nachfragen?\n* Kann ich im Bürger-Büro etwas beantragen?\n* Kann ich im Bürger-Büro etwas abgeben?\n* Kann ich im Bürger-Büro etwas nachfragen?\n* Kann ich im Bürger-Büro etwas beantragen?\n* Kann ich im Bürger-Büro etwas abgeben?\n* Kann ich im Bürger-Büro etwas nachfragen?\n* Kann ich im Bürger-Büro etwas beantragen?\n* Kann ich im Bürger-Büro etwas abgeben?\n* Kann ich im Bürger-Büro etwas nachfragen?\n* Kann ich im Bürger-Büro etwas beantragen?\n* Kann ich im Bürger-Büro etwas abgeben?\n* Kann ich im Bürger-Büro etwas nachfragen?\n* Kann ich im Bürger-Büro etwas beantragen?\n* Kann ich im Bürger-Büro etwas abgeben?\n* Kann ich im Bürger-Büro etwas nachfragen?\n* Kann ich im Bürger-Büro etwas beantragen?\n* Kann ich im Bürger-Büro etwas abgeben?\n* Kann ich im Bürger-Büro etwas nachfragen?\n* Kann ich im Bürger-Büro etwas beantragen?\n* Kann ich im Bürger-Büro etwas abgeben?\n* Kann ich im Bürger-Büro etwas nachfragen?\n* Kann ich im Bürger-Büro etwas beantragen?\n* Kann ich im Bürger-Büro etwas abgeben?\n* Kann ich im Bürger-Büro etwas nachfragen?\n* Kann ich im Bürger-Büro etwas beantragen?\n* Kann ich im Bürger-Büro etwas abgeben?\n* Kann ich im Bürger-Büro etwas nachfragen?\n* Kann ich im Bürger-Büro etwas beantragen?\n* Kann ich im Bürger-Büro etwas abgeben?\n* Kann ich im Bürger-Büro etwas nachfragen?\n* Kann ich im Bürger-Büro etwas beantragen?\n* Kann ich im Bürger-Büro etwas abgeben?\n* Kann ich im Bürger-Büro etwas nachfragen?\n* Kann ich im Bürger-Büro etwas beantragen?\n* Kann ich im Bürger-Büro etwas abgeben?\n* Kann ich im Bürger-Büro etwas nachfragen?\n* Kann ich im Bürger-Büro etwas beantragen?\n* Kann ich im Bürger-Büro etwas abgeben?\n* Kann ich im Bürger-Büro etwas nachfragen?\n* Kann ich im Bürger-Büro etwas beantragen?\n* Kann ich im Bürger-Büro etwas abgeben?\n* Kann ich im Bürger-Büro etwas nachfragen?\n* Kann ich im Bürger-Büro etwas beantragen?\n* Kann ich im Bürger-Büro etwas abgeben?\n* Kann ich im Bürger-Büro etwas nachfragen?\n* Kann ich im Bürger-Büro etwas beantragen?\n* Kann ich im Bürger-Büro etwas abgeben?\n* Kann ich im Bürger-Büro etwas nachfragen?\n* Kann ich im Bürger-Büro etwas beantragen?\n* Kann ich im Bürger-Büro etwas abgeben?\n* Kann ich im Bürger-Büro etwas nachfragen?\n* Kann ich im Bürger-Büro etwas beantragen?\n* Kann ich im Bürger-Büro etwas abgeben?\n* Kann ich im Bürger-Büro etwas nachfragen?\n* Kann ich im Bürger-Büro etwas beantragen?\n* Kann ich im Bürger-Büro etwas abgeben?\n* Kann ich im Bürger-Büro etwas nachfragen?\n* Kann ich im Bürger-Büro etwas beantragen?\n* Kann ich im Bürger-Büro etwas abgeben?\n* Kann ich im Bürger-Büro etwas nachfragen?\n* Kann ich im Bürger-Büro etwas beantragen?\n* Kann ich im Bürger-Büro etwas abgeben?\n* Kann ich im Bürger-Büro etwas nachfragen?\n* Kann ich im Bürger-Büro etwas beantragen?\n* Kann ich im Bürger-Büro etwas abgeben?\n* Kann ich im Bürger-Büro etwas nachfragen?\n* Kann ich im Bürger-Büro etwas beantragen?\n* Kann ich im Bürger-Büro etwas abgeben?\n* Kann ich im Bürger-Büro etwas nachfragen?\n* Kann ich im Bürger-Büro etwas beantragen?\n* Kann ich im Bürger-Büro etwas abgeben?\n* Kann ich im Bürger-Büro etwas nachfragen?\n* Kann ich im Bürger-Büro etwas beantragen?\n* Kann ich im Bürger-Büro etwas abgeben?\n* Kann ich im Bürger-Büro etwas nachfragen?\n* Kann ich im Bürger-Büro etwas beantragen?\n* Kann ich im Bürger-Büro etwas abgeben?\n* Kann ich im Bürger-Büro etwas nachfragen?\n* Kann ich im Bürger-Büro etwas beantragen?\n* Kann ich im Bürger-Büro etwas abgeben?\n* Kann ich im Bürger-Büro etwas nachfragen?\n* Kann ich im Bürger-Büro etwas beantragen?\n* Kann ich im Bürger-Büro etwas abgeben?\n* Kann ich im Bürger-Büro etwas nachfragen?\n* Kann ich im Bürger-Büro etwas beantragen?\n* Kann ich im Bürger-Büro etwas abgeben?\n* Kann ich im Bürger-Büro etwas nachfragen?\n* Kann ich im Bürger-Bü
Mit einer leicht zu merkenden Rufnummer erhalten Bürger*innen bundesweit einen direkten Draht zur Verwaltung. Wird eine Frage wie z.B. zum Wohnsitz anmelden, Ausweis beantragen oder Fahrzeug ummelden, gestellt, beantworten die Mitarbeitenden des Service-Centers der Landeshauptstadt München gerne Ihre Anliegen.;Die Stadt-Verwaltung hat eine Telefon-Nummer.\nDie Telefon-Nummer ist:\n115\nDie Telefon-Nummer ist für alle Bürger und Bürgerinnen.\nMan kann dort alle Fragen stellen.\nZum Beispiel:\n* Wo ist das Bürger-Büro?\n* Wann hat das Bürger-Büro geöffnet?\n* Was muss ich mitbringen, wenn ich einen Personal-Ausweis beantragen will?\n* Wie viel kostet ein Personal-Ausweis?\n* Wie lange dauert es, bis ich den Personal-Ausweis bekomme?\n* Kann ich meinen Hund im Bürger-Büro mitbringen?\n* Kann ich im Bürger-Büro mit Karte bezahlen?\n* Kann ich im Bürger-Büro auch einen Reise-Pass beantragen?\n* Kann ich im Bürger-Büro auch einen Kinder-Reise-Pass beantragen?\n* Kann ich im Bürger-Büro auch einen vorläufigen Reise-Pass beantragen?\n* Kann ich im Bürger-Büro auch einen vorläufigen Personal-Ausweis beantragen?\n* Kann ich im Bürger-Büro auch einen vorläufigen Kinder-Ausweis beantragen?\n* Kann ich im Bürger-Büro auch einen vorläufigen Reise-Ausweis beantragen?\n* Kann ich im Bürger-Büro auch einen vorläufigen Pass beantragen?\n* Kann ich im Bürger-Büro auch einen vorläufigen Passersatz beantragen?\n* Kann ich im Bürger-Büro auch einen vorläufigen Pass-Ersatz beantragen?\n* Kann ich im Bürger-Büro auch einen vorläufigen Pass-Ersatz beantragen?\n* Kann ich im Bürger-Büro auch einen vorläufigen Pass-Ersatz beantragen?\n* Kann ich im Bürger-Büro auch einen vorläufigen Pass-Ersatz beantragen?\n* Kann ich im Bürger-Büro auch einen vorläufigen Pass-Ersatz beantragen?\n* Kann ich im Bürger-Büro auch einen vorläufigen Pass-Ersatz beantragen?\n* Kann ich im Bürger-Büro auch einen vorläufigen Pass-Ersatz beantragen?\n* Kann ich im Bürger-Büro auch einen vorläufigen Pass-Ersatz beantragen?\n* Kann ich im Bürger-Büro auch einen vorläufigen Pass-Ersatz beantragen?\n* Kann ich im Bürger-Büro auch einen vorläufigen Pass-Ersatz beantragen?\n* Kann ich im Bürger-Büro auch einen vorläufigen Pass-Ersatz beantragen?\n* Kann ich im Bürger-Büro auch einen vorläufigen Pass-Ersatz beantragen?\n* Kann ich im Bürger-Büro auch einen vorläufigen Pass-Ersatz beantragen?\n* Kann ich im Bürger-Büro auch einen vorläufigen Pass-Ersatz beantragen?\n* Kann ich im Bürger-Büro auch einen vorläufigen Pass-Ersatz beantragen?\n* Kann ich im Bürger-Büro auch einen vorläufigen Pass-Ersatz beantragen?\n* Kann ich im Bürger-Büro auch einen vorläufigen Pass-Ersatz beantragen?\n* Kann ich im Bürger-Büro auch einen vorläufigen Pass-Ersatz beantragen?\n* Kann ich im Bürger-Büro auch einen vorläufigen Pass-Ersatz beantragen?\n* Kann ich im Bürger-Büro auch einen vorläufigen Pass-Ersatz beantragen?\n* Kann ich im Bürger-Büro auch einen vorläufigen Pass-Ersatz beantragen?\n* Kann ich im Bürger-Büro auch einen vorläufigen Pass-Ersatz beantragen?\n* Kann ich im Bürger-Büro auch einen vorläufigen Pass-Ersatz beantragen?\n* Kann ich im Bürger-Büro auch einen vorläufigen Pass-Ersatz beantragen?\n* Kann ich im Bürger-Büro auch einen vorläufigen Pass-Ersatz beantragen?\n* Kann ich im Bürger-Büro auch einen vorläufigen Pass-Ersatz beantragen?\n* Kann ich im Bürger-Büro auch einen vorläufigen Pass-Ersatz beantragen?\n* Kann ich im Bürger-Büro auch einen vorläufigen Pass-Ersatz beantragen?\n* Kann ich im Bürger-Büro auch einen vorläufigen Pass-Ersatz beantragen?\n* Kann ich im Bürger-Büro auch einen vorläufigen Pass-Ersatz beantragen?\n* Kann ich im Bürger-Büro auch einen vorläufigen Pass-Ersatz beantragen?\n* Kann ich im Bürger-Büro auch einen vorläufigen Pass-Ersatz beantragen?\n* Kann ich im Bürger-Büro auch einen vorläufigen Pass-Ersatz beantragen?\n* Kann ich im Bürger-Büro auch einen vorläufigen Pass-Ersatz beantragen?\n* Kann ich im Bürger-Büro auch einen vorläufigen Pass-Ersatz beantragen?\n* Kann ich im Bürger-Büro auch einen vorläufigen Pass-Ersatz beantragen?\n* Kann ich im Bürger-Büro auch einen vorläufigen Pass-Ersatz beantragen?\n* Kann ich im Bürger-Büro auch einen vorläufigen Pass-Ersatz beantragen?\n* Kann ich im Bürger-Büro auch einen vorläufigen Pass-Ersatz beantragen?\n* Kann ich im Bürger-Büro auch einen vorläufigen Pass-Ersatz beantragen?\n* Kann ich im Bürger-Büro auch einen vorläufigen Pass-Ersatz beantragen?\n* Kann ich im Bürger-Büro auch einen vorläufigen Pass-Ersatz beantragen?\n* Kann ich im Bürger-Büro auch einen vorläufigen Pass-Ersatz beantragen?\n* Kann ich im Bürger-Büro auch einen vorläufigen Pass-Ersatz beantragen?\n* Kann ich im Bürger-Büro auch einen vorläufigen Pass-Ersatz beantragen?\n* Kann ich im Bürger-Büro auch einen vorläufigen Pass-Ersatz beantragen?\n* Kann ich im Bürger-Büro auch einen vorläufigen Pass-Ersatz beantragen?\n* Kann ich im Bürger-Büro auch einen vorläufigen Pass-Ersatz beantragen?\n* Kann ich im Bürger-Büro auch einen vorläufigen Pass-Ersatz beantragen?\n* Kann ich im Bürger-Büro auch einen vorläufigen Pass-Ersatz beantragen?\n* Kann ich im Bürger-Büro auch einen vorläufigen Pass-Ersatz beantragen?\n* Kann ich im Bürger-Büro auch einen vorläufigen Pass-Ersatz beantragen?\n* Kann ich im Bürger-Büro auch einen vorläufigen Pass-Ersatz beantragen?\n* Kann ich im Bürger-Büro auch einen vorläufigen Pass-Ersatz beantragen?\n* Kann ich im Bürger-Büro auch einen vorläufigen Pass-Ersatz beantragen?\n* Kann ich im Bürger-Büro auch einen vorläufigen Pass-Ersatz beantragen?\n* Kann ich im Bürger-Büro auch einen vorläufigen Pass-Ersatz beantragen?\n* Kann ich im Bürger-Büro auch einen vorläufigen Pass-Ersatz beantragen?\n* Kann ich im Bürger-Büro auch einen vorläufigen Pass-Ersatz beantragen?\n* Kann ich im Bürger-Büro auch einen vorläufigen Pass-Ersatz beantragen?\n* Kann ich im Bürger-Büro auch einen vorläufigen Pass-Ersatz beantragen?\n* Kann ich im Bürger-Büro auch einen vorläufigen Pass-Ersatz beantragen?\n* Kann ich im Bürger-Büro auch einen vorläufigen Pass-Ersatz beantragen?\n* Kann ich im Bürger-Büro auch einen vorläufigen Pass-Ersatz beantragen?\n* Kann ich im Bürger-Büro auch einen vorläufigen Pass-Ersatz beantragen?\n* Kann ich im Bürger-Büro auch einen vorläufigen Pass-Ersatz beantragen?\n* Kann ich im Bürger-Büro auch einen vorläufigen Pass-Ersatz beantragen?\n* Kann ich im Bürger-Büro auch einen vorläufigen Pass-Ersatz beantragen?\n* Kann ich im Bürger-Büro auch einen vorläufigen Pass-Ersatz beantragen?\n* Kann ich im Bürger-Büro auch einen vorläufigen Pass-Ersatz beantragen?\n* Kann ich im Bürger-Büro auch einen vorläufigen Pass-Ersatz beantragen?\n* Kann ich im Bürger-Büro auch einen vorläufigen Pass-Ersatz beantragen?\n* Kann ich im Bürger-Büro auch einen vorläufigen Pass-Ersatz beantragen?\n* Kann ich im Bürger-Büro auch einen vorläufigen Pass-Ersatz beantragen?\n* Kann ich im Bürger-Büro auch einen vorläufigen Pass-Ersatz beantragen?\n* Kann ich im Bürger-Büro auch einen vorläufigen Pass-Ersatz beantragen?\n* Kann ich im Bürger-Büro auch einen vorläufigen Pass-Ersatz beantragen?\n* Kann ich im Bürger-Büro auch einen vorläufigen Pass-Ersatz beantragen?\n* Kann ich im Bürger-Büro auch einen vorläufigen Pass-Ersatz beantragen?\n* Kann ich im Bürger-Büro auch einen vorläufigen Pass-Ersatz beantragen?\n* Kann ich im Bürger-Büro auch einen vorläufigen Pass-Ersatz beantragen?\n* Kann ich im Bürger-Büro auch einen vorläufigen Pass-Ersatz beantragen?\n* Kann ich im Bürger-Büro auch einen vorläufigen Pass-Ersatz beantragen?\n* Kann ich im Bürger-Büro auch einen vorläufigen Pass-Ersatz beantragen?\n* Kann ich im Bürger-Büro auch einen vorläufigen Pass-Ersatz beantragen?\n* Kann ich im Bürger-Büro auch einen vorläufigen Pass-Ersatz beantragen?\n* Kann ich im Bürger-Büro auch einen vorläufigen Pass-Ersatz beantragen?\n* Kann ich im Bürger-Büro auch einen vorläufigen Pass-Ersatz beantragen?\n* Kann ich im Bürger-Büro auch einen vorläufigen Pass-Ersatz beantragen?\n* Kann ich im Bürger-Büro auch einen vorläufigen Pass-Ersatz beantragen?\n* Kann ich im Bürger-Büro auch einen vorläufigen Pass-Ersatz beantragen?\n* Kann ich im Bürger-Büro auch einen vorläufigen Pass-Ersatz beantragen?\n* Kann ich im Bürger-Büro auch einen vorläufigen Pass-Ersatz beantragen?\n* Kann ich im Bürger-Büro auch einen vorläufigen Pass-Ersatz beantragen?\n* Kann ich im Bürger-Büro auch einen vorläufigen Pass-Ersatz beantragen?\n* Kann ich im Bürger-Büro auch einen vorläufigen Pass-Ersatz beantragen?\n* Kann ich im Bürger-Büro auch einen vorläufigen Pass-Ersatz beantragen?\n* Kann ich im Bürger-Büro auch einen vorläufigen Pass-Ersatz beantragen?\n* Kann ich im Bürger-Büro auch einen vorläufigen Pass-Ersatz beantragen?\n* Kann ich im Bürger-Büro auch einen vorläufigen Pass-Ersatz beantragen?\n* Kann ich im Bürger-Büro auch einen vorläufigen Pass-Ersatz beantragen?\n* Kann ich im Bürger-Büro auch einen vorläufigen Pass-Ersatz beantragen?\n* Kann ich im Bürger-Büro auch einen vorläufigen Pass-Ersatz beantragen?\n* Kann ich im Bürger-Büro auch einen vorläufigen Pass-Ersatz beantragen?\n* Kann ich im Bürger-Büro auch einen vorläufigen Pass-Ersatz beantragen?\n* Kann ich im Bürger-Büro auch einen vorläufigen Pass-Ersatz beantragen?\n* Kann ich im Bürger-Büro auch einen vorläufigen Pass-Ersatz beantragen?\n* Kann ich im Bürger-Büro auch einen vorläufigen Pass-Ersatz beantragen?\n* Kann ich im Bürger-Büro auch einen vorläufigen Pass-Ersatz beantragen?\n* Kann ich im Bürger-Büro auch einen vorläufigen Pass-Ersatz beantragen?\n* Kann ich im Bürger-Büro auch einen vorläufigen Pass-Ersatz beantragen?\n* Kann ich im Bürger-Büro auch einen vorläufigen Pass-Ersatz beantragen?\n* Kann ich im Bürger-Büro auch einen vorläufigen Pass-Ersatz beantragen?\n* Kann ich im Bürger-Büro auch einen vorläufigen Pass-Ersatz beantragen?\n* Kann ich im Bürger-Büro auch einen vorläufigen Pass-Ersatz beantragen?\n* Kann ich im Bürger-Büro auch einen vorläufigen Pass-Ersatz beantragen?\n* Kann ich im Bürger-Büro auch einen vorläufigen Pass-Ersatz beantragen?\n* Kann ich im Bürger-Büro auch einen vorläufigen Pass-Ersatz beantragen?\n* Kann ich im Bürger-Büro auch einen vorläufigen Pass-Ersatz beantragen?\n* Kann ich im Bürger-Büro auch einen vorläufigen Pass-Ersatz beantragen?\n* Kann ich im Bürger-Büro auch einen vorläufigen Pass-Ersatz beantragen?\n* Kann ich im Bürger-Büro auch einen vorläufigen Pass-Ersatz beantragen?\n* Kann ich im Bürger-Büro auch einen vorläufigen Pass-Ersatz beantragen?\n* Kann ich im Bürger-Büro auch einen vorläufigen Pass-Ersatz beantragen?\n* Kann ich im Bürger-Büro auch einen vorläufigen Pass-Ersatz beantragen?\n* Kann ich im Bürger-Büro auch einen vorläufigen Pass-Ersatz beantragen?\n* Kann ich im Bürger-Büro auch einen vorläufigen Pass-Ersatz beantragen?\n* Kann ich im Bürger-Büro auch einen vorläufigen Pass-Ersatz beantragen?\n* Kann ich im Bürger-Büro auch einen vorläufigen Pass-Ersatz beantragen?\n* Kann ich im Bürger-Büro auch einen vorläufigen Pass-Ersatz beantragen?\n* Kann ich im Bürger-Büro auch einen vorläufigen Pass-Ersatz beantragen?\n* Kann ich im Bürger-Büro auch einen vorläufigen Pass-Ersatz beantragen?\n* Kann ich im Bürger-Büro auch einen vorläufigen Pass-Ersatz beantragen?\n* Kann ich im Bürger-Büro auch einen vorläufigen Pass-Ersatz beantragen?\n* Kann ich im Bürger-Büro auch einen vorläufigen Pass-Ersatz beantragen?\n* Kann ich im Bürger-Büro auch einen vorläufigen Pass-Ersatz beantragen?\n* Kann ich im Bürger-Büro auch einen vorläufigen Pass-Ersatz beantragen?\n* Kann ich im Bürger-Büro auch einen vorläufigen Pass-Ersatz beantragen?\n* Kann ich im Bürger-Büro auch einen vorläufigen Pass-Ersatz beantragen?\n* Kann ich im Bürger-Büro auch einen vorläufigen Pass-Ersatz beantragen?\n* Kann ich im Bürger-Büro auch einen vorläufigen Pass-Ersatz beantragen?\n* Kann ich im Bürger-Büro auch einen vorläufigen Pass-Ersatz beantragen?\n* Kann ich im Bürger-Büro auch einen vorläufigen Pass-Ersatz beantragen?\n* Kann ich im Bürger-Büro auch einen vorläufigen Pass-Ersatz beantragen?\n* Kann ich im Bürger-Büro auch einen vorläufigen Pass-Ersatz beantragen?\n* Kann ich im Bürger-Büro auch einen vorläufigen Pass-Ersatz beantragen?\n* Kann ich im Bürger-Büro auch einen vorläufigen Pass-Ersatz beantragen?\n* Kann ich im Bürger-Büro auch einen vorläufigen Pass-Ersatz beantragen?\n* Kann ich im Bürger-Büro auch einen vorläufigen Pass-Ersatz beantragen?\n* Kann ich im Bürger-Büro auch einen vorläufigen Pass-Ersatz beantragen?\n* Kann ich im Bürger-Büro auch einen vorläufigen Pass-Ersatz beantragen?\n* Kann ich im Bürger-Büro auch einen vorläufigen Pass-Ersatz beantragen?\n* Kann ich im Bürger-Büro auch einen vorläufigen Pass-Ersatz beantragen?\n* Kann ich im Bürger-Büro auch einen vorläufigen Pass-Ersatz beantragen?\n* Kann ich im Bürger-Büro auch einen vorläufigen Pass-Ersatz beantragen?\n* Kann ich im Bürger-Büro auch einen vorläufigen Pass-Ersatz beantragen?\n* Kann ich im Bürger-Büro auch einen vorläufigen Pass-Ersatz beantragen?\n* Kann ich im Bürger-Büro auch einen vorläufigen Pass-Ersatz beantragen?\n* Kann ich im Bürger-Büro auch einen vorläufigen Pass-Ersatz beantragen?\n* Kann ich im Bürger-Büro auch einen vorläufigen Pass-Ersatz beantragen?\n* Kann ich im Bürger-Büro auch einen vorläufigen Pass-Ersatz beantragen?\n* Kann ich im Bürger-Büro auch einen vorläufigen Pass-Ersatz beantragen?\n* Kann ich im Bürger-Büro auch einen vorläufigen Pass-Ersatz beantragen?\n* Kann ich im Bürger-Büro auch einen vorläufigen Pass-Ersatz beantragen?\n
Komplexere Anfragen werden durch ein eigens dafür eingerichtetes Back-Office bearbeitet oder an die Fachbereiche weitergeleitet und es erfolgt eine Rückmeldung.;Sie haben eine Frage an die Landes-Haupt-Stadt München?\nSie wissen nicht, an wen Sie sich wenden sollen?\nDann können Sie das Büro für Leichte Sprache fragen.\nDas Büro für Leichte Sprache hilft Ihnen.\nDas Büro für Leichte Sprache ist im Sozial-Referat.\nDas Sozial-Referat ist ein Amt von der Landes-Haupt-Stadt München.\nEin Amt ist eine Behörde.\nEine Behörde ist eine Verwaltung.\nIn einer Verwaltung arbeiten viele Menschen.\nDie Menschen arbeiten zum Beispiel in Büros.\nDie Menschen helfen anderen Menschen.\nDie Menschen helfen anderen Menschen zum Beispiel bei Anträgen.\nEin Antrag ist ein Brief.\nIn dem Brief bittet ein Mensch um Hilfe.\nZum Beispiel um Geld-Hilfe.\nOder um Wohnungs-Hilfe.\nOder um Arbeits-Hilfe.\nDie Menschen in der Verwaltung lesen den Brief.\nDie Menschen in der Verwaltung schreiben einen Brief zurück.\nIn dem Brief steht:\nWas muss der Mensch tun?\nDamit er die Hilfe bekommt.\nDie Menschen in der Verwaltung schreiben auch:\nWelche Unterlagen brauchen wir von Ihnen?\nUnterlagen sind zum Beispiel:\n* ein Ausweis\n* eine Geburts-Urkunde\n* ein Arzt-Bericht\n* ein Miet-Vertrag\n* ein Arbeits-Vertrag\n* eine Lohn-Abrechnung\n* eine Konto-Auszug\n* eine Rechnung\n* ein Kostenvoranschlag\n* ein Gutachten\n* ein Zeugnis\n* ein Foto\n* ein Anmelde-Formular\n* ein Antrags-Formular\n* ein Anhörungs-Bogen\n* ein Frage-Bogen\n* ein Melde-Formular\n* ein Steuer-Formular\n* ein Versicherungs-Formular\n* ein Widerspruchs-Formular\n* ein Überweisungs-Formular\n* ein Rezept\n* ein Rezept-Bild\n* ein Rezept-Heft\n* ein Rezept-Heft-Bild\n* ein Rezept-Heft-Blatt\n* ein Rezept-Heft-Blatt-Bild\n* ein Rezept-Heft-Blatt-Bild-Heft\n* ein Rezept-Heft-Blatt-Bild-Heft-Bild\n* ein Rezept-Heft-Blatt-Bild-Heft-Bild-Blatt\n* ein Rezept-Heft-Blatt-Bild-Heft-Bild-Blatt-Bild\n* ein Rezept-Heft-Blatt-Bild-Heft-Bild-Blatt-Bild-Heft\n* ein Rezept-Heft-Blatt-Bild-Heft-Bild-Blatt-Bild-Heft-Bild\n* ein Rezept-Heft-Blatt-Bild-Heft-Bild-Blatt-Bild-Heft-Bild-Blatt\n* ein Rezept-Heft-Blatt-Bild-Heft-Bild-Blatt-Bild-Heft-Bild-Blatt-Bild\n* ein Rezept-Heft-Blatt-Bild-Heft-Bild-Blatt-Bild-Heft-Bild-Blatt-Bild-Heft\n* ein Rezept-Heft-Blatt-Bild-Heft-Bild-Blatt-Bild-Heft-Bild-Blatt-Bild-Heft-Bild\n* ein Rezept-Heft-Blatt-Bild-Heft-Bild-Blatt-Bild-Heft-Bild-Blatt-Bild-Heft-Bild-Blatt\n* ein Rezept-Heft-Blatt-Bild-Heft-Bild-Blatt-Bild-Heft-Bild-Blatt-Bild-Heft-Bild-Blatt-Bild\n* ein Rezept-Heft-Blatt-Bild-Heft-Bild-Blatt-Bild-Heft-Bild-Blatt-Bild-Heft-Bild-Blatt-Bild-Heft\n* ein Rezept-Heft-Blatt-Bild-Heft-Bild-Blatt-Bild-Heft-Bild-Blatt-Bild-Heft-Bild-Blatt-Bild-Heft-Bild\n* ein Rezept-Heft-Blatt-Bild-Heft-Bild-Blatt-Bild-Heft-Bild-Blatt-Bild-Heft-Bild-Blatt-Bild-Heft-Bild-Blatt\n* ein Rezept-Heft-Blatt-Bild-Heft-Bild-Blatt-Bild-Heft-Bild-Blatt-Bild-Heft-Bild-Blatt-Bild-Heft-Bild-Blatt-Bild\n* ein Rezept-Heft-Blatt-Bild-Heft-Bild-Blatt-Bild-Heft-Bild-Blatt-Bild-Heft-Bild-Blatt-Bild-Heft-Bild-Blatt-Bild-Heft\n* ein Rezept-Heft-Blatt-Bild-Heft-Bild-Blatt-Bild-Heft-Bild-Blatt-Bild-Heft-Bild-Blatt-Bild-Heft-Bild-Blatt-Bild-Heft-Bild\n* ein Rezept-Heft-Blatt-Bild-Heft-Bild-Blatt-Bild-Heft-Bild-Blatt-Bild-Heft-Bild-Blatt-Bild-Heft-Bild-Blatt-Bild-Heft-Bild-Blatt\n* ein Rezept-Heft-Blatt-Bild-Heft-Bild-Blatt-Bild-Heft-Bild-Blatt-Bild-Heft-Bild-Blatt-Bild-Heft-Bild-Blatt-Bild-Heft-Bild-Blatt-Bild\n* ein Rezept-Heft-Blatt-Bild-Heft-Bild-Blatt-Bild-Heft-Bild-Blatt-Bild-Heft-Bild-Blatt-Bild-Heft-Bild-Blatt-Bild-Heft-Bild-Blatt-Bild-Heft\n* ein Rezept-Heft-Blatt-Bild-Heft-Bild-Blatt-Bild-Heft-Bild-Blatt-Bild-Heft-Bild-Blatt-Bild-Heft-Bild-Blatt-Bild-Heft-Bild-Blatt-Bild-Heft-Bild\n* ein Rezept-Heft-Blatt-Bild-Heft-Bild-Blatt-Bild-Heft-Bild-Blatt-Bild-Heft-Bild-Blatt-Bild-Heft-Bild-Blatt-Bild-Heft-Bild-Blatt-Bild-Heft-Bild-Blatt\n* ein Rezept-Heft-Blatt-Bild-Heft-Bild-Blatt-Bild-Heft-Bild-Blatt-Bild-Heft-Bild-Blatt-Bild-Heft-Bild-Blatt-Bild-Heft-Bild-Blatt-Bild-Heft-Bild-Blatt-Bild\n* ein Rezept-Heft-Blatt-Bild-Heft-Bild-Blatt-Bild-Heft-Bild-Blatt-Bild-Heft-Bild-Blatt-Bild-Heft-Bild-Blatt-Bild-Heft-Bild-Blatt-Bild-Heft-Bild-Blatt-Bild-Heft\n* ein Rezept-Heft-Blatt-Bild-Heft-Bild-Blatt-Bild-Heft-Bild-Blatt-Bild-Heft-Bild-Blatt-Bild-Heft-Bild-Blatt-Bild-Heft-Bild-Blatt-Bild-Heft-Bild-Blatt-Bild-Heft-Bild\n* ein Rezept-Heft-Blatt-Bild-Heft-Bild-Blatt-Bild-Heft-Bild-Blatt-Bild-Heft-Bild-Blatt-Bild-Heft-Bild-Blatt-Bild-Heft-Bild-Blatt-Bild-Heft-Bild-Blatt-Bild-Heft-Bild-Blatt\n* ein Rezept-Heft-Blatt-Bild-Heft-Bild-Blatt-Bild-Heft-Bild-Blatt-Bild-Heft-Bild-Blatt-Bild-Heft-Bild-Blatt-Bild-Heft-Bild-Blatt-Bild-Heft-Bild-Blatt-Bild-Heft-Bild-Blatt\n* ein Rezept-Heft-Blatt-Bild-Heft-Bild-Blatt-Bild-Heft-Bild-Blatt-Bild-Heft-Bild-Blatt-Bild-Heft-Bild-Blatt-Bild-Heft-Bild-Blatt-Bild-Heft-Bild-Blatt-Bild-Heft-Bild-Blatt-Bild\n* ein Rezept-Heft-Blatt-Bild-Heft-Bild-Blatt-Bild-Heft-Bild-Blatt-Bild-Heft-Bild-Blatt-Bild-Heft-Bild-Blatt-Bild-Heft-Bild-Blatt-Bild-Heft-Bild-Blatt-Bild-Heft-Bild-Blatt-Bild-Heft\n* ein Rezept-Heft-Blatt-Bild-Heft-Bild-Blatt-Bild-Heft-Bild-Blatt-Bild-Heft-Bild-Blatt-Bild-Heft-Bild-Blatt-Bild-Heft-Bild-Blatt-Bild-Heft-Bild-Blatt-Bild-Heft-Bild-Blatt-Bild-Heft-Bild\n* ein Rezept-Heft-Blatt-Bild-Heft-Bild-Blatt-Bild-Heft-Bild-Blatt-Bild-Heft-Bild-Blatt-Bild-Heft-Bild-Blatt-Bild-Heft-Bild-Blatt-Bild-Heft-Bild-Blatt-Bild-Heft-Bild-Blatt-Bild-Heft-Bild-Blatt\n* ein Rezept-Heft-Blatt-Bild-Heft-Bild-Blatt-Bild-Heft-Bild-Blatt-Bild-Heft-Bild-Blatt-Bild-Heft-Bild-Blatt-Bild-Heft-Bild-Blatt-Bild-Heft-Bild-Blatt-Bild-Heft-Bild-Blatt-Bild-Heft-Bild-Blatt-Bild\n* ein Rezept-Heft-Blatt-Bild-Heft-Bild-Blatt-Bild-Heft-Bild-Blatt-Bild-Heft-Bild-Blatt-Bild-Heft-Bild-Blatt-Bild-Heft-Bild-Blatt-Bild-Heft-Bild-Blatt-Bild-Heft-Bild-Blatt-Bild-Heft-Bild-Blatt-Bild-Heft\n* ein Rezept-Heft-Blatt-Bild-Heft-Bild-Blatt-Bild-Heft-Bild-Blatt-Bild-Heft-Bild-Blatt-Bild-Heft-Bild-Blatt-Bild-Heft-Bild-Blatt-Bild-Heft-Bild-Blatt-Bild-Heft-Bild-Blatt-Bild-Heft-Bild-Blatt-Bild-Heft-Bild\n* ein Rezept-Heft-Blatt-Bild-Heft-Bild-Blatt-Bild-Heft-Bild-Blatt-Bild-Heft-Bild-Blatt-Bild-Heft-Bild-Blatt-Bild-Heft-Bild-Blatt-Bild-Heft-Bild-Blatt-Bild-Heft-Bild-Blatt-Bild-Heft-Bild-Blatt-Bild-Heft-Bild\n* ein Rezept-Heft-Blatt-Bild-Heft-Bild-Blatt-Bild-Heft-Bild-Blatt-Bild-Heft-Bild-Blatt-Bild-Heft-Bild-Blatt-Bild-Heft-Bild-Blatt-Bild-Heft-Bild-Blatt-Bild-Heft-Bild-Blatt-Bild-Heft-Bild-Blatt-Bild-Heft-Bild\n* ein Rezept-Heft-Blatt-Bild-Heft-Bild-Blatt-Bild-Heft-Bild-Blatt-Bild-Heft-Bild-Blatt-Bild-Heft-Bild-Blatt-Bild-Heft-Bild-Blatt-Bild-Heft-Bild-Blatt-Bild-Heft-Bild-Blatt-Bild-Heft-Bild-Blatt-Bild-Heft-Bild\n* ein Rezept-Heft-Blatt-Bild-Heft-Bild-Blatt-Bild-Heft-Bild-Blatt-Bild-Heft-Bild-Blatt-Bild-Heft-Bild-Blatt-Bild-Heft-Bild-Blatt-Bild-Heft-Bild-Blatt-Bild-Heft-Bild-Blatt-Bild-Heft-Bild-Blatt-Bild-Heft-Bild\n* ein Rezept-Heft-Blatt-Bild-Heft-Bild-Blatt-Bild-Heft-Bild-Blatt-Bild-Heft-Bild-Blatt-Bild-Heft-Bild-Blatt-Bild-Heft-Bild-Blatt-Bild-Heft-Bild-Blatt-Bild-Heft-Bild-Blatt-Bild-Heft-Bild-Blatt-Bild-Heft-Bild\n* ein Rezept-Heft-Blatt-Bild-Heft-Bild-Blatt-Bild-Heft-Bild-Blatt-Bild-Heft-Bild-Blatt-Bild-Heft-Bild-Blatt-Bild-Heft-Bild-Blatt-Bild-Heft-Bild-Blatt-Bild-Heft-Bild-Blatt-Bild-Heft-Bild-Blatt-Bild-Heft-Bild\n* ein Rezept-Heft-Blatt-Bild-Heft-Bild-Blatt-Bild-Heft-Bild-Blatt-Bild-Heft-Bild-Blatt-Bild-Heft-Bild-Blatt-Bild-Heft-Bild-Blatt-Bild-Heft-Bild-Blatt-Bild-Heft-Bild-Blatt-Bild-Heft-Bild-Blatt-Bild-Heft-Bild\n* ein Rezept-Heft-Blatt-Bild-Heft-Bild-Blatt-Bild-Heft-Bild-Blatt-Bild-Heft-Bild-Blatt-Bild-Heft-Bild-Blatt-Bild-Heft-Bild-Blatt-Bild-Heft-Bild-Blatt-Bild-Heft-Bild-Blatt-Bild-Heft-Bild-Blatt-Bild-Heft-Bild\n* ein Rezept-Heft-Blatt-Bild-Heft-Bild-Blatt-Bild-Heft-Bild-Blatt-Bild-Heft-Bild-Blatt-Bild-Heft-Bild-Blatt-Bild-Heft-Bild-Blatt-Bild-Heft-Bild-Blatt-Bild-Heft-Bild-Blatt-Bild-Heft-Bild-Blatt-Bild-Heft-Bild\n* ein Rezept-Heft-Blatt-Bild-Heft-Bild-Blatt-Bild-Heft-Bild-Blatt-Bild-Heft-Bild-Blatt-Bild-Heft-Bild-Blatt-Bild-Heft-Bild-Blatt-Bild-Heft-Bild-Blatt-Bild-Heft-Bild-Blatt-Bild-Heft-Bild-Blatt-Bild-Heft-Bild\n* ein Rezept-Heft-Blatt-Bild-Heft-Bild-Blatt-Bild-Heft-Bild-Blatt-Bild-Heft-Bild-Blatt-Bild-Heft-Bild-Blatt-Bild-Heft-Bild-Blatt-Bild-Heft-Bild-Blatt-Bild-Heft-Bild-Blatt-Bild-Heft-Bild-Blatt-Bild-Heft-Bild\n* ein Rezept-Heft-Blatt-Bild-Heft-Bild-Blatt-Bild-Heft-Bild-Blatt-Bild-Heft-Bild-Blatt-Bild-Heft-Bild-Blatt-Bild-Heft-Bild-Blatt-Bild-Heft-Bild-Blatt-Bild-Heft-Bild-Blatt-Bild-Heft-Bild-Blatt-Bild-Heft-Bild\n* ein Rezept-Heft-Blatt-Bild-Heft-Bild-Blatt-Bild-Heft-Bild-Blatt-Bild-Heft-Bild-Blatt-Bild-Heft-Bild-Blatt-Bild-Heft-Bild-Blatt-Bild-Heft-Bild-Blatt-Bild-Heft-Bild-Blatt-Bild-Heft-Bild-Blatt-Bild-Heft-Bild\n* ein Rezept-Heft-Blatt-Bild-Heft-Bild-Blatt-Bild-Heft-Bild-Blatt-Bild-Heft-Bild-Blatt-Bild-Heft-Bild-Blatt-Bild-Heft-Bild-Blatt-Bild-Heft-Bild-Blatt-Bild-Heft-Bild-Blatt-Bild-Heft-Bild-Blatt-Bild-Heft-Bild\n* ein Rezept-Heft-Blatt-Bild-Heft-Bild-Blatt-Bild-Heft-Bild-Blatt-Bild-Heft-Bild-Blatt-Bild-Heft-Bild-Blatt-Bild-Heft-Bild-Blatt-Bild-Heft-Bild-Blatt-Bild-Heft-Bild-Blatt-Bild-Heft-Bild-Blatt-Bild-Heft-Bild\n* ein Rezept-Heft-Blatt-Bild-Heft-Bild-Blatt-Bild-Heft-Bild-Blatt-Bild-Heft-Bild-Blatt-Bild-Heft-Bild-Blatt-Bild-Heft-Bild-Blatt-Bild-Heft-Bild-Blatt-Bild-Heft-Bild-Blatt-Bild-Heft-Bild-Blatt-Bild-Heft-Bild\n* ein Rezept-Heft-Blatt-Bild-Heft-Bild-Blatt-Bild-Heft-Bild-
Das 115-Gebärdentelefon hat sich als weiterer Zugang zu den Leistungen der öffentlichen Verwaltung etabliert. Mit Hilfe des 115-Gebärdentelefons können Sie die Behördennummer 115 auch nutzen, wenn Sie gehörlos oder hörgeschädigt sind. Gehörlose und hörgeschädigte Beraterinnen und Berater beantworten Ihnen gerne Ihre Fragen zu Leistungen der öffentlichen Verwaltung.;Das 115-Gebärden-Telefon ist ein Service-Angebot.\nDas 115-Gebärden-Telefon ist für gehörlose Menschen.\nUnd für Menschen mit einer Hör-Behinderung.\nDas 115-Gebärden-Telefon ist kostenlos.\nDas 115-Gebärden-Telefon ist rund um die Uhr erreichbar.\nDas 115-Gebärden-Telefon ist an jedem Tag in der Woche erreichbar.\nDas 115-Gebärden-Telefon ist an jedem Feiertag erreichbar.\nDas 115-Gebärden-Telefon ist ein Video-Telefon.\nDas 115-Gebärden-Telefon ist ein Angebot von der Stadt-Verwaltung München.\nDas 115-Gebärden-Telefon ist ein Angebot von der Bundes-Regierung.\nDas 115-Gebärden-Telefon ist ein Angebot von der Landes-Hauptstadt München.\nDas 115-Gebärden-Telefon ist ein Angebot von der Bundes-Regierung.\nDas 115-Gebärden-Telefon ist ein Angebot von der Stadt-Verwaltung München.\nDas 115-Gebärden-Telefon ist ein Angebot von der Landes-Hauptstadt München.\nDas 115-Gebärden-Telefon ist ein Angebot von der Stadt-Verwaltung München.\nDas 115-Gebärden-Telefon ist ein Angebot von der Landes-Hauptstadt München.\nDas 115-Gebärden-Telefon ist ein Angebot von der Stadt-Verwaltung München.\nDas 115-Gebärden-Telefon ist ein Angebot von der Landes-Hauptstadt München.\nDas 115-Gebärden-Telefon ist ein Angebot von der Stadt-Verwaltung München.\nDas 115-Gebärden-Telefon ist ein Angebot von der Landes-Hauptstadt München.\nDas 115-Gebärden-Telefon ist ein Angebot von der Stadt-Verwaltung München.\nDas 115-Gebärden-Telefon ist ein Angebot von der Landes-Hauptstadt München.\nDas 115-Gebärden-Telefon ist ein Angebot von der Stadt-Verwaltung München.\nDas 115-Gebärden-Telefon ist ein Angebot von der Landes-Hauptstadt München.\nDas 115-Gebärden-Telefon ist ein Angebot von der Stadt-Verwaltung München.\nDas 115-Gebärden-Telefon ist ein Angebot von der Landes-Hauptstadt München.\nDas 115-Gebärden-Telefon ist ein Angebot von der Stadt-Verwaltung München.\nDas 115-Gebärden-Telefon ist ein Angebot von der Landes-Hauptstadt München.\nDas 115-Gebärden-Telefon ist ein Angebot von der Stadt-Verwaltung München.\nDas 115-Gebärden-Telefon ist ein Angebot von der Landes-Hauptstadt München.\nDas 115-Gebärden-Telefon ist ein Angebot von der Stadt-Verwaltung München.\nDas 115-Gebärden-Telefon ist ein Angebot von der Landes-Hauptstadt München.\nDas 115-Gebärden-Telefon ist ein Angebot von der Stadt-Verwaltung München.\nDas 115-Gebärden-Telefon ist ein Angebot von der Landes-Hauptstadt München.\nDas 115-Gebärden-Telefon ist ein Angebot von der Stadt-Verwaltung München.\nDas 115-Gebärden-Telefon ist ein Angebot von der Landes-Hauptstadt München.\nDas 115-Gebärden-Telefon ist ein Angebot von der Stadt-Verwaltung München.\nDas 115-Gebärden-Telefon ist ein Angebot von der Landes-Hauptstadt München.\nDas 115-Gebärden-Telefon ist ein Angebot von der Stadt-Verwaltung München.\nDas 115-Gebärden-Telefon ist ein Angebot von der Landes-Hauptstadt München.\nDas 115-Gebärden-Telefon ist ein Angebot von der Stadt-Verwaltung München.\nDas 115-Gebärden-Telefon ist ein Angebot von der Landes-Hauptstadt München.\nDas 115-Gebärden-Telefon ist ein Angebot von der Stadt-Verwaltung München.\nDas 115-Gebärden-Telefon ist ein Angebot von der Landes-Hauptstadt München.\nDas 115-Gebärden-Telefon ist ein Angebot von der Stadt-Verwaltung München.\nDas 115-Gebärden-Telefon ist ein Angebot von der Landes-Hauptstadt München.\nDas 115-Gebärden-Telefon ist ein Angebot von der Stadt-Verwaltung München.\nDas 115-Gebärden-Telefon ist ein Angebot von der Landes-Hauptstadt München.\nDas 115-Gebärden-Telefon ist ein Angebot von der Stadt-Verwaltung München.\nDas 115-Gebärden-Telefon ist ein Angebot von der Landes-Hauptstadt München.\nDas 115-Gebärden-Telefon ist ein Angebot von der Stadt-Verwaltung München.\nDas 115-Gebärden-Telefon ist ein Angebot von der Landes-Hauptstadt München.\nDas 115-Gebärden-Telefon ist ein Angebot von der Stadt-Verwaltung München.\nDas 115-Gebärden-Telefon ist ein Angebot von der Landes-Hauptstadt München.\nDas 115-Gebärden-Telefon ist ein Angebot von der Stadt-Verwaltung München.\nDas 115-Gebärden-Telefon ist ein Angebot von der Landes-Hauptstadt München.\nDas 115-Gebärden-Telefon ist ein Angebot von der Stadt-Verwaltung München.\nDas 115-Gebärden-Telefon ist ein Angebot von der Landes-Hauptstadt München.\nDas 115-Gebärden-Telefon ist ein Angebot von der Stadt-Verwaltung München.\nDas 115-Gebärden-Telefon ist ein Angebot von der Landes-Hauptstadt München.\nDas 115-Gebärden-Telefon ist ein Angebot von der Stadt-Verwaltung München.\nDas 115-Gebärden-Telefon ist ein Angebot von der Landes-Hauptstadt München.\nDas 115-Gebärden-Telefon ist ein Angebot von der Stadt-Verwaltung München.\nDas 115-Gebärden-Telefon ist ein Angebot von der Landes-Hauptstadt München.\nDas 115-Gebärden-Telefon ist ein Angebot von der Stadt-Verwaltung München.\nDas 115-Gebärden-Telefon ist ein Angebot von der Landes-Hauptstadt München.\nDas 115-Gebärden-Telefon ist ein Angebot von der Stadt-Verwaltung München.\nDas 115-Gebärden-Telefon ist ein Angebot von der Landes-Hauptstadt München.\nDas 115-Gebärden-Telefon ist ein Angebot von der Stadt-Verwaltung München.\nDas 115-Gebärden-Telefon ist ein Angebot von der Landes-Hauptstadt München.\nDas 115-Gebärden-Telefon ist ein Angebot von der Stadt-Verwaltung München.\nDas 115-Gebärden-Telefon ist ein Angebot von der Landes-Hauptstadt München.\nDas 115-Gebärden-Telefon ist ein Angebot von der Stadt-Verwaltung München.\nDas 115-Gebärden-Telefon ist ein Angebot von der Landes-Hauptstadt München.\nDas 115-Gebärden-Telefon ist ein Angebot von der Stadt-Verwaltung München.\nDas 115-Gebärden-Telefon ist ein Angebot von der Landes-Hauptstadt München.\nDas 115-Gebärden-Telefon ist ein Angebot von der Stadt-Verwaltung München.\nDas 115-Gebärden-Telefon ist ein Angebot von der Landes-Hauptstadt München.\nDas 115-Gebärden-Telefon ist ein Angebot von der Stadt-Verwaltung München.\nDas 115-Gebärden-Telefon ist ein Angebot von der Landes-Hauptstadt München.\nDas 115-Gebärden-Telefon ist ein Angebot von der Stadt-Verwaltung München.\nDas 115-Gebärden-Telefon ist ein Angebot von der Landes-Hauptstadt München.\nDas 115-Gebärden-Telefon ist ein Angebot von der Stadt-Verwaltung München.\nDas 115-Gebärden-Telefon ist ein Angebot von der Landes-Hauptstadt München.\nDas 115-Gebärden-Telefon ist ein Angebot von der Stadt-Verwaltung München.\nDas 115-Gebärden-Telefon ist ein Angebot von der Landes-Hauptstadt München.\nDas 115-Gebärden-Telefon ist ein Angebot von der Stadt-Verwaltung München.\nDas 115-Gebärden-Telefon ist ein Angebot von der Landes-Hauptstadt München.\nDas 115-Gebärden-Telefon ist ein Angebot von der Stadt-Verwaltung München.\nDas 115-Gebärden-Telefon ist ein Angebot von der Landes-Hauptstadt München.\nDas 115-Gebärden-Telefon ist ein Angebot von der Stadt-Verwaltung München.\nDas 115-Gebärden-Telefon ist ein Angebot von der Landes-Hauptstadt München.\nDas 115-Gebärden-Telefon ist ein Angebot von der Stadt-Verwaltung München.\nDas 115-Gebärden-Telefon ist ein Angebot von der Landes-Hauptstadt München.\nDas 115-Gebärden-Telefon ist ein Angebot von der Stadt-Verwaltung München.\nDas 115-Gebärden-Telefon ist ein Angebot von der Landes-Hauptstadt München.\nDas 115-Gebärden-Telefon ist ein Angebot von der Stadt-Verwaltung München.\nDas 115-Gebärden-Telefon ist ein Angebot von der Landes-Hauptstadt München.\nDas 115-Gebärden-Telefon ist ein Angebot von der Stadt-Verwaltung München.\nDas 115-Gebärden-Telefon ist ein Angebot von der Landes-Hauptstadt München.\nDas 115-Gebärden-Telefon ist ein Angebot von der Stadt-Verwaltung München.\nDas 115-Gebärden-Telefon ist ein Angebot von der Landes-Hauptstadt München.\nDas 115-Gebärden-Telefon ist ein Angebot von der Stadt-Verwaltung München.\nDas 115-Gebärden-Telefon ist ein Angebot von der Landes-Hauptstadt München.\nDas 115-Gebärden-Telefon ist ein Angebot von der Stadt-Verwaltung München.\nDas 115-Gebärden-Telefon ist ein Angebot von der Landes-Hauptstadt München.\nDas 115-Gebärden-Telefon ist ein Angebot von der Stadt-Verwaltung München.\nDas 115-Gebärden-Telefon ist ein Angebot von der Landes-Hauptstadt München.\nDas 115-Gebärden-Telefon ist ein Angebot von der Stadt-Verwaltung München.\nDas 115-Gebärden-Telefon ist ein Angebot von der Landes-Hauptstadt München.\nDas 115-Gebärden-Telefon ist ein Angebot von der Stadt-Verwaltung München.\nDas 115-Gebärden-Telefon ist ein Angebot von der Landes-Hauptstadt München.\nDas 115-Gebärden-Telefon ist ein Angebot von der Stadt-Verwaltung München.\nDas 115-Gebärden-Telefon ist ein Angebot von der Landes-Hauptstadt München.\nDas 115-Gebärden-Telefon ist ein Angebot von der Stadt-Verwaltung München.\nDas 115-Gebärden-Telefon ist ein Angebot von der Landes-Hauptstadt München.\nDas 115-Gebärden-Telefon ist ein Angebot von der Stadt-Verwaltung München.\nDas 115-Gebärden-Telefon ist ein Angebot von der Landes-Hauptstadt München.\nDas 115-Gebärden-Telefon ist ein Angebot von der Stadt-Verwaltung München.\nDas 115-Gebärden-Telefon ist ein Angebot von der Landes-Hauptstadt München.\nDas 115-Gebärden-Telefon ist ein Angebot von der Stadt-Verwaltung München.\nDas 115-Gebärden-Telefon ist ein Angebot von der Landes-Hauptstadt München.\nDas 115-Gebärden-Telefon ist ein Angebot von der Stadt-Verwaltung München.\nDas 115-Gebärden-Telefon ist ein Angebot von der Landes-Hauptstadt München.\nDas 115-Gebärden-Telefon ist ein Angebot von der Stadt-Verwaltung München.\nDas 115-Gebärden-Telefon ist ein Angebot von der Landes-Hauptstadt München.\nDas 115-Gebärden-Telefon ist ein Angebot von der Stadt-Verwaltung München.\nDas 115-Gebärden-Telefon ist ein Angebot von der Landes-Hauptstadt München.\nDas 115-Gebärden-Telefon ist ein Angebot von der Stadt-Verwaltung München.\nDas 115-Gebärden-Telefon ist ein Angebot von der Landes-Hauptstadt München.\nDas 115-Gebärden-Telefon ist ein Angebot von der Stadt-Verwaltung München.\nDas 115-Gebärden-Telefon ist ein Angebot von der Landes-Hauptstadt München.\nDas 115-Gebärden-Telefon ist ein Angebot von der Stadt-Verwaltung München.\nDas 115-Gebärden-Telefon ist ein Angebot von der Landes-Hauptstadt München.\nDas 115-Gebärden-Telefon ist ein Angebot von der Stadt-Verwaltung München.\nDas 115-Gebärden-Telefon ist ein Angebot von der Landes-Hauptstadt München.\nDas 115-Gebärden-Telefon ist ein Angebot von der Stadt-Verwaltung München.\nDas 115-Gebärden-Telefon ist ein Angebot von der Landes-Hauptstadt München.\nDas 115-Gebärden-Telefon ist ein Angebot von der Stadt-Verwaltung München.\nDas 115-Gebärden-Telefon ist ein Angebot von der Landes-Hauptstadt München.\nDas 115-Gebärden-Telefon ist ein Angebot von der Stadt-Verwaltung München.\nDas 115-Gebärden-Telefon ist ein Angebot von der Landes-Hauptstadt München.\nDas 115-Gebärden-Telefon ist ein Angebot von der Stadt-Verwaltung München.\nDas 115-Gebärden-Telefon ist ein Angebot von der Landes-Hauptstadt München.\nDas 115-Gebärden-Telefon ist ein Angebot von der Stadt-Verwaltung München.\nDas 115-Gebärden-Telefon ist ein Angebot von der Landes-Hauptstadt München.\nDas 115-Gebärden-Telefon ist ein Angebot von der Stadt-Verwaltung München.\nDas 115-Gebärden-Telefon ist ein Angebot von der Landes-Hauptstadt München.\nDas 115-Gebärden-Telefon ist ein Angebot von der Stadt-Verwaltung München.\nDas 115-Gebärden-Telefon ist ein Angebot von der Landes-Hauptstadt München.\nDas 115-Gebärden-Telefon ist ein Angebot von der Stadt-Verwaltung München.\nDas 115-Gebärden-Telefon ist ein Angebot von der Landes-Hauptstadt München.\nDas 115-Gebärden-Telefon ist ein Angebot von der Stadt-Verwaltung München.\nDas 115-Gebärden-Telefon ist ein Angebot von der Landes-Hauptstadt München.\nDas 115-Gebärden-Telefon ist ein Angebot von der Stadt-Verwaltung München.\nDas 115-Gebärden-Telefon ist ein Angebot von der Landes-Hauptstadt München.\nDas 115-Gebärden-Telefon ist ein Angebot von der Stadt-Verwaltung München.\nDas 115-Gebärden-Telefon ist ein Angebot von der Landes-Hauptstadt München.\nDas 115-Gebärden-Telefon ist ein Angebot von der Stadt-Verwaltung München.\nDas 115-Gebärden-Telefon ist ein Angebot von der Landes-Hauptstadt München.\nDas 115-Gebärden-Telefon ist ein Angebot von der Stadt-Verwaltung München.\nDas 115-Gebärden-Telefon ist ein Angebot von der Landes-Hauptstadt München.\nDas 115-Gebärden-Telefon ist ein Angebot von der Stadt-Verwaltung München.\nDas 115-Gebärden-Telefon ist ein Angebot von der Landes-Hauptstadt München.\nDas 115-Gebärden-Telefon ist ein Angebot von der Stadt-Verwaltung München.\nDas 115-Gebärden-Telefon ist ein Angebot von der Landes-Hauptstadt München.\nDas 115-Gebärden-Telefon ist ein Angebot von der Stadt-Verwaltung München.\nDas 115-Gebärden-Telefon ist ein Angebot von der Landes-Hauptstadt München.\nDas 115-Gebärden-Telefon ist ein Angebot von der Stadt-Verwaltung München.\nDas 115-Gebärden-Telefon ist ein Angebot von der Landes-Hauptstadt München.\nDas 115-Gebärden-Telefon ist ein Angebot von der Stadt-Verwaltung München.\nDas 115-Gebärden-Telefon ist ein Angebot von der Landes-Hauptstadt München.\nDas 115-Gebärden-Telefon ist ein Angebot von der Stadt-Verwaltung München.\nDas 115-Gebärden-Telefon ist ein Angebot von der Landes-Hauptstadt München.\nDas 115-Gebärden-Telefon ist ein Angebot von der Stadt-Verwaltung München.\nDas 115-Gebärden-Telefon ist ein Angebot von der Landes-Hauptstadt München.\nDas 115-Gebärden-Telefon ist ein Angebot von der Stadt-Verwaltung München.\nDas 115-Gebärden-Telefon ist ein Angebot von der Landes-Hauptstadt München.\nDas 115-Gebärden-Telefon ist ein Angebot von der Stadt-Verwaltung München.\nDas 115-Gebärden-Telefon ist ein Angebot von der Landes-Hauptstadt München.\nDas 115-Gebärden-Telefon ist ein Angebot von der Stadt-Verwaltung München.\nDas 115-Gebärden-Telefon ist ein Angebot von der Landes-Hauptstadt München.\nDas 115-Gebärden-Telefon ist ein Angebot von der Stadt-Verwaltung München.\nDas 115-Gebärden-Telefon ist ein Angebot von der Landes-Hauptstadt München.\nDas 115-Gebärden-Telefon ist ein Angebot von der Stadt-Verwaltung München.\nDas 115-Gebärden-Telefon ist ein Angebot von der Landes-Hauptstadt München.\nDas 115-Gebärden-Telefon ist ein Angebot von der Stadt-Verwaltung München.\nDas 115-Gebärden-Telefon ist ein Angebot von der Landes-Hauptstadt München.\nDas 115-G
Die 115 erteilt ausschließlich behördliche Auskünfte. Fragen zu wie z.B. Wegbeschreibungen, Wetterauskünften oder touristischen Informationen können unter der 115 nicht erteilt werden.;Die Behörden-Ruf-Nummer 115 ist für alle Bürger und Bürgerinnen.\nBürger und Bürgerinnen können dort anrufen.\nUnd ihre Fragen stellen.\nZum Beispiel:\n* Wie sperrt man seinen Personal-Ausweis?\n* Wie beantragt man einen Schwer-Behinderten-Ausweis?\n* Wann ist das Bürger-Büro in der Innen-Stadt geöffnet?\n* Was muss man mitbringen, wenn man einen Reise-Pass beantragen will?\n* Wie viel kostet ein Kinder-Reise-Dokument?\n* Wie viel kostet ein Personal-Ausweis?\n* Wie viel kostet ein Reise-Pass?\n* Wie viel kostet ein vorläufiger Reise-Pass?\n* Wie viel kostet ein vorläufiger Personal-Ausweis?\n* Wie viel kostet ein vorläufiges Kinder-Reise-Dokument?\n* Wie viel kostet ein vorläufiges Reise-Dokument?\n* Wie viel kostet ein vorläufiges Reise-Dokument für Ausländer?\n* Wie viel kostet ein vorläufiges Reise-Dokument für Staaten-Lose?\n* Wie viel kostet ein vorläufiges Reise-Dokument für Staaten-Lose?\n* Wie viel kostet ein vorläufiges Reise-Dokument für Staaten-Lose?\n* Wie viel kostet ein vorläufiges Reise-Dokument für Staaten-Lose?\n* Wie viel kostet ein vorläufiges Reise-Dokument für Staaten-Lose?\n* Wie viel kostet ein vorläufiges Reise-Dokument für Staaten-Lose?\n* Wie viel kostet ein vorläufiges Reise-Dokument für Staaten-Lose?\n* Wie viel kostet ein vorläufiges Reise-Dokument für Staaten-Lose?\n* Wie viel kostet ein vorläufiges Reise-Dokument für Staaten-Lose?\n* Wie viel kostet ein vorläufiges Reise-Dokument für Staaten-Lose?\n* Wie viel kostet ein vorläufiges Reise-Dokument für Staaten-Lose?\n* Wie viel kostet ein vorläufiges Reise-Dokument für Staaten-Lose?\n* Wie viel kostet ein vorläufiges Reise-Dokument für Staaten-Lose?\n* Wie viel kostet ein vorläufiges Reise-Dokument für Staaten-Lose?\n* Wie viel kostet ein vorläufiges Reise-Dokument für Staaten-Lose?\n* Wie viel kostet ein vorläufiges Reise-Dokument für Staaten-Lose?\n* Wie viel kostet ein vorläufiges Reise-Dokument für Staaten-Lose?\n* Wie viel kostet ein vorläufiges Reise-Dokument für Staaten-Lose?\n* Wie viel kostet ein vorläufiges Reise-Dokument für Staaten-Lose?\n* Wie viel kostet ein vorläufiges Reise-Dokument für Staaten-Lose?\n* Wie viel kostet ein vorläufiges Reise-Dokument für Staaten-Lose?\n* Wie viel kostet ein vorläufiges Reise-Dokument für Staaten-Lose?\n* Wie viel kostet ein vorläufiges Reise-Dokument für Staaten-Lose?\n* Wie viel kostet ein vorläufiges Reise-Dokument für Staaten-Lose?\n* Wie viel kostet ein vorläufiges Reise-Dokument für Staaten-Lose?\n* Wie viel kostet ein vorläufiges Reise-Dokument für Staaten-Lose?\n* Wie viel kostet ein vorläufiges Reise-Dokument für Staaten-Lose?\n* Wie viel kostet ein vorläufiges Reise-Dokument für Staaten-Lose?\n* Wie viel kostet ein vorläufiges Reise-Dokument für Staaten-Lose?\n* Wie viel kostet ein vorläufiges Reise-Dokument für Staaten-Lose?\n* Wie viel kostet ein vorläufiges Reise-Dokument für Staaten-Lose?\n* Wie viel kostet ein vorläufiges Reise-Dokument für Staaten-Lose?\n* Wie viel kostet ein vorläufiges Reise-Dokument für Staaten-Lose?\n* Wie viel kostet ein vorläufiges Reise-Dokument für Staaten-Lose?\n* Wie viel kostet ein vorläufiges Reise-Dokument für Staaten-Lose?\n* Wie viel kostet ein vorläufiges Reise-Dokument für Staaten-Lose?\n* Wie viel kostet ein vorläufiges Reise-Dokument für Staaten-Lose?\n* Wie viel kostet ein vorläufiges Reise-Dokument für Staaten-Lose?\n* Wie viel kostet ein vorläufiges Reise-Dokument für Staaten-Lose?\n* Wie viel kostet ein vorläufiges Reise-Dokument für Staaten-Lose?\n* Wie viel kostet ein vorläufiges Reise-Dokument für Staaten-Lose?\n* Wie viel kostet ein vorläufiges Reise-Dokument für Staaten-Lose?\n* Wie viel kostet ein vorläufiges Reise-Dokument für Staaten-Lose?\n* Wie viel kostet ein vorläufiges Reise-Dokument für Staaten-Lose?\n* Wie viel kostet ein vorläufiges Reise-Dokument für Staaten-Lose?\n* Wie viel kostet ein vorläufiges Reise-Dokument für Staaten-Lose?\n* Wie viel kostet ein vorläufiges Reise-Dokument für Staaten-Lose?\n* Wie viel kostet ein vorläufiges Reise-Dokument für Staaten-Lose?\n* Wie viel kostet ein vorläufiges Reise-Dokument für Staaten-Lose?\n* Wie viel kostet ein vorläufiges Reise-Dokument für Staaten-Lose?\n* Wie viel kostet ein vorläufiges Reise-Dokument für Staaten-Lose?\n* Wie viel kostet ein vorläufiges Reise-Dokument für Staaten-Lose?\n* Wie viel kostet ein vorläufiges Reise-Dokument für Staaten-Lose?\n* Wie viel kostet ein vorläufiges Reise-Dokument für Staaten-Lose?\n* Wie viel kostet ein vorläufiges Reise-Dokument für Staaten-Lose?\n* Wie viel kostet ein vorläufiges Reise-Dokument für Staaten-Lose?\n* Wie viel kostet ein vorläufiges Reise-Dokument für Staaten-Lose?\n* Wie viel kostet ein vorläufiges Reise-Dokument für Staaten-Lose?\n* Wie viel kostet ein vorläufiges Reise-Dokument für Staaten-Lose?\n* Wie viel kostet ein vorläufiges Reise-Dokument für Staaten-Lose?\n* Wie viel kostet ein vorläufiges Reise-Dokument für Staaten-Lose?\n* Wie viel kostet ein vorläufiges Reise-Dokument für Staaten-Lose?\n* Wie viel kostet ein vorläufiges Reise-Dokument für Staaten-Lose?\n* Wie viel kostet ein vorläufiges Reise-Dokument für Staaten-Lose?\n* Wie viel kostet ein vorläufiges Reise-Dokument für Staaten-Lose?\n* Wie viel kostet ein vorläufiges Reise-Dokument für Staaten-Lose?\n* Wie viel kostet ein vorläufiges Reise-Dokument für Staaten-Lose?\n* Wie viel kostet ein vorläufiges Reise-Dokument für Staaten-Lose?\n* Wie viel kostet ein vorläufiges Reise-Dokument für Staaten-Lose?\n* Wie viel kostet ein vorläufiges Reise-Dokument für Staaten-Lose?\n* Wie viel kostet ein vorläufiges Reise-Dokument für Staaten-Lose?\n* Wie viel kostet ein vorläufiges Reise-Dokument für Staaten-Lose?\n* Wie viel kostet ein vorläufiges Reise-Dokument für Staaten-Lose?\n* Wie viel kostet ein vorläufiges Reise-Dokument für Staaten-Lose?\n* Wie viel kostet ein vorläufiges Reise-Dokument für Staaten-Lose?\n* Wie viel kostet ein vorläufiges Reise-Dokument für Staaten-Lose?\n* Wie viel kostet ein vorläufiges Reise-Dokument für Staaten-Lose?\n* Wie viel kostet ein vorläufiges Reise-Dokument für Staaten-Lose?\n* Wie viel kostet ein vorläufiges Reise-Dokument für Staaten-Lose?\n* Wie viel kostet ein vorläufiges Reise-Dokument für Staaten-Lose?\n* Wie viel kostet ein vorläufiges Reise-Dokument für Staaten-Lose?\n* Wie viel kostet ein vorläufiges Reise-Dokument für Staaten-Lose?\n* Wie viel kostet ein vorläufiges Reise-Dokument für Staaten-Lose?\n* Wie viel kostet ein vorläufiges Reise-Dokument für Staaten-Lose?\n* Wie viel kostet ein vorläufiges Reise-Dokument für Staaten-Lose?\n* Wie viel kostet ein vorläufiges Reise-Dokument für Staaten-Lose?\n* Wie viel kostet ein vorläufiges Reise-Dokument für Staaten-Lose?\n* Wie viel kostet ein vorläufiges Reise-Dokument für Staaten-Lose?\n* Wie viel kostet ein vorläufiges Reise-Dokument für Staaten-Lose?\n* Wie viel kostet ein vorläufiges Reise-Dokument für Staaten-Lose?\n* Wie viel kostet ein vorläufiges Reise-Dokument für Staaten-Lose?\n* Wie viel kostet ein vorläufiges Reise-Dokument für Staaten-Lose?\n* Wie viel kostet ein vorläufiges Reise-Dokument für Staaten-Lose?\n* Wie viel kostet ein vorläufiges Reise-Dokument für Staaten-Lose?\n* Wie viel kostet ein vorläufiges Reise-Dokument für Staaten-Lose?\n* Wie viel kostet ein vorläufiges Reise-Dokument für Staaten-Lose?\n* Wie viel kostet ein vorläufiges Reise-Dokument für Staaten-Lose?\n* Wie viel kostet ein vorläufiges Reise-Dokument für Staaten-Lose?\n* Wie viel kostet ein vorläufiges Reise-Dokument für Staaten-Lose?\n* Wie viel kostet ein vorläufiges Reise-Dokument für Staaten-Lose?\n* Wie viel kostet ein vorläufiges Reise-Dokument für Staaten-Lose?\n* Wie viel kostet ein vorläufiges Reise-Dokument für Staaten-Lose?\n* Wie viel kostet ein vorläufiges Reise-Dokument für Staaten-Lose?\n* Wie viel kostet ein vorläufiges Reise-Dokument für Staaten-Lose?\n* Wie viel kostet ein vorläufiges Reise-Dokument für Staaten-Lose?\n* Wie viel kostet ein vorläufiges Reise-Dokument für Staaten-Lose?\n* Wie viel kostet ein vorläufiges Reise-Dokument für Staaten-Lose?\n* Wie viel kostet ein vorläufiges Reise-Dokument für Staaten-Lose?\n* Wie viel kostet ein vorläufiges Reise-Dokument für Staaten-Lose?\n* Wie viel kostet ein vorläufiges Reise-Dokument für Staaten-Lose?\n* Wie viel kostet ein vorläufiges Reise-Dokument für Staaten-Lose?\n* Wie viel kostet ein vorläufiges Reise-Dokument für Staaten-Lose?\n* Wie viel kostet ein vorläufiges Reise-Dokument für Staaten-Lose?\n* Wie viel kostet ein vorläufiges Reise-Dokument für Staaten-Lose?\n* Wie viel kostet ein vorläufiges Reise-Dokument für Staaten-Lose?\n* Wie viel kostet ein vorläufiges Reise-Dokument für Staaten-Lose?\n* Wie viel kostet ein vorläufiges Reise-Dokument für Staaten-Lose?\n* Wie viel kostet ein vorläufiges Reise-Dokument für Staaten-Lose?\n* Wie viel kostet ein vorläufiges Reise-Dokument für Staaten-Lose?\n* Wie viel kostet ein vorläufiges Reise-Dokument für Staaten-Lose?\n* Wie viel kostet ein vorläufiges Reise-Dokument für Staaten-Lose?\n* Wie viel kostet ein vorläufiges Reise-Dokument für Staaten-Lose?\n* Wie viel kostet ein vorläufiges Reise-Dokument für Staaten-Lose?\n* Wie viel kostet ein vorläufiges Reise-Dokument für Staaten-Lose?\n* Wie viel kostet ein vorläufiges Reise-Dokument für Staaten-Lose?\n* Wie viel kostet ein vorläufiges Reise-Dokument für Staaten-Lose?\n* Wie viel kostet ein vorläufiges Reise-Dokument für Staaten-Lose?\n* Wie viel kostet ein vorläufiges Reise-Dokument für Staaten-Lose?\n* Wie viel kostet ein vorläufiges Reise-Dokument für Staaten-Lose?\n* Wie viel kostet ein vorläufiges Reise-Dokument für Staaten-Lose?\n* Wie viel kostet ein vorläufiges Reise-Dokument für Staaten-Lose?\n* Wie viel kostet ein vorläufiges Reise-Dokument für Staaten-Lose?\n* Wie viel kostet ein vorläufiges Reise-Dokument für Staaten-Lose?\n* Wie viel kostet ein vorläufiges Reise-Dokument für Staaten-Lose?\n* Wie viel kostet ein vorläufiges Reise-Dokument für Staaten-Lose?\n* Wie viel kostet ein vorläufiges Reise-Dokument für Staaten-Lose?\n* Wie viel kostet ein vorläufiges Reise-Dokument für Staaten-Lose?\n* Wie viel kostet ein vorläufiges Reise-Dokument für Staaten-Lose?\n* Wie viel kostet ein vorläufiges Reise-Dokument für Staaten-Lose?\n* Wie viel kostet ein vorläufiges Reise-Dokument für Staaten-Lose?\n* Wie viel kostet ein vorläufiges Reise-Dokument für Staaten-Lose?\n* Wie viel kostet ein vorläufiges Reise-Dokument für Staaten-Lose?\n* Wie viel kostet ein vorläufiges Reise-Dokument für Staaten-Lose?\n* Wie viel kostet ein vorläufiges Reise-Dokument für Staaten-Lose?\n* Wie viel kostet ein vorläufiges Reise-Dokument für Staaten-Lose?\n* Wie viel kostet ein vorläufiges Reise-Dokument für Staaten-Lose?\n* Wie viel kostet ein vorläufiges Reise-Dokument für Staaten-Lose?\n* Wie viel kostet ein vorläufiges Reise-Dokument für Staaten-Lose?\n* Wie viel kostet ein vorläufiges Reise-Dokument für Staaten-Lose?\n* Wie viel kostet ein vorläufiges Reise-Dokument für Staaten-Lose?\n* Wie viel kostet ein vorläufiges Reise-Dokument für Staaten-Lose?\n* Wie viel kostet ein vorläufiges Reise-Dokument für Staaten-Lose?\n* Wie viel kostet ein vorläufiges Reise-Dokument für Staaten-Lose?\n* Wie viel kostet ein vorläufiges Reise-Dokument für Staaten-Lose?\n* Wie viel kostet ein vorläufiges Reise-Dokument für Staaten-Lose?\n* Wie viel kostet ein vorläufiges Reise-Dokument für Staaten-Lose?\n* Wie viel kostet ein vorläufiges Reise-Dokument für Staaten-Lose?\n* Wie viel kostet ein vorläufiges Reise-Dokument für Staaten-Lose?\n* Wie viel kostet ein vorläufiges Reise-Dokument für Staaten-Lose?\n* Wie viel kostet ein vorläufiges Reise-Dokument für Staaten-Lose?\n* Wie viel kostet ein vorläufiges Reise-Dokument für Staaten-Lose?\n* Wie viel kostet ein vorläufiges Reise-Dokument für Staaten-Lose?\n* Wie viel kostet ein vorläufiges Reise-Dokument für Staaten-Lose?\n* Wie viel kostet ein vorläufiges Reise-Dokument für Staaten-Lose?\n* Wie viel kostet ein vorläufiges Reise-Dokument für Staaten-Lose?\n* Wie viel kostet ein vorläufiges Reise-Dokument für Staaten-Lose?\n* Wie viel kostet ein vorläufiges Reise-Dokument für Staaten-Lose?\n* Wie viel kostet ein vorläufiges Reise-Dokument für Staaten-Lose?\n* Wie viel kostet ein vorläufiges Reise-Dokument für Staaten-Lose?\n* Wie viel kostet ein vorläufiges Reise-Dokument für Staaten-Lose?\n* Wie viel kostet ein vorläufiges Reise-Dokument für Staaten-Lose?\n* Wie viel kostet ein vorläufiges Reise-Dokument für Staaten-Lose?\n* Wie viel kostet ein vorläufiges Reise-Dokument für Staaten-Lose?\n* Wie viel kostet ein vorläufiges Reise-Dokument für Staaten-Lose?\n* Wie viel kostet ein vorläufiges Reise-Dokument für Staaten-Lose?\n* Wie viel kostet ein vorläufiges Reise-Dokument für Staaten-Lose?\n* Wie viel kostet ein vorläufiges Reise-Dokument für Staaten-Lose?\n* Wie viel kostet ein vorläufiges Reise-Dokument für Staaten-Lose?\n* Wie viel kostet ein vorläufiges Reise-Dokument für Staaten-Lose?\n* Wie viel kostet ein vorläufiges Reise-Dokument für Staaten-Lose?\n* Wie viel kostet ein vorläufiges Reise-Dokument für Staaten-Lose?\n* Wie viel kostet ein vorläufiges Reise-Dokument für Staaten-Lose?\n* Wie viel kostet ein vorläufiges Reise-Dokument für Staaten-Lose?\n* Wie viel kostet ein vorläufiges Reise-Dokument für Staaten-Lose?\n* Wie viel
Bei der Behördennummer wird der persönliche Kontakt groß geschrieben. Von Montag bis Freitag, 8 bis 18 Uhr, können den Mitarbeitenden der 115-Servicecenter Fragen gestellt werden. Die meisten Anliegen werden direkt beantwortet. Falls dies einmal nicht möglich ist, verspricht die 115 eine schnelle Rückmeldung.;Die Behörden-Nummer ist 115.\nSie können die Behörden-Nummer anrufen.\nSie können dort Fragen stellen.\nZum Beispiel:\n* Wann hat das Bürger-Büro geöffnet?\n* Was muss ich mitbringen, wenn ich einen Personal-Ausweis beantragen will?\n* Wie viel kostet ein Kinder-Reise-Dokument?\n* Wie lange dauert es, bis ich einen Reise-Pass bekomme?\n* Wie kann ich einen Termin im Bürger-Büro ausmachen?\n* Wo ist das Bürger-Büro?\n* Wie komme ich mit dem Bus zum Bürger-Büro?\n* Wie komme ich mit der Straßen-Bahn zum Bürger-Büro?\n* Wie komme ich mit der U-Bahn zum Bürger-Büro?\n* Wie komme ich mit der S-Bahn zum Bürger-Büro?\n* Wie komme ich mit dem Auto zum Bürger-Büro?\n* Gibt es Park-Plätze beim Bürger-Büro?\n* Gibt es einen Fahrstuhl im Bürger-Büro?\n* Gibt es eine Toilette im Bürger-Büro?\n* Kann ich im Bürger-Büro etwas kopieren?\n* Kann ich im Bürger-Büro etwas drucken?\n* Kann ich im Bürger-Büro etwas scannen?\n* Kann ich im Bürger-Büro etwas faxen?\n* Kann ich im Bürger-Büro etwas einscannen?\n* Kann ich im Bürger-Büro etwas laminieren?\n* Kann ich im Bürger-Büro etwas binden?\n* Kann ich im Bürger-Büro etwas fotografieren?\n* Kann ich im Bürger-Büro etwas unterschreiben?\n* Kann ich im Bürger-Büro etwas stempeln?\n* Kann ich im Bürger-Büro etwas bezahlen?\n* Kann ich im Bürger-Büro etwas abholen?\n* Kann ich im Bürger-Büro etwas abgeben?\n* Kann ich im Bürger-Büro etwas nachfragen?\n* Kann ich im Bürger-Büro etwas nachlesen?\n* Kann ich im Bürger-Büro etwas nachsehen?\n* Kann ich im Bürger-Büro etwas nachreichen?\n* Kann ich im Bürger-Büro etwas nachbestellen?\n* Kann ich im Bürger-Büro etwas nachmachen?\n* Kann ich im Bürger-Büro etwas nachfüllen?\n* Kann ich im Bürger-Büro etwas nachfüllen?\n* Kann ich im Bürger-Büro etwas nachfüllen?\n* Kann ich im Bürger-Büro etwas nachfüllen?\n* Kann ich im Bürger-Büro etwas nachfüllen?\n* Kann ich im Bürger-Büro etwas nachfüllen?\n* Kann ich im Bürger-Büro etwas nachfüllen?\n* Kann ich im Bürger-Büro etwas nachfüllen?\n* Kann ich im Bürger-Büro etwas nachfüllen?\n* Kann ich im Bürger-Büro etwas nachfüllen?\n* Kann ich im Bürger-Büro etwas nachfüllen?\n* Kann ich im Bürger-Büro etwas nachfüllen?\n* Kann ich im Bürger-Büro etwas nachfüllen?\n* Kann ich im Bürger-Büro etwas nachfüllen?\n* Kann ich im Bürger-Büro etwas nachfüllen?\n* Kann ich im Bürger-Büro etwas nachfüllen?\n* Kann ich im Bürger-Büro etwas nachfüllen?\n* Kann ich im Bürger-Büro etwas nachfüllen?\n* Kann ich im Bürger-Büro etwas nachfüllen?\n* Kann ich im Bürger-Büro etwas nachfüllen?\n* Kann ich im Bürger-Büro etwas nachfüllen?\n* Kann ich im Bürger-Büro etwas nachfüllen?\n* Kann ich im Bürger-Büro etwas nachfüllen?\n* Kann ich im Bürger-Büro etwas nachfüllen?\n* Kann ich im Bürger-Büro etwas nachfüllen?\n* Kann ich im Bürger-Büro etwas nachfüllen?\n* Kann ich im Bürger-Büro etwas nachfüllen?\n* Kann ich im Bürger-Büro etwas nachfüllen?\n* Kann ich im Bürger-Büro etwas nachfüllen?\n* Kann ich im Bürger-Büro etwas nachfüllen?\n* Kann ich im Bürger-Büro etwas nachfüllen?\n* Kann ich im Bürger-Büro etwas nachfüllen?\n* Kann ich im Bürger-Büro etwas nachfüllen?\n* Kann ich im Bürger-Büro etwas nachfüllen?\n* Kann ich im Bürger-Büro etwas nachfüllen?\n* Kann ich im Bürger-Büro etwas nachfüllen?\n* Kann ich im Bürger-Büro etwas nachfüllen?\n* Kann ich im Bürger-Büro etwas nachfüllen?\n* Kann ich im Bürger-Büro etwas nachfüllen?\n* Kann ich im Bürger-Büro etwas nachfüllen?\n* Kann ich im Bürger-Büro etwas nachfüllen?\n* Kann ich im Bürger-Büro etwas nachfüllen?\n* Kann ich im Bürger-Büro etwas nachfüllen?\n* Kann ich im Bürger-Büro etwas nachfüllen?\n* Kann ich im Bürger-Büro etwas nachfüllen?\n* Kann ich im Bürger-Büro etwas nachfüllen?\n* Kann ich im Bürger-Büro etwas nachfüllen?\n* Kann ich im Bürger-Büro etwas nachfüllen?\n* Kann ich im Bürger-Büro etwas nachfüllen?\n* Kann ich im Bürger-Büro etwas nachfüllen?\n* Kann ich im Bürger-Büro etwas nachfüllen?\n* Kann ich im Bürger-Büro etwas nachfüllen?\n* Kann ich im Bürger-Büro etwas nachfüllen?\n* Kann ich im Bürger-Büro etwas nachfüllen?\n* Kann ich im Bürger-Büro etwas nachfüllen?\n* Kann ich im Bürger-Büro etwas nachfüllen?\n* Kann ich im Bürger-Büro etwas nachfüllen?\n* Kann ich im Bürger-Büro etwas nachfüllen?\n* Kann ich im Bürger-Büro etwas nachfüllen?\n* Kann ich im Bürger-Büro etwas nachfüllen?\n* Kann ich im Bürger-Büro etwas nachfüllen?\n* Kann ich im Bürger-Büro etwas nachfüllen?\n* Kann ich im Bürger-Büro etwas nachfüllen?\n* Kann ich im Bürger-Büro etwas nachfüllen?\n* Kann ich im Bürger-Büro etwas nachfüllen?\n* Kann ich im Bürger-Büro etwas nachfüllen?\n* Kann ich im Bürger-Büro etwas nachfüllen?\n* Kann ich im Bürger-Büro etwas nachfüllen?\n* Kann ich im Bürger-Büro etwas nachfüllen?\n* Kann ich im Bürger-Büro etwas nachfüllen?\n* Kann ich im Bürger-Büro etwas nachfüllen?\n* Kann ich im Bürger-Büro etwas nachfüllen?\n* Kann ich im Bürger-Büro etwas nachfüllen?\n* Kann ich im Bürger-Büro etwas nachfüllen?\n* Kann ich im Bürger-Büro etwas nachfüllen?\n* Kann ich im Bürger-Büro etwas nachfüllen?\n* Kann ich im Bürger-Büro etwas nachfüllen?\n* Kann ich im Bürger-Büro etwas nachfüllen?\n* Kann ich im Bürger-Büro etwas nachfüllen?\n* Kann ich im Bürger-Büro etwas nachfüllen?\n* Kann ich im Bürger-Büro etwas nachfüllen?\n* Kann ich im Bürger-Büro etwas nachfüllen?\n* Kann ich im Bürger-Büro etwas nachfüllen?\n* Kann ich im Bürger-Büro etwas nachfüllen?\n* Kann ich im Bürger-Büro etwas nachfüllen?\n* Kann ich im Bürger-Büro etwas nachfüllen?\n* Kann ich im Bürger-Büro etwas nachfüllen?\n* Kann ich im Bürger-Büro etwas nachfüllen?\n* Kann ich im Bürger-Büro etwas nachfüllen?\n* Kann ich im Bürger-Büro etwas nachfüllen?\n* Kann ich im Bürger-Büro etwas nachfüllen?\n* Kann ich im Bürger-Büro etwas nachfüllen?\n* Kann ich im Bürger-Büro etwas nachfüllen?\n* Kann ich im Bürger-Büro etwas nachfüllen?\n* Kann ich im Bürger-Büro etwas nachfüllen?\n* Kann ich im Bürger-Büro etwas nachfüllen?\n* Kann ich im Bürger-Büro etwas nachfüllen?\n* Kann ich im Bürger-Büro etwas nachfüllen?\n* Kann ich im Bürger-Büro etwas nachfüllen?\n* Kann ich im Bürger-Büro etwas nachfüllen?\n* Kann ich im Bürger-Büro etwas nachfüllen?\n* Kann ich im Bürger-Büro etwas nachfüllen?\n* Kann ich im Bürger-Büro etwas nachfüllen?\n* Kann ich im Bürger-Büro etwas nachfüllen?\n* Kann ich im Bürger-Büro etwas nachfüllen?\n* Kann ich im Bürger-Büro etwas nachfüllen?\n* Kann ich im Bürger-Büro etwas nachfüllen?\n* Kann ich im Bürger-Büro etwas nachfüllen?\n* Kann ich im Bürger-Büro etwas nachfüllen?\n* Kann ich im Bürger-Büro etwas nachfüllen?\n* Kann ich im Bürger-Büro etwas nachfüllen?\n* Kann ich im Bürger-Büro etwas nachfüllen?\n* Kann ich im Bürger-Büro etwas nachfüllen?\n* Kann ich im Bürger-Büro etwas nachfüllen?\n* Kann ich im Bürger-Büro etwas nachfüllen?\n* Kann ich im Bürger-Büro etwas nachfüllen?\n* Kann ich im Bürger-Büro etwas nachfüllen?\n* Kann ich im Bürger-Büro etwas nachfüllen?\n* Kann ich im Bürger-Büro etwas nachfüllen?\n* Kann ich im Bürger-Büro etwas nachfüllen?\n* Kann ich im Bürger-Büro etwas nachfüllen?\n* Kann ich im Bürger-Büro etwas nachfüllen?\n* Kann ich im Bürger-Büro etwas nachfüllen?\n* Kann ich im Bürger-Büro etwas nachfüllen?\n* Kann ich im Bürger-Büro etwas nachfüllen?\n* Kann ich im Bürger-Büro etwas nachfüllen?\n* Kann ich im Bürger-Büro etwas nachfüllen?\n* Kann ich im Bürger-Büro etwas nachfüllen?\n* Kann ich im Bürger-Büro etwas nachfüllen?\n* Kann ich im Bürger-Büro etwas nachfüllen?\n* Kann ich im Bürger-Büro etwas nachfüllen?\n* Kann ich im Bürger-Büro etwas nachfüllen?\n* Kann ich im Bürger-Büro etwas nachfüllen?\n* Kann ich im Bürger-Büro etwas nachfüllen?\n* Kann ich im Bürger-Büro etwas nachfüllen?\n* Kann ich im Bürger-Büro etwas nachfüllen?\n* Kann ich im Bürger-Büro etwas nachfüllen?\n* Kann ich im Bürger-Büro etwas nachfüllen?\n* Kann ich im Bürger-Büro etwas nachfüllen?\n* Kann ich im Bürger-Büro etwas nachfüllen?\n* Kann ich im Bürger-Büro etwas nachfüllen?\n* Kann ich im Bürger-Büro etwas nachfüllen?\n* Kann ich im Bürger-Büro etwas nachfüllen?\n* Kann ich im Bürger-Büro etwas nachfüllen?\n* Kann ich im Bürger-Büro etwas nachfüllen?\n* Kann ich im Bürger-Büro etwas nachfüllen?\n* Kann ich im Bürger-Büro etwas nachfüllen?\n* Kann ich im Bürger-Büro etwas nachfüllen?\n* Kann ich im Bürger-Büro etwas nachfüllen?\n* Kann ich im Bürger-Büro etwas nachfüllen?\n* Kann ich im Bürger-Büro etwas nachfüllen?\n* Kann ich im Bürger-Büro etwas nachfüllen?\n* Kann ich im Bürger-Büro etwas nachfüllen?\n* Kann ich im Bürger-Büro etwas nachfüllen?\n* Kann ich im Bürger-Büro etwas nachfüllen?\n* Kann ich im Bürger-Büro etwas nachfüllen?\n* Kann ich im Bürger-Büro etwas nachfüllen?\n* Kann ich im Bürger-Büro etwas nachfüllen?\n* Kann ich im Bürger-Büro etwas nachfüllen?\n* Kann ich im Bürger-Büro etwas nachfüllen?\n* Kann ich im Bürger-Büro etwas nachfüllen?\n* Kann ich im Bürger-Büro etwas nachfüllen?\n* Kann ich im Bürger-Büro etwas nachfüllen?\n* Kann ich im Bürger-Büro etwas nachfüllen?\n* Kann ich im Bürger-Büro etwas nachfüllen?\n* Kann ich im Bürger-Büro etwas nachfüllen?\n* Kann ich im Bürger-Büro etwas nachfüllen?\n* Kann ich im Bürger-Büro etwas nachfüllen?\n* Kann ich im Bürger-Büro etwas nachfüllen?\n* Kann ich im Bürger-Büro etwas nachfüllen?\n* Kann ich im Bürger-Büro etwas nachfüllen?\n* Kann ich im Bürger-Büro etwas nachfüllen?\n* Kann ich im Bürger-Büro etwas nachfüllen?\n* Kann ich im Bürger-Büro etwas nachfüllen?\n* Kann ich im Bürger-Büro etwas nachfüllen?\n* Kann ich im Bürger-Büro etwas nachfüllen?\n* Kann ich im Bürger-Büro etwas nachfüllen?\n* Kann ich im Bürger-Büro etwas nachfüllen?\n* Kann ich im Bürger-Büro etwas nachfüllen?\n* Kann ich im Bürger-Büro etwas nachfüllen?\n* Kann ich im Bürger-Büro etwas nachfüllen?\n* Kann ich im Bürger-Büro etwas nachfüllen?\n* Kann ich im Bürger-Büro etwas nachfüllen?\n* Kann ich im Bürger-Büro etwas nachfüllen?\n* Kann ich im Bürger-Büro etwas nachfüllen?\n* Kann ich im Bürger-Büro etwas nachfüllen?\n* Kann ich im Bürger-Büro etwas nachfüllen?\n* Kann ich im Bürger-Büro etwas nachfüllen?\n* Kann ich im Bürger-Büro etwas nachfüllen?\n* Kann ich im Bürger-Büro etwas nachfüllen?\n* Kann ich im Bürger-Büro etwas nachfüllen?\n* Kann ich im Bürger-Büro etwas nachfüllen?\n* Kann ich im Bürger-Büro etwas nachfüllen?\n* Kann ich im Bürger-Büro etwas nachfüllen?\n* Kann ich im Bürger-Büro etwas nachfüllen?\n* Kann ich im Bürger-Büro etwas nachfüllen?\n* Kann ich im Bürger-Büro etwas nachfüllen?\n* Kann ich im Bürger-Büro etwas nachfüllen?\n* Kann ich im Bürger-Büro etwas nachfüllen?\n* Kann ich im Bürger-Büro etwas nachfüllen?\n* Kann ich im Bürger-Büro etwas nachfüllen?\n* Kann ich im Bürger-Büro etwas nachfüllen?\n* Kann ich im Bürger-Büro etwas nachfüllen?\n* Kann ich im Bürger-Büro etwas nachfüllen?\n* Kann ich im Bürger-Büro etwas nachfüllen?\n* Kann ich im Bürger-Büro etwas nachfüllen?\n* Kann ich im Bürger-Büro etwas nachfüllen?\n* Kann ich im Bürger-Büro etwas nachfüllen?\n* Kann ich im Bürger-Büro etwas nachfüllen?\n* Kann ich im Bürger-Büro etwas nachfüllen?\n* Kann ich im Bürger-Büro etwas nachfüllen?\n* Kann ich im Bürger-Büro etwas nachfüllen?\n* Kann ich im Bürger-Büro etwas nachfüllen?\n* Kann ich im Bürger-Büro etwas nachfüllen?\n* Kann ich im Bürger-Büro etwas nachfüllen?\n* Kann ich im Bürger-Büro etwas nachfüllen?\n* Kann ich im Bürger-Büro etwas nachfüllen?\n* Kann ich im Bürger-Büro etwas nachfüllen?\n* Kann ich im Bürger-Büro etwas nachfüllen?\n* Kann ich im Bürger-Büro etwas nachfüllen?\n* Kann ich im Bürger-Büro etwas nachfüllen?\n* Kann ich im Bürger-Büro etwas nachfüllen?\n* Kann ich im Bürger-Büro etwas nachfüllen?\n* Kann ich im Bürger-Büro etwas nachfüllen?\n* Kann ich im Bürger-Büro etwas nachfüllen?\n* Kann ich im Bürger-Büro etwas nachfüllen?\n* Kann ich im Bürger-Büro etwas nachfüllen?\n* Kann ich im Bürger-Büro etwas nachfüllen?\n* Kann ich im Bürger-Büro etwas nachfüllen?\n* Kann ich im Bürger-Büro etwas nachfüllen?\n* Kann ich im Bürger-Büro etwas nachfüllen?\n* Kann ich im Bürger-Büro etwas nachfüllen?\n* Kann ich im Bürger-Büro etwas nachfüllen?\n* Kann ich im Bürger-Büro etwas nachfüllen?\n* Kann ich im Bürger-Büro etwas nachfüllen?\n* Kann ich im Bürger-Büro etwas nachfüllen?\n* Kann ich im Bürger-Büro etwas nachfüllen?\n* Kann ich im Bürger-Büro etwas nachfüllen?\n* Kann ich im Bürger-Büro etwas nachfüllen?\n* Kann ich im Bürger-Büro etwas nachfüllen?\n* Kann ich im Bürger-Büro etwas nachfüllen?\n* Kann ich im Bürger-Büro etwas nachfüllen?\n* Kann ich im Bürger-Büro etwas nachfüllen?\n* Kann ich im Bürger-Büro etwas nachfüllen?\n* Kann ich im Bürger-Büro etwas nachfüllen?\n* Kann ich im Bürger-Büro etwas nachfüllen?\n* Kann ich im Bürger-Büro etwas nachfüllen?\n* Kann ich im Bürger-Büro etwas nachfüllen?\n* Kann ich im Bürger-Büro etwas nachfüllen?\n* Kann ich im Bürger-Büro etwas nachfüllen?\n* Kann ich im Bürger-Büro etwas nachfüllen?\n* Kann ich im Bürger-Büro etwas nachfüllen?\n* Kann ich im Bürger-Büro etwas nachfüllen?\n* Kann ich im Bürger-Büro etwas nachfüllen?\n* Kann ich im Bürger-Büro etwas nachfüllen?\n* Kann ich im Bürger-Büro etwas nachfüllen?\n* Kann ich im B
Die Sozialbürgerhäuser sind Ihr wohnortnaher Ansprechpartner für soziale Angebote und Leistungen.;Sozial-Bürger-Häuser sind für Sie da.\nIn den Sozial-Bürger-Häusern bekommen Sie Hilfe.\nZum Beispiel bei diesen Dingen:\n* Sie brauchen Geld.\n* Sie haben Fragen zu Ihrem Personal-Ausweis.\n* Sie brauchen einen Schwer-Behinderten-Ausweis.\n* Sie brauchen eine Fahr-Karte für den Bus.\n* Sie brauchen eine Fahr-Erlaubnis für den Bus.\n* Sie brauchen eine Fahr-Karte für die S-Bahn.\n* Sie brauchen eine Fahr-Karte für die U-Bahn.\n* Sie brauchen eine Fahr-Karte für die Tram.\n* Sie brauchen eine Fahr-Karte für die Regional-Bahn.\n* Sie brauchen eine Fahr-Karte für die Regional-Busse.\n* Sie brauchen eine Fahr-Karte für die BOB.\n* Sie brauchen eine Fahr-Karte für die Meridian.\n* Sie brauchen eine Fahr-Karte für die BRB.\n* Sie brauchen eine Fahr-Karte für die Münchner Verkehrs-Gesellschaft.\n* Sie brauchen eine Fahr-Karte für die Bayerische Oberland-Bahn.\n* Sie brauchen eine Fahr-Karte für die Bayerische Regio-Bahn.\n* Sie brauchen eine Fahr-Karte für die S-Bahn.\n* Sie brauchen eine Fahr-Karte für die U-Bahn.\n* Sie brauchen eine Fahr-Karte für die Tram.\n* Sie brauchen eine Fahr-Karte für die Regional-Bahn.\n* Sie brauchen eine Fahr-Karte für die Regional-Busse.\n* Sie brauchen eine Fahr-Karte für die BOB.\n* Sie brauchen eine Fahr-Karte für die Meridian.\n* Sie brauchen eine Fahr-Karte für die BRB.\n* Sie brauchen eine Fahr-Karte für die Münchner Verkehrs-Gesellschaft.\n* Sie brauchen eine Fahr-Karte für die Bayerische Oberland-Bahn.\n* Sie brauchen eine Fahr-Karte für die Bayerische Regio-Bahn.\n* Sie brauchen eine Fahr-Karte für die S-Bahn.\n* Sie brauchen eine Fahr-Karte für die U-Bahn.\n* Sie brauchen eine Fahr-Karte für die Tram.\n* Sie brauchen eine Fahr-Karte für die Regional-Bahn.\n* Sie brauchen eine Fahr-Karte für die Regional-Busse.\n* Sie brauchen eine Fahr-Karte für die BOB.\n* Sie brauchen eine Fahr-Karte für die Meridian.\n* Sie brauchen eine Fahr-Karte für die BRB.\n* Sie brauchen eine Fahr-Karte für die Münchner Verkehrs-Gesellschaft.\n* Sie brauchen eine Fahr-Karte für die Bayerische Oberland-Bahn.\n* Sie brauchen eine Fahr-Karte für die Bayerische Regio-Bahn.\n* Sie brauchen eine Fahr-Karte für die S-Bahn.\n* Sie brauchen eine Fahr-Karte für die U-Bahn.\n* Sie brauchen eine Fahr-Karte für die Tram.\n* Sie brauchen eine Fahr-Karte für die Regional-Bahn.\n* Sie brauchen eine Fahr-Karte für die Regional-Busse.\n* Sie brauchen eine Fahr-Karte für die BOB.\n* Sie brauchen eine Fahr-Karte für die Meridian.\n* Sie brauchen eine Fahr-Karte für die BRB.\n* Sie brauchen eine Fahr-Karte für die Münchner Verkehrs-Gesellschaft.\n* Sie brauchen eine Fahr-Karte für die Bayerische Oberland-Bahn.\n* Sie brauchen eine Fahr-Karte für die Bayerische Regio-Bahn.\n* Sie brauchen eine Fahr-Karte für die S-Bahn.\n* Sie brauchen eine Fahr-Karte für die U-Bahn.\n* Sie brauchen eine Fahr-Karte für die Tram.\n* Sie brauchen eine Fahr-Karte für die Regional-Bahn.\n* Sie brauchen eine Fahr-Karte für die Regional-Busse.\n* Sie brauchen eine Fahr-Karte für die BOB.\n* Sie brauchen eine Fahr-Karte für die Meridian.\n* Sie brauchen eine Fahr-Karte für die BRB.\n* Sie brauchen eine Fahr-Karte für die Münchner Verkehrs-Gesellschaft.\n* Sie brauchen eine Fahr-Karte für die Bayerische Oberland-Bahn.\n* Sie brauchen eine Fahr-Karte für die Bayerische Regio-Bahn.\n* Sie brauchen eine Fahr-Karte für die S-Bahn.\n* Sie brauchen eine Fahr-Karte für die U-Bahn.\n* Sie brauchen eine Fahr-Karte für die Tram.\n* Sie brauchen eine Fahr-Karte für die Regional-Bahn.\n* Sie brauchen eine Fahr-Karte für die Regional-Busse.\n* Sie brauchen eine Fahr-Karte für die BOB.\n* Sie brauchen eine Fahr-Karte für die Meridian.\n* Sie brauchen eine Fahr-Karte für die BRB.\n* Sie brauchen eine Fahr-Karte für die Münchner Verkehrs-Gesellschaft.\n* Sie brauchen eine Fahr-Karte für die Bayerische Oberland-Bahn.\n* Sie brauchen eine Fahr-Karte für die Bayerische Regio-Bahn.\n* Sie brauchen eine Fahr-Karte für die S-Bahn.\n* Sie brauchen eine Fahr-Karte für die U-Bahn.\n* Sie brauchen eine Fahr-Karte für die Tram.\n* Sie brauchen eine Fahr-Karte für die Regional-Bahn.\n* Sie brauchen eine Fahr-Karte für die Regional-Busse.\n* Sie brauchen eine Fahr-Karte für die BOB.\n* Sie brauchen eine Fahr-Karte für die Meridian.\n* Sie brauchen eine Fahr-Karte für die BRB.\n* Sie brauchen eine Fahr-Karte für die Münchner Verkehrs-Gesellschaft.\n* Sie brauchen eine Fahr-Karte für die Bayerische Oberland-Bahn.\n* Sie brauchen eine Fahr-Karte für die Bayerische Regio-Bahn.\n* Sie brauchen eine Fahr-Karte für die S-Bahn.\n* Sie brauchen eine Fahr-Karte für die U-Bahn.\n* Sie brauchen eine Fahr-Karte für die Tram.\n* Sie brauchen eine Fahr-Karte für die Regional-Bahn.\n* Sie brauchen eine Fahr-Karte für die Regional-Busse.\n* Sie brauchen eine Fahr-Karte für die BOB.\n* Sie brauchen eine Fahr-Karte für die Meridian.\n* Sie brauchen eine Fahr-Karte für die BRB.\n* Sie brauchen eine Fahr-Karte für die Münchner Verkehrs-Gesellschaft.\n* Sie brauchen eine Fahr-Karte für die Bayerische Oberland-Bahn.\n* Sie brauchen eine Fahr-Karte für die Bayerische Regio-Bahn.\n* Sie brauchen eine Fahr-Karte für die S-Bahn.\n* Sie brauchen eine Fahr-Karte für die U-Bahn.\n* Sie brauchen eine Fahr-Karte für die Tram.\n* Sie brauchen eine Fahr-Karte für die Regional-Bahn.\n* Sie brauchen eine Fahr-Karte für die Regional-Busse.\n* Sie brauchen eine Fahr-Karte für die BOB.\n* Sie brauchen eine Fahr-Karte für die Meridian.\n* Sie brauchen eine Fahr-Karte für die BRB.\n* Sie brauchen eine Fahr-Karte für die Münchner Verkehrs-Gesellschaft.\n* Sie brauchen eine Fahr-Karte für die Bayerische Oberland-Bahn.\n* Sie brauchen eine Fahr-Karte für die Bayerische Regio-Bahn.\n* Sie brauchen eine Fahr-Karte für die S-Bahn.\n* Sie brauchen eine Fahr-Karte für die U-Bahn.\n* Sie brauchen eine Fahr-Karte für die Tram.\n* Sie brauchen eine Fahr-Karte für die Regional-Bahn.\n* Sie brauchen eine Fahr-Karte für die Regional-Busse.\n* Sie brauchen eine Fahr-Karte für die BOB.\n* Sie brauchen eine Fahr-Karte für die Meridian.\n* Sie brauchen eine Fahr-Karte für die BRB.\n* Sie brauchen eine Fahr-Karte für die Münchner Verkehrs-Gesellschaft.\n* Sie brauchen eine Fahr-Karte für die Bayerische Oberland-Bahn.\n* Sie brauchen eine Fahr-Karte für die Bayerische Regio-Bahn.\n* Sie brauchen eine Fahr-Karte für die S-Bahn.\n* Sie brauchen eine Fahr-Karte für die U-Bahn.\n* Sie brauchen eine Fahr-Karte für die Tram.\n* Sie brauchen eine Fahr-Karte für die Regional-Bahn.\n* Sie brauchen eine Fahr-Karte für die Regional-Busse.\n* Sie brauchen eine Fahr-Karte für die BOB.\n* Sie brauchen eine Fahr-Karte für die Meridian.\n* Sie brauchen eine Fahr-Karte für die BRB.\n* Sie brauchen eine Fahr-Karte für die Münchner Verkehrs-Gesellschaft.\n* Sie brauchen eine Fahr-Karte für die Bayerische Oberland-Bahn.\n* Sie brauchen eine Fahr-Karte für die Bayerische Regio-Bahn.\n* Sie brauchen eine Fahr-Karte für die S-Bahn.\n* Sie brauchen eine Fahr-Karte für die U-Bahn.\n* Sie brauchen eine Fahr-Karte für die Tram.\n* Sie brauchen eine Fahr-Karte für die Regional-Bahn.\n* Sie brauchen eine Fahr-Karte für die Regional-Busse.\n* Sie brauchen eine Fahr-Karte für die BOB.\n* Sie brauchen eine Fahr-Karte für die Meridian.\n* Sie brauchen eine Fahr-Karte für die BRB.\n* Sie brauchen eine Fahr-Karte für die Münchner Verkehrs-Gesellschaft.\n* Sie brauchen eine Fahr-Karte für die Bayerische Oberland-Bahn.\n* Sie brauchen eine Fahr-Karte für die Bayerische Regio-Bahn.\n* Sie brauchen eine Fahr-Karte für die S-Bahn.\n* Sie brauchen eine Fahr-Karte für die U-Bahn.\n* Sie brauchen eine Fahr-Karte für die Tram.\n* Sie brauchen eine Fahr-Karte für die Regional-Bahn.\n* Sie brauchen eine Fahr-Karte für die Regional-Busse.\n* Sie brauchen eine Fahr-Karte für die BOB.\n* Sie brauchen eine Fahr-Karte für die Meridian.\n* Sie brauchen eine Fahr-Karte für die BRB.\n* Sie brauchen eine Fahr-Karte für die Münchner Verkehrs-Gesellschaft.\n* Sie brauchen eine Fahr-Karte für die Bayerische Oberland-Bahn.\n* Sie brauchen eine Fahr-Karte für die Bayerische Regio-Bahn.\n* Sie brauchen eine Fahr-Karte für die S-Bahn.\n* Sie brauchen eine Fahr-Karte für die U-Bahn.\n* Sie brauchen eine Fahr-Karte für die Tram.\n* Sie brauchen eine Fahr-Karte für die Regional-Bahn.\n* Sie brauchen eine Fahr-Karte für die Regional-Busse.\n* Sie brauchen eine Fahr-Karte für die BOB.\n* Sie brauchen eine Fahr-Karte für die Meridian.\n* Sie brauchen eine Fahr-Karte für die BRB.\n* Sie brauchen eine Fahr-Karte für die Münchner Verkehrs-Gesellschaft.\n* Sie brauchen eine Fahr-Karte für die Bayerische Oberland-Bahn.\n* Sie brauchen eine Fahr-Karte für die Bayerische Regio-Bahn.\n* Sie brauchen eine Fahr-Karte für die S-Bahn.\n* Sie brauchen eine Fahr-Karte für die U-Bahn.\n* Sie brauchen eine Fahr-Karte für die Tram.\n* Sie brauchen eine Fahr-Karte für die Regional-Bahn.\n* Sie brauchen eine Fahr-Karte für die Regional-Busse.\n* Sie brauchen eine Fahr-Karte für die BOB.\n* Sie brauchen eine Fahr-Karte für die Meridian.\n* Sie brauchen eine Fahr-Karte für die BRB.\n* Sie brauchen eine Fahr-Karte für die Münchner Verkehrs-Gesellschaft.\n* Sie brauchen eine Fahr-Karte für die Bayerische Oberland-Bahn.\n* Sie brauchen eine Fahr-Karte für die Bayerische Regio-Bahn.\n* Sie brauchen eine Fahr-Karte für die S-Bahn.\n* Sie brauchen eine Fahr-Karte für die U-Bahn.\n* Sie brauchen eine Fahr-Karte für die Tram.\n* Sie brauchen eine Fahr-Karte für die Regional-Bahn.\n* Sie brauchen eine Fahr-Karte für die Regional-Busse.\n* Sie brauchen eine Fahr-Karte für die BOB.\n* Sie brauchen eine Fahr-Karte für die Meridian.\n* Sie brauchen eine Fahr-Karte für die BRB.\n* Sie brauchen eine Fahr-Karte für die Münchner Verkehrs-Gesellschaft.\n* Sie brauchen eine Fahr-Karte für die Bayerische Oberland-Bahn.\n* Sie brauchen eine Fahr-Karte für die Bayerische Regio-Bahn.\n* Sie brauchen eine Fahr-Karte für die S-Bahn.\n* Sie brauchen eine Fahr-Karte für die U-Bahn.\n* Sie brauchen eine Fahr-Karte für die Tram.\n* Sie brauchen eine Fahr-Karte für die Regional-Bahn.\n* Sie brauchen eine Fahr-Karte für die Regional-Busse.\n* Sie brauchen eine Fahr-Karte für die BOB.\n* Sie brauchen eine Fahr-Karte für die Meridian.\n* Sie brauchen eine Fahr-Karte für die BRB.\n* Sie brauchen eine Fahr-Karte für die Münchner Verkehrs-Gesellschaft.\n* Sie brauchen eine Fahr-Karte für die Bayerische Oberland-Bahn.\n* Sie brauchen eine Fahr-Karte für die Bayerische Regio-Bahn.\n* Sie brauchen eine Fahr-Karte für die S-Bahn.\n* Sie brauchen eine Fahr-Karte für die U-Bahn.\n* Sie brauchen eine Fahr-Karte für die Tram.\n* Sie brauchen eine Fahr-Karte für die Regional-Bahn.\n* Sie brauchen eine Fahr-Karte für die Regional-Busse.\n* Sie brauchen eine Fahr-Karte für die BOB.\n* Sie brauchen eine Fahr-Karte für die Meridian.\n* Sie brauchen eine Fahr-Karte für die BRB.\n* Sie brauchen eine Fahr-Karte für die Münchner Verkehrs-Gesellschaft.\n* Sie brauchen eine Fahr-Karte für die Bayerische Oberland-Bahn.\n* Sie brauchen eine Fahr-Karte für die Bayerische Regio-Bahn.\n* Sie brauchen eine Fahr-Karte für die S-Bahn.\n* Sie brauchen eine Fahr-Karte für die U-Bahn.\n* Sie brauchen eine Fahr-Karte für die Tram.\n* Sie brauchen eine Fahr-Karte für die Regional-Bahn.\n* Sie brauchen eine Fahr-Karte für die Regional-Busse.\n* Sie brauchen eine Fahr-Karte für die BOB.\n* Sie brauchen eine Fahr-Karte für die Meridian.\n* Sie brauchen eine Fahr-Karte für die BRB.\n* Sie brauchen eine Fahr-Karte für die Münchner Verkehrs-Gesellschaft.\n* Sie brauchen eine Fahr-Karte für die Bayerische Oberland-Bahn.\n* Sie brauchen eine Fahr-Karte für die Bayerische Regio-Bahn.\n* Sie brauchen eine Fahr-Karte für die S-Bahn.\n* Sie brauchen eine Fahr-Karte für die U-Bahn.\n* Sie brauchen eine Fahr-Karte für die Tram.\n* Sie brauchen eine Fahr-Karte für die Regional-Bahn.\n* Sie brauchen eine Fahr-Karte für die Regional-Busse.\n* Sie brauchen eine Fahr-Karte für die BOB.\n* Sie brauchen eine Fahr-Karte für die Meridian.\n* Sie brauchen eine Fahr-Karte für die BRB.\n* Sie brauchen eine Fahr-Karte für die Münchner Verkehrs-Gesellschaft.\n* Sie brauchen eine Fahr-Karte für die Bayerische Oberland-Bahn.\n* Sie brauchen eine Fahr-Karte für die Bayerische Regio-Bahn.\n* Sie brauchen eine Fahr-Karte für die S-Bahn.\n* Sie brauchen eine Fahr-Karte für die U-Bahn.\n* Sie brauchen eine Fahr-Karte für die Tram.\n* Sie brauchen eine Fahr-Karte für die Regional-Bahn.\n* Sie brauchen eine Fahr-Karte für die Regional-Busse.\n* Sie brauchen eine Fahr-Karte für die BOB.\n* Sie brauchen eine Fahr-Karte für die Meridian.\n* Sie brauchen eine Fahr-Karte für die BRB.\n* Sie brauchen eine Fahr-Karte für die Münchner Verkehrs-Gesellschaft.\n* Sie brauchen eine Fahr-Karte für die Bayerische Oberland-Bahn.\n* Sie brauchen eine Fahr-Karte für die Bayerische Regio-Bahn.\n* Sie brauchen eine Fahr-Karte für die S-Bahn.\n* Sie brauchen eine Fahr-Karte für die U-Bahn.\n* Sie brauchen eine Fahr-Karte für die Tram.\n* Sie brauchen eine Fahr-Karte für die Regional-Bahn.\n* Sie brauchen eine Fahr-Karte für die Regional-Busse.\n* Sie brauchen eine Fahr-Karte für die BOB.\n* Sie brauchen eine Fahr-Karte für die Meridian.\n* Sie brauchen eine Fahr-Karte für die BRB.\n* Sie brauchen eine Fahr-Karte für die Münchner Verkehrs-Gesellschaft.\n* Sie brauchen eine Fahr-Karte für die Bayerische Oberland-Bahn.\n* Sie brauchen eine Fahr-Karte für die Bayerische Regio-Bahn.\n* Sie brauchen eine Fahr-Karte für die S-Bahn.\n* Sie brauchen eine Fahr-Karte für die U-Bahn.\n* Sie brauchen eine Fahr-Karte für die Tram.\n* Sie brauchen eine Fahr-Karte für die Regional-Bahn.\n* Sie brauchen eine Fahr-Karte für die Regional-Busse.\n* Sie brauchen eine Fahr-Karte für die BOB.\n* Sie brauchen eine Fahr-Karte für die Meridian.\n* Sie brauchen eine Fahr-Karte für die BRB.\n* Sie brauchen eine Fahr-Karte für die Münchner Verkehrs-Gesellschaft.\n* Sie brauchen eine Fahr-Karte für die Bayerische Oberland-Bahn.\n* Sie brauchen eine Fahr-Karte für die Bayerische Regio-Bahn.\n* Sie brauchen eine Fahr-Karte für die S-Bahn.\n* Sie brauchen eine Fahr-Karte für die U-Bahn.\n* Sie brauchen eine Fahr-Karte für die Tram.\n* Sie brauchen eine Fahr-Karte für die Regional-Bahn.\n* Sie brauchen eine Fahr-Karte für die Regional-Busse.\n* Sie brauchen eine Fahr-Karte für die BOB.\n* Sie brauchen eine Fahr-Karte für die Meridian.\n* Sie brauchen eine Fahr-Karte für die BRB.\n* Sie brauchen eine Fahr-Karte für die Münchner Verkehrs-Gesellschaft.\n* Sie brauchen eine Fahr-Karte für die Bayerische Oberland-Bahn.\n* Sie brauchen eine Fahr-Karte für die Bayerische Regio-Bahn.\n* Sie brauchen eine Fahr-Karte für die S-Bahn.\n* Sie brauchen eine Fahr-Karte für die U-Bahn.\n* Sie brauchen eine Fahr-Karte für die Tram.\n* Sie brauchen eine Fahr-Karte für die Regional-Bahn.\n* Sie brauchen eine Fahr-Karte für die Regional-Busse.\n* Sie brauchen eine Fahr-Karte für die BOB.\n* Sie brauchen eine Fahr-Karte für
Fahrzeug und Zulassung\nPapiere, Kennzeichen, Umweltplakette: Die wichtigsten Informationen zum An- und Ummelden eines Fahrzeuges.;Fahrzeug und Zulassung\nPapiere, Kennzeichen, Umweltplakette:\nDie wichtigsten Informationen zum An- und Ummelden eines Fahrzeuges.
Fahrerlaubnis und Führerschein\nAntrag, Änderung oder Verlust der Fahrerlaubnis: Alles, was Sie zum Thema Führerschein wissen müssen.;Führerschein-Stelle\nDie Führerschein-Stelle ist im Kreis-Verwaltungs-Referat.\nDie Abkürzung dafür ist KVR.\nDie Führerschein-Stelle ist in der Haupt-Stadt München.\nDie Führerschein-Stelle ist im Bürger-Büro.\nSie ist im Bürger-Büro Pasing.\nSie ist im Bürger-Büro Haidhausen.\nSie ist im Bürger-Büro Sendling.\nSie ist im Bürger-Büro Bogenhausen.\nSie ist im Bürger-Büro Neuperlach.\nSie ist im Bürger-Büro Harlaching.\nSie ist im Bürger-Büro Ramersdorf.\nSie ist im Bürger-Büro Riem.\nSie ist im Bürger-Büro Westend.\nSie ist im Bürger-Büro Thalkirchen.\nSie ist im Bürger-Büro Forstenried.\nSie ist im Bürger-Büro Obermenzing.\nSie ist im Bürger-Büro Moosach.\nSie ist im Bürger-Büro Nord.\nSie ist im Bürger-Büro Mitte.\nSie ist im Bürger-Büro Süd.\nSie ist im Bürger-Büro West.\nSie ist im Bürger-Büro Berg am Laim.\nSie ist im Bürger-Büro Allach.\nSie ist im Bürger-Büro Altstadt.\nSie ist im Bürger-Büro Au.\nSie ist im Bürger-Büro Feldmoching.\nSie ist im Bürger-Büro Hadern.\nSie ist im Bürger-Büro Laim.\nSie ist im Bürger-Büro Lochhausen.\nSie ist im Bürger-Büro Messestadt Riem.\nSie ist im Bürger-Büro Oberföhring.\nSie ist im Bürger-Büro Schwabing.\nSie ist im Bürger-Büro Theresienwiese.\nSie ist im Bürger-Büro Trudering.\nSie ist im Bürger-Büro Waldtrudering.\nSie ist im Bürger-Büro Westpark.\nSie ist im Bürger-Büro Zamdorf.\nSie ist im Bürger-Büro Kleinhadern.\nSie ist im Bürger-Büro Großhadern.\nSie ist im Bürger-Büro Solln.\nSie ist im Bürger-Büro Pullach.\nSie ist im Bürger-Büro Grünwald.\nSie ist im Bürger-Büro Unterhaching.\nSie ist im Bürger-Büro Taufkirchen.\nSie ist im Bürger-Büro Neubiberg.\nSie ist im Bürger-Büro Ottobrunn.\nSie ist im Bürger-Büro Unterföhring.\nSie ist im Bürger-Büro Ismaning.\nSie ist im Bürger-Büro Unterföhring.\nSie ist im Bürger-Büro Gräfelfing.\nSie ist im Bürger-Büro Planegg.\nSie ist im Bürger-Büro Neuried.\nSie ist im Bürger-Büro Pullach.\nSie ist im Bürger-Büro Grünwald.\nSie ist im Bürger-Büro Oberhaching.\nSie ist im Bürger-Büro Taufkirchen.\nSie ist im Bürger-Büro Unterhaching.\nSie ist im Bürger-Büro Neubiberg.\nSie ist im Bürger-Büro Ottobrunn.\nSie ist im Bürger-Büro Unterföhring.\nSie ist im Bürger-Büro Ismaning.\nSie ist im Bürger-Büro Unterföhring.\nSie ist im Bürger-Büro Gräfelfing.\nSie ist im Bürger-Büro Planegg.\nSie ist im Bürger-Büro Neuried.\nSie ist im Bürger-Büro Pullach.\nSie ist im Bürger-Büro Grünwald.\nSie ist im Bürger-Büro Oberhaching.\nSie ist im Bürger-Büro Taufkirchen.\nSie ist im Bürger-Büro Unterhaching.\nSie ist im Bürger-Büro Neubiberg.\nSie ist im Bürger-Büro Ottobrunn.\nSie ist im Bürger-Büro Unterföhring.\nSie ist im Bürger-Büro Ismaning.\nSie ist im Bürger-Büro Unterföhring.\nSie ist im Bürger-Büro Gräfelfing.\nSie ist im Bürger-Büro Planegg.\nSie ist im Bürger-Büro Neuried.\nSie ist im Bürger-Büro Pullach.\nSie ist im Bürger-Büro Grünwald.\nSie ist im Bürger-Büro Oberhaching.\nSie ist im Bürger-Büro Taufkirchen.\nSie ist im Bürger-Büro Unterhaching.\nSie ist im Bürger-Büro Neubiberg.\nSie ist im Bürger-Büro Ottobrunn.\nSie ist im Bürger-Büro Unterföhring.\nSie ist im Bürger-Büro Ismaning.\nSie ist im Bürger-Büro Unterföhring.\nSie ist im Bürger-Büro Gräfelfing.\nSie ist im Bürger-Büro Planegg.\nSie ist im Bürger-Büro Neuried.\nSie ist im Bürger-Büro Pullach.\nSie ist im Bürger-Büro Grünwald.\nSie ist im Bürger-Büro Oberhaching.\nSie ist im Bürger-Büro Taufkirchen.\nSie ist im Bürger-Büro Unterhaching.\nSie ist im Bürger-Büro Neubiberg.\nSie ist im Bürger-Büro Ottobrunn.\nSie ist im Bürger-Büro Unterföhring.\nSie ist im Bürger-Büro Ismaning.\nSie ist im Bürger-Büro Unterföhring.\nSie ist im Bürger-Büro Gräfelfing.\nSie ist im Bürger-Büro Planegg.\nSie ist im Bürger-Büro Neuried.\nSie ist im Bürger-Büro Pullach.\nSie ist im Bürger-Büro Grünwald.\nSie ist im Bürger-Büro Oberhaching.\nSie ist im Bürger-Büro Taufkirchen.\nSie ist im Bürger-Büro Unterhaching.\nSie ist im Bürger-Büro Neubiberg.\nSie ist im Bürger-Büro Ottobrunn.\nSie ist im Bürger-Büro Unterföhring.\nSie ist im Bürger-Büro Ismaning.\nSie ist im Bürger-Büro Unterföhring.\nSie ist im Bürger-Büro Gräfelfing.\nSie ist im Bürger-Büro Planegg.\nSie ist im Bürger-Büro Neuried.\nSie ist im Bürger-Büro Pullach.\nSie ist im Bürger-Büro Grünwald.\nSie ist im Bürger-Büro Oberhaching.\nSie ist im Bürger-Büro Taufkirchen.\nSie ist im Bürger-Büro Unterhaching.\nSie ist im Bürger-Büro Neubiberg.\nSie ist im Bürger-Büro Ottobrunn.\nSie ist im Bürger-Büro Unterföhring.\nSie ist im Bürger-Büro Ismaning.\nSie ist im Bürger-Büro Unterföhring.\nSie ist im Bürger-Büro Gräfelfing.\nSie ist im Bürger-Büro Planegg.\nSie ist im Bürger-Büro Neuried.\nSie ist im Bürger-Büro Pullach.\nSie ist im Bürger-Büro Grünwald.\nSie ist im Bürger-Büro Oberhaching.\nSie ist im Bürger-Büro Taufkirchen.\nSie ist im Bürger-Büro Unterhaching.\nSie ist im Bürger-Büro Neubiberg.\nSie ist im Bürger-Büro Ottobrunn.\nSie ist im Bürger-Büro Unterföhring.\nSie ist im Bürger-Büro Ismaning.\nSie ist im Bürger-Büro Unterföhring.\nSie ist im Bürger-Büro Gräfelfing.\nSie ist im Bürger-Büro Planegg.\nSie ist im Bürger-Büro Neuried.\nSie ist im Bürger-Büro Pullach.\nSie ist im Bürger-Büro Grünwald.\nSie ist im Bürger-Büro Oberhaching.\nSie ist im Bürger-Büro Taufkirchen.\nSie ist im Bürger-Büro Unterhaching.\nSie ist im Bürger-Büro Neubiberg.\nSie ist im Bürger-Büro Ottobrunn.\nSie ist im Bürger-Büro Unterföhring.\nSie ist im Bürger-Büro Ismaning.\nSie ist im Bürger-Büro Unterföhring.\nSie ist im Bürger-Büro Gräfelfing.\nSie ist im Bürger-Büro Planegg.\nSie ist im Bürger-Büro Neuried.\nSie ist im Bürger-Büro Pullach.\nSie ist im Bürger-Büro Grünwald.\nSie ist im Bürger-Büro Oberhaching.\nSie ist im Bürger-Büro Taufkirchen.\nSie ist im Bürger-Büro Unterhaching.\nSie ist im Bürger-Büro Neubiberg.\nSie ist im Bürger-Büro Ottobrunn.\nSie ist im Bürger-Büro Unterföhring.\nSie ist im Bürger-Büro Ismaning.\nSie ist im Bürger-Büro Unterföhring.\nSie ist im Bürger-Büro Gräfelfing.\nSie ist im Bürger-Büro Planegg.\nSie ist im Bürger-Büro Neuried.\nSie ist im Bürger-Büro Pullach.\nSie ist im Bürger-Büro Grünwald.\nSie ist im Bürger-Büro Oberhaching.\nSie ist im Bürger-Büro Taufkirchen.\nSie ist im Bürger-Büro Unterhaching.\nSie ist im Bürger-Büro Neubiberg.\nSie ist im Bürger-Büro Ottobrunn.\nSie ist im Bürger-Büro Unterföhring.\nSie ist im Bürger-Büro Ismaning.\nSie ist im Bürger-Büro Unterföhring.\nSie ist im Bürger-Büro Gräfelfing.\nSie ist im Bürger-Büro Planegg.\nSie ist im Bürger-Büro Neuried.\nSie ist im Bürger-Büro Pullach.\nSie ist im Bürger-Büro Grünwald.\nSie ist im Bürger-Büro Oberhaching.\nSie ist im Bürger-Büro Taufkirchen.\nSie ist im Bürger-Büro Unterhaching.\nSie ist im Bürger-Büro Neubiberg.\nSie ist im Bürger-Büro Ottobrunn.\nSie ist im Bürger-Büro Unterföhring.\nSie ist im Bürger-Büro Ismaning.\nSie ist im Bürger-Büro Unterföhring.\nSie ist im Bürger-Büro Gräfelfing.\nSie ist im Bürger-Büro Planegg.\nSie ist im Bürger-Büro Neuried.\nSie ist im Bürger-Büro Pullach.\nSie ist im Bürger-Büro Grünwald.\nSie ist im Bürger-Büro Oberhaching.\nSie ist im Bürger-Büro Taufkirchen.\nSie ist im Bürger-Büro Unterhaching.\nSie ist im Bürger-Büro Neubiberg.\nSie ist im Bürger-Büro Ottobrunn.\nSie ist im Bürger-Büro Unterföhring.\nSie ist im Bürger-Büro Ismaning.\nSie ist im Bürger-Büro Unterföhring.\nSie ist im Bürger-Büro Gräfelfing.\nSie ist im Bürger-Büro Planegg.\nSie ist im Bürger-Büro Neuried.\nSie ist im Bürger-Büro Pullach.\nSie ist im Bürger-Büro Grünwald.\nSie ist im Bürger-Büro Oberhaching.\nSie ist im Bürger-Büro Taufkirchen.\nSie ist im Bürger-Büro Unterhaching.\nSie ist im Bürger-Büro Neubiberg.\nSie ist im Bürger-Büro Ottobrunn.\nSie ist im Bürger-Büro Unterföhring.\nSie ist im Bürger-Büro Ismaning.\nSie ist im Bürger-Büro Unterföhring.\nSie ist im Bürger-Büro Gräfelfing.\nSie ist im Bürger-Büro Planegg.\nSie ist im Bürger-Büro Neuried.\nSie ist im Bürger-Büro Pullach.\nSie ist im Bürger-Büro Grünwald.\nSie ist im Bürger-Büro Oberhaching.\nSie ist im Bürger-Büro Taufkirchen.\nSie ist im Bürger-Büro Unterhaching.\nSie ist im Bürger-Büro Neubiberg.\nSie ist im Bürger-Büro Ottobrunn.\nSie ist im Bürger-Büro Unterföhring.\nSie ist im Bürger-Büro Ismaning.\nSie ist im Bürger-Büro Unterföhring.\nSie ist im Bürger-Büro Gräfelfing.\nSie ist im Bürger-Büro Planegg.\nSie ist im Bürger-Büro Neuried.\nSie ist im Bürger-Büro Pullach.\nSie ist im Bürger-Büro Grünwald.\nSie ist im Bürger-Büro Oberhaching.\nSie ist im Bürger-Büro Taufkirchen.\nSie ist im Bürger-Büro Unterhaching.\nSie ist im Bürger-Büro Neubiberg.\nSie ist im Bürger-Büro Ottobrunn.\nSie ist im Bürger-Büro Unterföhring.\nSie ist im Bürger-Büro Ismaning.\nSie ist im Bürger-Büro Unterföhring.\nSie ist im Bürger-Büro Gräfelfing.\nSie ist im Bürger-Büro Planegg.\nSie ist im Bürger-Büro Neuried.\nSie ist im Bürger-Büro Pullach.\nSie ist im Bürger-Büro Grünwald.\nSie ist im Bürger-Büro Oberhaching.\nSie ist im Bürger-Büro Taufkirchen.\nSie ist im Bürger-Büro Unterhaching.\nSie ist im Bürger-Büro Neubiberg.\nSie ist im Bürger-Büro Ottobrunn.\nSie ist im Bürger-Büro Unterföhring.\nSie ist im Bürger-Büro Ismaning.\nSie ist im Bürger-Büro Unterföhring.\nSie ist im Bürger-Büro Gräfelfing.\nSie ist im Bürger-Büro Planegg.\nSie ist im Bürger-Büro Neuried.\nSie ist im Bürger-Büro Pullach.\nSie ist im Bürger-Büro Grünwald.\nSie ist im Bürger-Büro Oberhaching.\nSie ist im Bürger-Büro Taufkirchen.\nSie ist im Bürger-Büro Unterhaching.\nSie ist im Bürger-Büro Neubiberg.\nSie ist im Bürger-Büro Ottobrunn.\nSie ist im Bürger-Büro Unterföhring.\nSie ist im Bürger-Büro Ismaning.\nSie ist im Bürger-Büro Unterföhring.\nSie ist im Bürger-Büro Gräfelfing.\nSie ist im Bürger-Büro Planegg.\nSie ist im Bürger-Büro Neuried.\nSie ist im Bürger-Büro Pullach.\nSie ist im Bürger-Büro Grünwald.\nSie ist im Bürger-Büro Oberhaching.\nSie ist im Bürger-Büro Taufkirchen.\nSie ist im Bürger-Büro Unterhaching.\nSie ist im Bürger-Büro Neubiberg.\nSie ist im Bürger-Büro Ottobrunn.\nSie ist im Bürger-Büro Unterföhring.\nSie ist im Bürger-Büro Ismaning.\nSie ist im Bürger-Büro Unterföhring.\nSie ist im Bürger-Büro Gräfelfing.\nSie ist im Bürger-Büro Planegg.\nSie ist im Bürger-Büro Neuried.\nSie ist im Bürger-Büro Pullach.\nSie ist im Bürger-Büro Grünwald.\nSie ist im Bürger-Büro Oberhaching.\nSie ist im Bürger-Büro Taufkirchen.\nSie ist im Bürger-Büro Unterhaching.\nSie ist im Bürger-Büro Neubiberg.\nSie ist im Bürger-Büro Ottobrunn.\nSie ist im Bürger-Büro Unterföhring.\nSie ist im Bürger-Büro Ismaning.\nSie ist im Bürger-Büro Unterföhring.\nSie ist im Bürger-Büro Gräfelfing.\nSie ist im Bürger-Büro Planegg.\nSie ist im Bürger-Büro Neuried.\nSie ist im Bürger-Büro Pullach.\nSie ist im Bürger-Büro Grünwald.\nSie ist im Bürger-Büro Oberhaching.\nSie ist im Bürger-Büro Taufkirchen.\nSie ist im Bürger-Büro Unterhaching.\nSie ist im Bürger-Büro Neubiberg.\nSie ist im Bürger-Büro Ottobrunn.\nSie ist im Bürger-Büro Unterföhring.\nSie ist im Bürger-Büro Ismaning.\nSie ist im Bürger-Büro Unterföhring.\nSie ist im Bürger-Büro Gräfelfing.\nSie ist im Bürger-Büro Planegg.\nSie ist im Bürger-Büro Neuried.\nSie ist im Bürger-Büro Pullach.\nSie ist im Bürger-Büro Grünwald.\nSie ist im Bürger-Büro Oberhaching.\nSie ist im Bürger-Büro Taufkirchen.\nSie ist im Bürger-Büro Unterhaching.\nSie ist im Bürger-Büro Neubiberg.\nSie ist im Bürger-Büro Ottobrunn.\nSie ist im Bürger-Büro Unterföhring.\nSie ist im Bürger-Büro Ismaning.\nSie ist im Bürger-Büro Unterföhring.\nSie ist im Bürger-Büro Gräfelfing.\nSie ist im Bürger-Büro Planegg.\nSie ist im Bürger-Büro Neuried.\nSie ist im Bürger-Büro Pullach.\nSie ist im Bürger-Büro Grünwald.\nSie ist im Bürger
Heiraten beim Standesamt München\nWenn Sie beim Standesamt München heiraten wollen, müssen Sie zuvor Ihre Eheschließung anmelden.;Heiraten beim Standesamt München\n\nSie wollen heiraten?\nDann müssen Sie das vorher im Standes-Amt anmelden.\nDas ist wichtig.\nDas nennt man Ehe-Anmeldung.\nSie müssen das im Standes-Amt machen.\nSie müssen das mit Ihrem Partner oder Ihrer Partnerin machen.\nIhr Partner oder Ihre Partnerin muss volljährig sein.\nVolljährig bedeutet:\nIhr Partner oder Ihre Partnerin ist schon 18 Jahre alt.\nOder älter.\nSie müssen das im Standes-Amt machen.\nSie müssen das mit Ihrem Partner oder Ihrer Partnerin machen.\nIhr Partner oder Ihre Partnerin muss volljährig sein.\nVolljährig bedeutet:\nIhr Partner oder Ihre Partnerin ist schon 18 Jahre alt.\nOder älter.\nSie müssen das im Standes-Amt machen.\nSie müssen das mit Ihrem Partner oder Ihrer Partnerin machen.\nIhr Partner oder Ihre Partnerin muss volljährig sein.\nVolljährig bedeutet:\nIhr Partner oder Ihre Partnerin ist schon 18 Jahre alt.\nOder älter.\nSie müssen das im Standes-Amt machen.\nSie müssen das mit Ihrem Partner oder Ihrer Partnerin machen.\nIhr Partner oder Ihre Partnerin muss volljährig sein.\nVolljährig bedeutet:\nIhr Partner oder Ihre Partnerin ist schon 18 Jahre alt.\nOder älter.\nSie müssen das im Standes-Amt machen.\nSie müssen das mit Ihrem Partner oder Ihrer Partnerin machen.\nIhr Partner oder Ihre Partnerin muss volljährig sein.\nVolljährig bedeutet:\nIhr Partner oder Ihre Partnerin ist schon 18 Jahre alt.\nOder älter.\nSie müssen das im Standes-Amt machen.\nSie müssen das mit Ihrem Partner oder Ihrer Partnerin machen.\nIhr Partner oder Ihre Partnerin muss volljährig sein.\nVolljährig bedeutet:\nIhr Partner oder Ihre Partnerin ist schon 18 Jahre alt.\nOder älter.\nSie müssen das im Standes-Amt machen.\nSie müssen das mit Ihrem Partner oder Ihrer Partnerin machen.\nIhr Partner oder Ihre Partnerin muss volljährig sein.\nVolljährig bedeutet:\nIhr Partner oder Ihre Partnerin ist schon 18 Jahre alt.\nOder älter.\nSie müssen das im Standes-Amt machen.\nSie müssen das mit Ihrem Partner oder Ihrer Partnerin machen.\nIhr Partner oder Ihre Partnerin muss volljährig sein.\nVolljährig bedeutet:\nIhr Partner oder Ihre Partnerin ist schon 18 Jahre alt.\nOder älter.\nSie müssen das im Standes-Amt machen.\nSie müssen das mit Ihrem Partner oder Ihrer Partnerin machen.\nIhr Partner oder Ihre Partnerin muss volljährig sein.\nVolljährig bedeutet:\nIhr Partner oder Ihre Partnerin ist schon 18 Jahre alt.\nOder älter.\nSie müssen das im Standes-Amt machen.\nSie müssen das mit Ihrem Partner oder Ihrer Partnerin machen.\nIhr Partner oder Ihre Partnerin muss volljährig sein.\nVolljährig bedeutet:\nIhr Partner oder Ihre Partnerin ist schon 18 Jahre alt.\nOder älter.\nSie müssen das im Standes-Amt machen.\nSie müssen das mit Ihrem Partner oder Ihrer Partnerin machen.\nIhr Partner oder Ihre Partnerin muss volljährig sein.\nVolljährig bedeutet:\nIhr Partner oder Ihre Partnerin ist schon 18 Jahre alt.\nOder älter.\nSie müssen das im Standes-Amt machen.\nSie müssen das mit Ihrem Partner oder Ihrer Partnerin machen.\nIhr Partner oder Ihre Partnerin muss volljährig sein.\nVolljährig bedeutet:\nIhr Partner oder Ihre Partnerin ist schon 18 Jahre alt.\nOder älter.\nSie müssen das im Standes-Amt machen.\nSie müssen das mit Ihrem Partner oder Ihrer Partnerin machen.\nIhr Partner oder Ihre Partnerin muss volljährig sein.\nVolljährig bedeutet:\nIhr Partner oder Ihre Partnerin ist schon 18 Jahre alt.\nOder älter.\nSie müssen das im Standes-Amt machen.\nSie müssen das mit Ihrem Partner oder Ihrer Partnerin machen.\nIhr Partner oder Ihre Partnerin muss volljährig sein.\nVolljährig bedeutet:\nIhr Partner oder Ihre Partnerin ist schon 18 Jahre alt.\nOder älter.\nSie müssen das im Standes-Amt machen.\nSie müssen das mit Ihrem Partner oder Ihrer Partnerin machen.\nIhr Partner oder Ihre Partnerin muss volljährig sein.\nVolljährig bedeutet:\nIhr Partner oder Ihre Partnerin ist schon 18 Jahre alt.\nOder älter.\nSie müssen das im Standes-Amt machen.\nSie müssen das mit Ihrem Partner oder Ihrer Partnerin machen.\nIhr Partner oder Ihre Partnerin muss volljährig sein.\nVolljährig bedeutet:\nIhr Partner oder Ihre Partnerin ist schon 18 Jahre alt.\nOder älter.\nSie müssen das im Standes-Amt machen.\nSie müssen das mit Ihrem Partner oder Ihrer Partnerin machen.\nIhr Partner oder Ihre Partnerin muss volljährig sein.\nVolljährig bedeutet:\nIhr Partner oder Ihre Partnerin ist schon 18 Jahre alt.\nOder älter.\nSie müssen das im Standes-Amt machen.\nSie müssen das mit Ihrem Partner oder Ihrer Partnerin machen.\nIhr Partner oder Ihre Partnerin muss volljährig sein.\nVolljährig bedeutet:\nIhr Partner oder Ihre Partnerin ist schon 18 Jahre alt.\nOder älter.\nSie müssen das im Standes-Amt machen.\nSie müssen das mit Ihrem Partner oder Ihrer Partnerin machen.\nIhr Partner oder Ihre Partnerin muss volljährig sein.\nVolljährig bedeutet:\nIhr Partner oder Ihre Partnerin ist schon 18 Jahre alt.\nOder älter.\nSie müssen das im Standes-Amt machen.\nSie müssen das mit Ihrem Partner oder Ihrer Partnerin machen.\nIhr Partner oder Ihre Partnerin muss volljährig sein.\nVolljährig bedeutet:\nIhr Partner oder Ihre Partnerin ist schon 18 Jahre alt.\nOder älter.\nSie müssen das im Standes-Amt machen.\nSie müssen das mit Ihrem Partner oder Ihrer Partnerin machen.\nIhr Partner oder Ihre Partnerin muss volljährig sein.\nVolljährig bedeutet:\nIhr Partner oder Ihre Partnerin ist schon 18 Jahre alt.\nOder älter.\nSie müssen das im Standes-Amt machen.\nSie müssen das mit Ihrem Partner oder Ihrer Partnerin machen.\nIhr Partner oder Ihre Partnerin muss volljährig sein.\nVolljährig bedeutet:\nIhr Partner oder Ihre Partnerin ist schon 18 Jahre alt.\nOder älter.\nSie müssen das im Standes-Amt machen.\nSie müssen das mit Ihrem Partner oder Ihrer Partnerin machen.\nIhr Partner oder Ihre Partnerin muss volljährig sein.\nVolljährig bedeutet:\nIhr Partner oder Ihre Partnerin ist schon 18 Jahre alt.\nOder älter.\nSie müssen das im Standes-Amt machen.\nSie müssen das mit Ihrem Partner oder Ihrer Partnerin machen.\nIhr Partner oder Ihre Partnerin muss volljährig sein.\nVolljährig bedeutet:\nIhr Partner oder Ihre Partnerin ist schon 18 Jahre alt.\nOder älter.\nSie müssen das im Standes-Amt machen.\nSie müssen das mit Ihrem Partner oder Ihrer Partnerin machen.\nIhr Partner oder Ihre Partnerin muss volljährig sein.\nVolljährig bedeutet:\nIhr Partner oder Ihre Partnerin ist schon 18 Jahre alt.\nOder älter.\nSie müssen das im Standes-Amt machen.\nSie müssen das mit Ihrem Partner oder Ihrer Partnerin machen.\nIhr Partner oder Ihre Partnerin muss volljährig sein.\nVolljährig bedeutet:\nIhr Partner oder Ihre Partnerin ist schon 18 Jahre alt.\nOder älter.\nSie müssen das im Standes-Amt machen.\nSie müssen das mit Ihrem Partner oder Ihrer Partnerin machen.\nIhr Partner oder Ihre Partnerin muss volljährig sein.\nVolljährig bedeutet:\nIhr Partner oder Ihre Partnerin ist schon 18 Jahre alt.\nOder älter.\nSie müssen das im Standes-Amt machen.\nSie müssen das mit Ihrem Partner oder Ihrer Partnerin machen.\nIhr Partner oder Ihre Partnerin muss volljährig sein.\nVolljährig bedeutet:\nIhr Partner oder Ihre Partnerin ist schon 18 Jahre alt.\nOder älter.\nSie müssen das im Standes-Amt machen.\nSie müssen das mit Ihrem Partner oder Ihrer Partnerin machen.\nIhr Partner oder Ihre Partnerin muss volljährig sein.\nVolljährig bedeutet:\nIhr Partner oder Ihre Partnerin ist schon 18 Jahre alt.\nOder älter.\nSie müssen das im Standes-Amt machen.\nSie müssen das mit Ihrem Partner oder Ihrer Partnerin machen.\nIhr Partner oder Ihre Partnerin muss volljährig sein.\nVolljährig bedeutet:\nIhr Partner oder Ihre Partnerin ist schon 18 Jahre alt.\nOder älter.\nSie müssen das im Standes-Amt machen.\nSie müssen das mit Ihrem Partner oder Ihrer Partnerin machen.\nIhr Partner oder Ihre Partnerin muss volljährig sein.\nVolljährig bedeutet:\nIhr Partner oder Ihre Partnerin ist schon 18 Jahre alt.\nOder älter.\nSie müssen das im Standes-Amt machen.\nSie müssen das mit Ihrem Partner oder Ihrer Partnerin machen.\nIhr Partner oder Ihre Partnerin muss volljährig sein.\nVolljährig bedeutet:\nIhr Partner oder Ihre Partnerin ist schon 18 Jahre alt.\nOder älter.\nSie müssen das im Standes-Amt machen.\nSie müssen das mit Ihrem Partner oder Ihrer Partnerin machen.\nIhr Partner oder Ihre Partnerin muss volljährig sein.\nVolljährig bedeutet:\nIhr Partner oder Ihre Partnerin ist schon 18 Jahre alt.\nOder älter.\nSie müssen das im Standes-Amt machen.\nSie müssen das mit Ihrem Partner oder Ihrer Partnerin machen.\nIhr Partner oder Ihre Partnerin muss volljährig sein.\nVolljährig bedeutet:\nIhr Partner oder Ihre Partnerin ist schon 18 Jahre alt.\nOder älter.\nSie müssen das im Standes-Amt machen.\nSie müssen das mit Ihrem Partner oder Ihrer Partnerin machen.\nIhr Partner oder Ihre Partnerin muss volljährig sein.\nVolljährig bedeutet:\nIhr Partner oder Ihre Partnerin ist schon 18 Jahre alt.\nOder älter.\nSie müssen das im Standes-Amt machen.\nSie müssen das mit Ihrem Partner oder Ihrer Partnerin machen.\nIhr Partner oder Ihre Partnerin muss volljährig sein.\nVolljährig bedeutet:\nIhr Partner oder Ihre Partnerin ist schon 18 Jahre alt.\nOder älter.\nSie müssen das im Standes-Amt machen.\nSie müssen das mit Ihrem Partner oder Ihrer Partnerin machen.\nIhr Partner oder Ihre Partnerin muss volljährig sein.\nVolljährig bedeutet:\nIhr Partner oder Ihre Partnerin ist schon 18 Jahre alt.\nOder älter.\nSie müssen das im Standes-Amt machen.\nSie müssen das mit Ihrem Partner oder Ihrer Partnerin machen.\nIhr Partner oder Ihre Partnerin muss volljährig sein.\nVolljährig bedeutet:\nIhr Partner oder Ihre Partnerin ist schon 18 Jahre alt.\nOder älter.\nSie müssen das im Standes-Amt machen.\nSie müssen das mit Ihrem Partner oder Ihrer Partnerin machen.\nIhr Partner oder Ihre Partnerin muss volljährig sein.\nVolljährig bedeutet:\nIhr Partner oder Ihre Partnerin ist schon 18 Jahre alt.\nOder älter.\nSie müssen das im Standes-Amt machen.\nSie müssen das mit Ihrem Partner oder Ihrer Partnerin machen.\nIhr Partner oder Ihre Partnerin muss volljährig sein.\nVolljährig bedeutet:\nIhr Partner oder Ihre Partnerin ist schon 18 Jahre alt.\nOder älter.\nSie müssen das im Standes-Amt machen.\nSie müssen das mit Ihrem Partner oder Ihrer Partnerin machen.\nIhr Partner oder Ihre Partnerin muss volljährig sein.\nVolljährig bedeutet:\nIhr Partner oder Ihre Partnerin ist schon 18 Jahre alt.\nOder älter.\nSie müssen das im Standes-Amt machen.\nSie müssen das mit Ihrem Partner oder Ihrer Partnerin machen.\nIhr Partner oder Ihre Partnerin muss volljährig sein.\nVolljährig bedeutet:\nIhr Partner oder Ihre Partnerin ist schon 18 Jahre alt.\nOder älter.\nSie müssen das im Standes-Amt machen.\nSie müssen das mit Ihrem Partner oder Ihrer Partnerin machen.\nIhr Partner oder Ihre Partnerin muss volljährig sein.\nVolljährig bedeutet:\nIhr Partner oder Ihre Partnerin ist schon 18 Jahre alt.\nOder älter.\nSie müssen das im Standes-Amt machen.\nSie müssen das mit Ihrem Partner oder Ihrer Partnerin machen.\nIhr Partner oder Ihre Partnerin muss volljährig sein.\nVolljährig bedeutet:\nIhr Partner oder Ihre Partnerin ist schon 18 Jahre alt.\nOder älter.\nSie müssen das im Standes-Amt machen.\nSie müssen das mit Ihrem Partner oder Ihrer Partnerin machen.\nIhr Partner oder Ihre Partnerin muss volljährig sein.\nVolljährig bedeutet:\nIhr Partner oder Ihre Partnerin ist schon 18 Jahre alt.\nOder älter.\nSie müssen das im Standes-Amt machen.\nSie müssen das mit Ihrem Partner oder Ihrer Partnerin machen.\nIhr Partner oder Ihre Partnerin muss volljährig sein.\nVolljährig bedeutet:\nIhr Partner oder Ihre Partnerin ist schon 18 Jahre alt.\nOder älter.\nSie müssen das im Standes-Amt machen.\nSie müssen das mit Ihrem Partner oder Ihrer Partnerin machen.\nIhr Partner oder Ihre Partnerin muss volljährig sein.\nVolljährig bedeutet:\nIhr Partner oder Ihre Partnerin ist schon 18 Jahre alt.\nOder älter.\nSie müssen das im Standes-Amt machen.\nSie müssen das mit Ihrem Partner oder Ihrer Partnerin machen.\nIhr Partner oder Ihre Partnerin muss volljährig sein.\nVolljährig bedeutet:\nIhr Partner oder Ihre Partnerin ist schon 18 Jahre alt.\nOder älter.\nSie müssen das im Standes-Amt machen.\nSie müssen das mit Ihrem Partner oder Ihrer Partnerin machen.\nIhr Partner oder Ihre Partnerin muss volljährig sein.\nVolljährig bedeutet:\nIhr Partner oder Ihre Partnerin ist schon 18 Jahre alt.\nOder älter.\nSie müssen das im Standes-Amt machen.\nSie müssen das mit Ihrem Partner oder Ihrer Partnerin machen.\nIhr Partner oder Ihre Partnerin muss volljährig sein.\nVolljährig bedeutet:\nIhr Partner oder Ihre Partnerin ist schon 18 Jahre alt.\nOder älter.\nSie müssen das im Standes-Amt machen.\nSie müssen das mit Ihrem Partner oder Ihrer Partnerin machen.\nIhr Partner oder Ihre Partnerin muss volljährig sein.\nVolljährig bedeutet:\nIhr Partner oder Ihre Partnerin ist schon 18 Jahre alt.\nOder älter.\nSie müssen das im Standes-Amt machen.\nSie müssen das mit Ihrem Partner oder Ihrer Partnerin machen.\nIhr Partner oder Ihre Partnerin muss volljährig sein.\nVolljährig bedeutet:\nIhr Partner oder Ihre Partnerin ist schon 18 Jahre alt.\nOder älter.\nSie müssen das im Standes-Amt machen.\nSie müssen das mit Ihrem Partner oder Ihrer Partnerin machen.\nIhr Partner oder Ihre Partnerin muss volljährig sein.\nVolljährig bedeutet:\nIhr Partner oder Ihre Partnerin ist schon 18 Jahre alt.\nOder älter.\nSie müssen das im Standes-Amt machen.\nSie müssen das mit Ihrem Partner oder Ihrer Partnerin machen.\nIhr Partner oder Ihre Partnerin muss volljährig sein.\nVolljährig bedeutet:\nIhr Partner oder Ihre Partnerin ist schon 18 Jahre alt.\nOder älter.\nSie müssen das im Standes-Amt machen.\nSie müssen das mit Ihrem Partner oder Ihrer Partnerin machen.\nIhr Partner oder Ihre Partnerin muss volljährig sein.\nVolljährig bedeutet:\nIhr Partner oder Ihre Partnerin ist schon 18 Jahre alt.\nOder älter.\nSie müssen das im Standes-Amt machen.\nSie müssen das mit Ihrem Partner oder Ihrer Partnerin machen.\nIhr Partner oder Ihre Partnerin muss volljährig sein.\nVolljährig bedeutet:\nIhr Partner oder Ihre Partnerin ist schon 18 Jahre alt.\nOder älter.\nSie müssen das im Standes-Amt machen.\nSie müssen das mit Ihrem Partner oder Ihrer Partnerin machen.\nIhr Partner oder Ihre Partnerin muss volljährig sein.\nVolljährig bedeutet:\nIhr Partner oder Ihre Partnerin ist schon 18 Jahre alt.\nOder älter.\nSie müssen das im Standes-Amt machen.\nSie müssen das mit Ihrem Partner oder Ihrer Partnerin machen.\nIhr Partner oder Ihre Partnerin muss volljährig sein.\nVolljährig bedeutet:\nIhr Partner oder Ihre Partnerin ist schon 18 Jahre alt.\nOder älter.\nSie müssen das im Standes-Amt machen.\nSie müssen das mit Ihrem Partner oder Ihrer Partnerin machen.\nIhr Partner oder Ihre Partnerin muss volljährig sein.\nVolljährig bedeutet:\nIhr Partner oder Ihre Partnerin ist schon 18 Jahre alt.\nOder älter.\nSie müssen das im Standes-Amt machen.\nSie müssen das mit Ihrem Partner oder Ihrer Partnerin machen.\nIhr Partner oder Ihre Partnerin muss volljährig sein.\nVolljährig bedeutet:\nIhr Partner oder Ihre Partnerin ist schon 18 Jahre alt.\nOder älter.\nSie müssen das im Standes-Amt machen.\nSie müssen das mit Ihrem Partner oder Ihrer Partnerin machen.\nIhr Partner oder Ihre Partnerin muss volljährig sein.\nVolljährig bedeutet:\nIhr Partner oder Ihre Partnerin ist schon 18 Jahre alt.\nOder älter.\nSie müssen das im Standes-Amt machen.\nSie müssen das mit Ihrem Partner oder Ihrer Partnerin machen.\nIhr Partner oder Ihre Partnerin muss volljährig sein.\nVolljährig bedeutet:\nIhr Partner oder Ihre Partnerin ist schon 18 Jahre alt.\nOder älter.\nSie müssen das im Standes-Amt machen.\nSie müssen das mit Ihrem Partner oder Ihrer Partnerin machen.\nIhr Partner oder Ihre Partnerin muss volljährig sein.\nVolljährig bedeutet:\nIhr Partner oder Ihre Partnerin ist schon 18 Jahre alt.\nOder älter.\nSie müssen das im Standes-Amt machen.\nSie müssen das mit Ihrem Partner oder Ihrer Partnerin machen.\nIhr Partner oder Ihre Partnerin muss volljährig sein.\nVolljährig bedeutet:\nIhr Partner oder Ihre Partnerin ist schon 18 Jahre alt.\nOder älter.\nSie müssen das im Standes-Amt machen.\nSie müssen das mit Ihrem Partner oder Ihrer Partnerin machen.\n
Heiraten beim Standesamt München\nWenn Sie beim Standesamt München heiraten wollen, müssen Sie zuvor Ihre Eheschließung anmelden. Dies ist nur möglich, wenn Sie beide oder einer von Ihnen mit Haupt- oder Nebenwohnung in München gemeldet sind. Für die Münchner Stadtbezirke 21 (Pasing - Obermenzing),  22 (Aubing - Lochhausen - Langwied) und 23 (Allach - Untermenzing) ist das Standesamt München-Pasing zuständig.;Heiraten beim Standes-Amt München\nSie wollen in München heiraten?\nDann müssen Sie das vorher im Standes-Amt anmelden.\nSie müssen das im Standes-Amt machen.\nDas Standes-Amt ist im Rathaus.\nDas Standes-Amt ist im Stadt-Zentrum.\nDas Standes-Amt ist im Stadt-Bezirk Altstadt-Lehel.\nDas Standes-Amt ist im Stadt-Bezirk Ludwigsvorstadt-Isarvorstadt.\nDas Standes-Amt ist im Stadt-Bezirk Maxvorstadt.\nDas Standes-Amt ist im Stadt-Bezirk Schwabing-West.\nDas Standes-Amt ist im Stadt-Bezirk Neuhausen-Nymphenburg.\nDas Standes-Amt ist im Stadt-Bezirk Moosach.\nDas Standes-Amt ist im Stadt-Bezirk Milbertshofen-Am Hart.\nDas Standes-Amt ist im Stadt-Bezirk Schwabing-Freimann.\nDas Standes-Amt ist im Stadt-Bezirk Bogenhausen.\nDas Standes-Amt ist im Stadt-Bezirk Berg am Laim.\nDas Standes-Amt ist im Stadt-Bezirk Trudering-Riem.\nDas Standes-Amt ist im Stadt-Bezirk Ramersdorf-Perlach.\nDas Standes-Amt ist im Stadt-Bezirk Obergiesing-Fasangarten.\nDas Standes-Amt ist im Stadt-Bezirk Untergiesing-Harlaching.\nDas Standes-Amt ist im Stadt-Bezirk Thalkirchen-Obersendling-Forstenried-Fürstenried-Solln.\nDas Standes-Amt ist im Stadt-Bezirk Hadern.\nDas Standes-Amt ist im Stadt-Bezirk Aubing-Lochhausen-Langwied.\nDas Standes-Amt ist im Stadt-Bezirk Pasing-Obermenzing.\nDas Standes-Amt ist im Stadt-Bezirk Sendling.\nDas Standes-Amt ist im Stadt-Bezirk Sendling-Westpark.\nDas Standes-Amt ist im Stadt-Bezirk Schwanthalerhöhe.\nDas Standes-Amt ist im Stadt-Bezirk Laim.\nDas Standes-Amt ist im Stadt-Bezirk Feldmoching-Hasenbergl.\nDas Standes-Amt ist im Stadt-Bezirk Allach-Untermenzing.\nDas Standes-Amt ist im Stadt-Bezirk Ludwigsfeld.\nDas Standes-Amt ist im Stadt-Bezirk Freimann.\nDas Standes-Amt ist im Stadt-Bezirk Studentenstadt.\nDas Standes-Amt ist im Stadt-Bezirk Alte Heide-Hirschau.\nDas Standes-Amt ist im Stadt-Bezirk Am Hart.\nDas Standes-Amt ist im Stadt-Bezirk Harthof.\nDas Standes-Amt ist im Stadt-Bezirk Lerchenau.\nDas Standes-Amt ist im Stadt-Bezirk Fasanerie-Nord.\nDas Standes-Amt ist im Stadt-Bezirk Feldmoching.\nDas Standes-Amt ist im Stadt-Bezirk Hasenbergl.\nDas Standes-Amt ist im Stadt-Bezirk Neuaubing-Westkreuz.\nDas Standes-Amt ist im Stadt-Bezirk Mittersendling.\nDas Standes-Amt ist im Stadt-Bezirk Solln.\nDas Standes-Amt ist im Stadt-Bezirk Forstenried.\nDas Standes-Amt ist im Stadt-Bezirk Obersendling.\nDas Standes-Amt ist im Stadt-Bezirk Thalkirchen.\nDas Standes-Amt ist im Stadt-Bezirk Menterschwaige.\nDas Standes-Amt ist im Stadt-Bezirk Solln.\nDas Standes-Amt ist im Stadt-Bezirk Forstenried.\nDas Standes-Amt ist im Stadt-Bezirk Fürstenried.\nDas Standes-Amt ist im Stadt-Bezirk Großhadern.\nDas Standes-Amt ist im Stadt-Bezirk Kleinhadern.\nDas Standes-Amt ist im Stadt-Bezirk Blumenau.\nDas Standes-Amt ist im Stadt-Bezirk Obermenzing.\nDas Standes-Amt ist im Stadt-Bezirk Untermenzing.\nDas Standes-Amt ist im Stadt-Bezirk Pasing.\nDas Standes-Amt ist im Stadt-Bezirk Obermenzing.\nDas Standes-Amt ist im Stadt-Bezirk Solln.\nDas Standes-Amt ist im Stadt-Bezirk Fürstenried.\nDas Standes-Amt ist im Stadt-Bezirk Großhadern.\nDas Standes-Amt ist im Stadt-Bezirk Kleinhadern.\nDas Standes-Amt ist im Stadt-Bezirk Blumenau.\nDas Standes-Amt ist im Stadt-Bezirk Obermenzing.\nDas Standes-Amt ist im Stadt-Bezirk Untermenzing.\nDas Standes-Amt ist im Stadt-Bezirk Pasing.\nDas Standes-Amt ist im Stadt-Bezirk Obermenzing.\nDas Standes-Amt ist im Stadt-Bezirk Solln.\nDas Standes-Amt ist im Stadt-Bezirk Fürstenried.\nDas Standes-Amt ist im Stadt-Bezirk Großhadern.\nDas Standes-Amt ist im Stadt-Bezirk Kleinhadern.\nDas Standes-Amt ist im Stadt-Bezirk Blumenau.\nDas Standes-Amt ist im Stadt-Bezirk Obermenzing.\nDas Standes-Amt ist im Stadt-Bezirk Untermenzing.\nDas Standes-Amt ist im Stadt-Bezirk Pasing.\nDas Standes-Amt ist im Stadt-Bezirk Obermenzing.\nDas Standes-Amt ist im Stadt-Bezirk Solln.\nDas Standes-Amt ist im Stadt-Bezirk Fürstenried.\nDas Standes-Amt ist im Stadt-Bezirk Großhadern.\nDas Standes-Amt ist im Stadt-Bezirk Kleinhadern.\nDas Standes-Amt ist im Stadt-Bezirk Blumenau.\nDas Standes-Amt ist im Stadt-Bezirk Obermenzing.\nDas Standes-Amt ist im Stadt-Bezirk Untermenzing.\nDas Standes-Amt ist im Stadt-Bezirk Pasing.\nDas Standes-Amt ist im Stadt-Bezirk Obermenzing.\nDas Standes-Amt ist im Stadt-Bezirk Solln.\nDas Standes-Amt ist im Stadt-Bezirk Fürstenried.\nDas Standes-Amt ist im Stadt-Bezirk Großhadern.\nDas Standes-Amt ist im Stadt-Bezirk Kleinhadern.\nDas Standes-Amt ist im Stadt-Bezirk Blumenau.\nDas Standes-Amt ist im Stadt-Bezirk Obermenzing.\nDas Standes-Amt ist im Stadt-Bezirk Untermenzing.\nDas Standes-Amt ist im Stadt-Bezirk Pasing.\nDas Standes-Amt ist im Stadt-Bezirk Obermenzing.\nDas Standes-Amt ist im Stadt-Bezirk Solln.\nDas Standes-Amt ist im Stadt-Bezirk Fürstenried.\nDas Standes-Amt ist im Stadt-Bezirk Großhadern.\nDas Standes-Amt ist im Stadt-Bezirk Kleinhadern.\nDas Standes-Amt ist im Stadt-Bezirk Blumenau.\nDas Standes-Amt ist im Stadt-Bezirk Obermenzing.\nDas Standes-Amt ist im Stadt-Bezirk Untermenzing.\nDas Standes-Amt ist im Stadt-Bezirk Pasing.\nDas Standes-Amt ist im Stadt-Bezirk Obermenzing.\nDas Standes-Amt ist im Stadt-Bezirk Solln.\nDas Standes-Amt ist im Stadt-Bezirk Fürstenried.\nDas Standes-Amt ist im Stadt-Bezirk Großhadern.\nDas Standes-Amt ist im Stadt-Bezirk Kleinhadern.\nDas Standes-Amt ist im Stadt-Bezirk Blumenau.\nDas Standes-Amt ist im Stadt-Bezirk Obermenzing.\nDas Standes-Amt ist im Stadt-Bezirk Untermenzing.\nDas Standes-Amt ist im Stadt-Bezirk Pasing.\nDas Standes-Amt ist im Stadt-Bezirk Obermenzing.\nDas Standes-Amt ist im Stadt-Bezirk Solln.\nDas Standes-Amt ist im Stadt-Bezirk Fürstenried.\nDas Standes-Amt ist im Stadt-Bezirk Großhadern.\nDas Standes-Amt ist im Stadt-Bezirk Kleinhadern.\nDas Standes-Amt ist im Stadt-Bezirk Blumenau.\nDas Standes-Amt ist im Stadt-Bezirk Obermenzing.\nDas Standes-Amt ist im Stadt-Bezirk Untermenzing.\nDas Standes-Amt ist im Stadt-Bezirk Pasing.\nDas Standes-Amt ist im Stadt-Bezirk Obermenzing.\nDas Standes-Amt ist im Stadt-Bezirk Solln.\nDas Standes-Amt ist im Stadt-Bezirk Fürstenried.\nDas Standes-Amt ist im Stadt-Bezirk Großhadern.\nDas Standes-Amt ist im Stadt-Bezirk Kleinhadern.\nDas Standes-Amt ist im Stadt-Bezirk Blumenau.\nDas Standes-Amt ist im Stadt-Bezirk Obermenzing.\nDas Standes-Amt ist im Stadt-Bezirk Untermenzing.\nDas Standes-Amt ist im Stadt-Bezirk Pasing.\nDas Standes-Amt ist im Stadt-Bezirk Obermenzing.\nDas Standes-Amt ist im Stadt-Bezirk Solln.\nDas Standes-Amt ist im Stadt-Bezirk Fürstenried.\nDas Standes-Amt ist im Stadt-Bezirk Großhadern.\nDas Standes-Amt ist im Stadt-Bezirk Kleinhadern.\nDas Standes-Amt ist im Stadt-Bezirk Blumenau.\nDas Standes-Amt ist im Stadt-Bezirk Obermenzing.\nDas Standes-Amt ist im Stadt-Bezirk Untermenzing.\nDas Standes-Amt ist im Stadt-Bezirk Pasing.\nDas Standes-Amt ist im Stadt-Bezirk Obermenzing.\nDas Standes-Amt ist im Stadt-Bezirk Solln.\nDas Standes-Amt ist im Stadt-Bezirk Fürstenried.\nDas Standes-Amt ist im Stadt-Bezirk Großhadern.\nDas Standes-Amt ist im Stadt-Bezirk Kleinhadern.\nDas Standes-Amt ist im Stadt-Bezirk Blumenau.\nDas Standes-Amt ist im Stadt-Bezirk Obermenzing.\nDas Standes-Amt ist im Stadt-Bezirk Untermenzing.\nDas Standes-Amt ist im Stadt-Bezirk Pasing.\nDas Standes-Amt ist im Stadt-Bezirk Obermenzing.\nDas Standes-Amt ist im Stadt-Bezirk Solln.\nDas Standes-Amt ist im Stadt-Bezirk Fürstenried.\nDas Standes-Amt ist im Stadt-Bezirk Großhadern.\nDas Standes-Amt ist im Stadt-Bezirk Kleinhadern.\nDas Standes-Amt ist im Stadt-Bezirk Blumenau.\nDas Standes-Amt ist im Stadt-Bezirk Obermenzing.\nDas Standes-Amt ist im Stadt-Bezirk Untermenzing.\nDas Standes-Amt ist im Stadt-Bezirk Pasing.\nDas Standes-Amt ist im Stadt-Bezirk Obermenzing.\nDas Standes-Amt ist im Stadt-Bezirk Solln.\nDas Standes-Amt ist im Stadt-Bezirk Fürstenried.\nDas Standes-Amt ist im Stadt-Bezirk Großhadern.\nDas Standes-Amt ist im Stadt-Bezirk Kleinhadern.\nDas Standes-Amt ist im Stadt-Bezirk Blumenau.\nDas Standes-Amt ist im Stadt-Bezirk Obermenzing.\nDas Standes-Amt ist im Stadt-Bezirk Untermenzing.\nDas Standes-Amt ist im Stadt-Bezirk Pasing.\nDas Standes-Amt ist im Stadt-Bezirk Obermenzing.\nDas Standes-Amt ist im Stadt-Bezirk Solln.\nDas Standes-Amt ist im Stadt-Bezirk Fürstenried.\nDas Standes-Amt ist im Stadt-Bezirk Großhadern.\nDas Standes-Amt ist im Stadt-Bezirk Kleinhadern.\nDas Standes-Amt ist im Stadt-Bezirk Blumenau.\nDas Standes-Amt ist im Stadt-Bezirk Obermenzing.\nDas Standes-Amt ist im Stadt-Bezirk Untermenzing.\nDas Standes-Amt ist im Stadt-Bezirk Pasing.\nDas Standes-Amt ist im Stadt-Bezirk Obermenzing.\nDas Standes-Amt ist im Stadt-Bezirk Solln.\nDas Standes-Amt ist im Stadt-Bezirk Fürstenried.\nDas Standes-Amt ist im Stadt-Bezirk Großhadern.\nDas Standes-Amt ist im Stadt-Bezirk Kleinhadern.\nDas Standes-Amt ist im Stadt-Bezirk Blumenau.\nDas Standes-Amt ist im Stadt-Bezirk Obermenzing.\nDas Standes-Amt ist im Stadt-Bezirk Untermenzing.\nDas Standes-Amt ist im Stadt-Bezirk Pasing.\nDas Standes-Amt ist im Stadt-Bezirk Obermenzing.\nDas Standes-Amt ist im Stadt-Bezirk Solln.\nDas Standes-Amt ist im Stadt-Bezirk Fürstenried.\nDas Standes-Amt ist im Stadt-Bezirk Großhadern.\nDas Standes-Amt ist im Stadt-Bezirk Kleinhadern.\nDas Standes-Amt ist im Stadt-Bezirk Blumenau.\nDas Standes-Amt ist im Stadt-Bezirk Obermenzing.\nDas Standes-Amt ist im Stadt-Bezirk Untermenzing.\nDas Standes-Amt ist im Stadt-Bezirk Pasing.\nDas Standes-Amt ist im Stadt-Bezirk Obermenzing.\nDas Standes-Amt ist im Stadt-Bezirk Solln.\nDas Standes-Amt ist im Stadt-Bezirk Fürstenried.\nDas Standes-Amt ist im Stadt-Bezirk Großhadern.\nDas Standes-Amt ist im Stadt-Bezirk Kleinhadern.\nDas Standes-Amt ist im Stadt-Bezirk Blumenau.\nDas Standes-Amt ist im Stadt-Bezirk Obermenzing.\nDas Standes-Amt ist im Stadt-Bezirk Untermenzing.\nDas Standes-Amt ist im Stadt-Bezirk Pasing.\nDas Standes-Amt ist im Stadt-Bezirk Obermenzing.\nDas Standes-Amt ist im Stadt-Bezirk Solln.\nDas Standes-Amt ist im Stadt-Bezirk Fürstenried.\nDas Standes-Amt ist im Stadt-Bezirk Großhadern.\nDas Standes-Amt ist im Stadt-Bezirk Kleinhadern.\nDas Standes-Amt ist im Stadt-Bezirk Blumenau.\nDas Standes-Amt ist im Stadt-Bezirk Obermenzing.\nDas Standes-Amt ist im Stadt-Bezirk Untermenzing.\nDas Standes-Amt ist im Stadt-Bezirk Pasing.\nDas Standes-Amt ist im Stadt-Bezirk Obermenzing.\nDas Standes-Amt ist im Stadt-Bezirk Solln.\nDas Standes-Amt ist im Stadt-Bezirk Fürstenried.\nDas Standes-Amt ist im Stadt-Bezirk Großhadern.\nDas Standes-Amt ist im Stadt-Bezirk Kleinhadern.\nDas Standes-Amt ist im Stadt-Bezirk Blumenau.\nDas Standes-Amt ist im Stadt-Bezirk Obermenzing.\nDas Standes-Amt ist im Stadt-Bezirk Untermenzing.\nDas Standes-Amt ist im Stadt-Bezirk Pasing.\nDas Standes-Amt ist im Stadt-Bezirk Obermenzing.\nDas Standes-Amt ist im Stadt-Bezirk Solln.\nDas Standes-Amt ist im Stadt-Bezirk Fürstenried.\nDas Standes-Amt ist im Stadt-Bezirk Großhadern.\nDas Standes-Amt ist im Stadt-Bezirk Kleinhadern.\nDas Standes-Amt ist im Stadt-Bezirk Blumenau.\nDas Standes-Amt ist im Stadt-Bezirk Obermenzing.\nDas Standes-Amt ist im Stadt-Bezirk Untermenzing.\nDas Standes-Amt ist im Stadt-Bezirk Pasing.\nDas Standes-Amt ist im Stadt-Bezirk Obermenzing.\nDas Standes-Amt ist im Stadt-Bezirk Solln.\nDas Standes-Amt ist im Stadt-Bezirk Fürstenried.\nDas Standes-Amt ist im Stadt-Bezirk Großhadern.\nDas Standes-Amt ist im Stadt-Bezirk Kleinhadern.\nDas Standes-Amt ist im Stadt-Bezirk Blumenau.\nDas Standes-Amt ist im Stadt-Bezirk Obermenzing.\nDas Standes-Amt ist im Stadt-Bezirk Untermenzing.\nDas Standes-Amt ist im Stadt-Bezirk Pasing.\nDas Standes-Amt ist im Stadt-Bezirk Obermenzing.\nDas Standes-Amt ist im Stadt-Bezirk Solln.\nDas Standes-Amt ist im Stadt-Bezirk Fürstenried.\nDas Standes-Amt ist im Stadt-Bezirk Großhadern.\nDas Standes-Amt ist im Stadt-Bezirk Kleinhadern.\nDas Standes-Amt ist im Stadt-Bezirk Blumenau.\nDas Standes-Amt ist im Stadt-Bezirk Obermenzing.\nDas Standes-Amt ist im Stadt-Bezirk Untermenzing.\nDas Standes-Amt ist im Stadt-Bezirk Pasing.\nDas Standes-Amt ist im Stadt-Bezirk Obermenzing.\nDas Standes-Amt ist im Stadt-Bezirk Solln.\nDas Standes-Amt ist im Stadt-Bezirk Fürstenried.\nDas Standes-Amt ist im Stadt-Bezirk Großhadern.\nDas Standes-Amt ist im Stadt-Be
Trausäle und Termine für Ihre Hochzeit\n\nRuppertstraße 11\nIm Kreisverwaltungsreferat in der Ruppertstraße stehen Ihnen zwei moderne Trausäle zur Verfügung. \nPersonenhöchstgrenze einschließlich Hochzeitspaar und Trauzeug*innen: 30 Personen\nTermine unter der Woche:\n* Montag und Mittwoch von 8.45 bis 12 Uhr,\n* Dienstag von 9 bis 16.45 Uhr,\n* Donnerstag von 10.30 bis 15 Uhr,\n* Freitag von 8.45 bis 12 Uhr und von 13.30 bis 15.45 Uhr,\n* an Samstagen von 8.45 bis 12 Uhr.;Trau-Säle und Termine für Ihre Hochzeit\n\nIn der Ruppert-Straße 11\nIn der Ruppert-Straße 11 gibt es 2 Trau-Säle.\nDie Trau-Säle sind im Kreis-Verwaltungs-Referat.\nDas ist in der Ruppert-Straße 11.\nSie können sich dort trauen lassen.\nSie können dort heiraten.\nIn den Trau-Sälen können Sie auch eine Partner-Schaft eintragen lassen.\nIn den Trau-Sälen können Sie auch eine Lebens-Gemeinschaft eintragen lassen.\nIn den Trau-Sälen können Sie auch eine Ehe umwandeln.\nDas bedeutet:\nSie haben eine Lebens-Partnerschaft.\nSie können die Lebens-Partnerschaft in eine Ehe umwandeln.\nDas geht in den Trau-Sälen.\nDas geht seit dem 1. Oktober 2017.\nDas geht nur in einem Standes-Amt.\nDas Standes-Amt muss das machen.\nDas Standes-Amt muss in Bayern sein.\nDas Standes-Amt muss in der Landeshaupt-Stadt München sein.\nDas Standes-Amt muss in der Ruppert-Straße 11 sein.\nDas Standes-Amt muss in der Ruppert-Straße 11 sein.\nDas Standes-Amt muss in der Ruppert-Straße 11 sein.\nDas Standes-Amt muss in der Ruppert-Straße 11 sein.\nDas Standes-Amt muss in der Ruppert-Straße 11 sein.\nDas Standes-Amt muss in der Ruppert-Straße 11 sein.\nDas Standes-Amt muss in der Ruppert-Straße 11 sein.\nDas Standes-Amt muss in der Ruppert-Straße 11 sein.\nDas Standes-Amt muss in der Ruppert-Straße 11 sein.\nDas Standes-Amt muss in der Ruppert-Straße 11 sein.\nDas Standes-Amt muss in der Ruppert-Straße 11 sein.\nDas Standes-Amt muss in der Ruppert-Straße 11 sein.\nDas Standes-Amt muss in der Ruppert-Straße 11 sein.\nDas Standes-Amt muss in der Ruppert-Straße 11 sein.\nDas Standes-Amt muss in der Ruppert-Straße 11 sein.\nDas Standes-Amt muss in der Ruppert-Straße 11 sein.\nDas Standes-Amt muss in der Ruppert-Straße 11 sein.\nDas Standes-Amt muss in der Ruppert-Straße 11 sein.\nDas Standes-Amt muss in der Ruppert-Straße 11 sein.\nDas Standes-Amt muss in der Ruppert-Straße 11 sein.\nDas Standes-Amt muss in der Ruppert-Straße 11 sein.\nDas Standes-Amt muss in der Ruppert-Straße 11 sein.\nDas Standes-Amt muss in der Ruppert-Straße 11 sein.\nDas Standes-Amt muss in der Ruppert-Straße 11 sein.\nDas Standes-Amt muss in der Ruppert-Straße 11 sein.\nDas Standes-Amt muss in der Ruppert-Straße 11 sein.\nDas Standes-Amt muss in der Ruppert-Straße 11 sein.\nDas Standes-Amt muss in der Ruppert-Straße 11 sein.\nDas Standes-Amt muss in der Ruppert-Straße 11 sein.\nDas Standes-Amt muss in der Ruppert-Straße 11 sein.\nDas Standes-Amt muss in der Ruppert-Straße 11 sein.\nDas Standes-Amt muss in der Ruppert-Straße 11 sein.\nDas Standes-Amt muss in der Ruppert-Straße 11 sein.\nDas Standes-Amt muss in der Ruppert-Straße 11 sein.\nDas Standes-Amt muss in der Ruppert-Straße 11 sein.\nDas Standes-Amt muss in der Ruppert-Straße 11 sein.\nDas Standes-Amt muss in der Ruppert-Straße 11 sein.\nDas Standes-Amt muss in der Ruppert-Straße 11 sein.\nDas Standes-Amt muss in der Ruppert-Straße 11 sein.\nDas Standes-Amt muss in der Ruppert-Straße 11 sein.\nDas Standes-Amt muss in der Ruppert-Straße 11 sein.\nDas Standes-Amt muss in der Ruppert-Straße 11 sein.\nDas Standes-Amt muss in der Ruppert-Straße 11 sein.\nDas Standes-Amt muss in der Ruppert-Straße 11 sein.\nDas Standes-Amt muss in der Ruppert-Straße 11 sein.\nDas Standes-Amt muss in der Ruppert-Straße 11 sein.\nDas Standes-Amt muss in der Ruppert-Straße 11 sein.\nDas Standes-Amt muss in der Ruppert-Straße 11 sein.\nDas Standes-Amt muss in der Ruppert-Straße 11 sein.\nDas Standes-Amt muss in der Ruppert-Straße 11 sein.\nDas Standes-Amt muss in der Ruppert-Straße 11 sein.\nDas Standes-Amt muss in der Ruppert-Straße 11 sein.\nDas Standes-Amt muss in der Ruppert-Straße 11 sein.\nDas Standes-Amt muss in der Ruppert-Straße 11 sein.\nDas Standes-Amt muss in der Ruppert-Straße 11 sein.\nDas Standes-Amt muss in der Ruppert-Straße 11 sein.\nDas Standes-Amt muss in der Ruppert-Straße 11 sein.\nDas Standes-Amt muss in der Ruppert-Straße 11 sein.\nDas Standes-Amt muss in der Ruppert-Straße 11 sein.\nDas Standes-Amt muss in der Ruppert-Straße 11 sein.\nDas Standes-Amt muss in der Ruppert-Straße 11 sein.\nDas Standes-Amt muss in der Ruppert-Straße 11 sein.\nDas Standes-Amt muss in der Ruppert-Straße 11 sein.\nDas Standes-Amt muss in der Ruppert-Straße 11 sein.\nDas Standes-Amt muss in der Ruppert-Straße 11 sein.\nDas Standes-Amt muss in der Ruppert-Straße 11 sein.\nDas Standes-Amt muss in der Ruppert-Straße 11 sein.\nDas Standes-Amt muss in der Ruppert-Straße 11 sein.\nDas Standes-Amt muss in der Ruppert-Straße 11 sein.\nDas Standes-Amt muss in der Ruppert-Straße 11 sein.\nDas Standes-Amt muss in der Ruppert-Straße 11 sein.\nDas Standes-Amt muss in der Ruppert-Straße 11 sein.\nDas Standes-Amt muss in der Ruppert-Straße 11 sein.\nDas Standes-Amt muss in der Ruppert-Straße 11 sein.\nDas Standes-Amt muss in der Ruppert-Straße 11 sein.\nDas Standes-Amt muss in der Ruppert-Straße 11 sein.\nDas Standes-Amt muss in der Ruppert-Straße 11 sein.\nDas Standes-Amt muss in der Ruppert-Straße 11 sein.\nDas Standes-Amt muss in der Ruppert-Straße 11 sein.\nDas Standes-Amt muss in der Ruppert-Straße 11 sein.\nDas Standes-Amt muss in der Ruppert-Straße 11 sein.\nDas Standes-Amt muss in der Ruppert-Straße 11 sein.\nDas Standes-Amt muss in der Ruppert-Straße 11 sein.\nDas Standes-Amt muss in der Ruppert-Straße 11 sein.\nDas Standes-Amt muss in der Ruppert-Straße 11 sein.\nDas Standes-Amt muss in der Ruppert-Straße 11 sein.\nDas Standes-Amt muss in der Ruppert-Straße 11 sein.\nDas Standes-Amt muss in der Ruppert-Straße 11 sein.\nDas Standes-Amt muss in der Ruppert-Straße 11 sein.\nDas Standes-Amt muss in der Ruppert-Straße 11 sein.\nDas Standes-Amt muss in der Ruppert-Straße 11 sein.\nDas Standes-Amt muss in der Ruppert-Straße 11 sein.\nDas Standes-Amt muss in der Ruppert-Straße 11 sein.\nDas Standes-Amt muss in der Ruppert-Straße 11 sein.\nDas Standes-Amt muss in der Ruppert-Straße 11 sein.\nDas Standes-Amt muss in der Ruppert-Straße 11 sein.\nDas Standes-Amt muss in der Ruppert-Straße 11 sein.\nDas Standes-Amt muss in der Ruppert-Straße 11 sein.\nDas Standes-Amt muss in der Ruppert-Straße 11 sein.\nDas Standes-Amt muss in der Ruppert-Straße 11 sein.\nDas Standes-Amt muss in der Ruppert-Straße 11 sein.\nDas Standes-Amt muss in der Ruppert-Straße 11 sein.\nDas Standes-Amt muss in der Ruppert-Straße 11 sein.\nDas Standes-Amt muss in der Ruppert-Straße 11 sein.\nDas Standes-Amt muss in der Ruppert-Straße 11 sein.\nDas Standes-Amt muss in der Ruppert-Straße 11 sein.\nDas Standes-Amt muss in der Ruppert-Straße 11 sein.\nDas Standes-Amt muss in der Ruppert-Straße 11 sein.\nDas Standes-Amt muss in der Ruppert-Straße 11 sein.\nDas Standes-Amt muss in der Ruppert-Straße 11 sein.\nDas Standes-Amt muss in der Ruppert-Straße 11 sein.\nDas Standes-Amt muss in der Ruppert-Straße 11 sein.\nDas Standes-Amt muss in der Ruppert-Straße 11 sein.\nDas Standes-Amt muss in der Ruppert-Straße 11 sein.\nDas Standes-Amt muss in der Ruppert-Straße 11 sein.\nDas Standes-Amt muss in der Ruppert-Straße 11 sein.\nDas Standes-Amt muss in der Ruppert-Straße 11 sein.\nDas Standes-Amt muss in der Ruppert-Straße 11 sein.\nDas Standes-Amt muss in der Ruppert-Straße 11 sein.\nDas Standes-Amt muss in der Ruppert-Straße 11 sein.\nDas Standes-Amt muss in der Ruppert-Straße 11 sein.\nDas Standes-Amt muss in der Ruppert-Straße 11 sein.\nDas Standes-Amt muss in der Ruppert-Straße 11 sein.\nDas Standes-Amt muss in der Ruppert-Straße 11 sein.\nDas Standes-Amt muss in der Ruppert-Straße 11 sein.\nDas Standes-Amt muss in der Ruppert-Straße 11 sein.\nDas Standes-Amt muss in der Ruppert-Straße 11 sein.\nDas Standes-Amt muss in der Ruppert-Straße 11 sein.\nDas Standes-Amt muss in der Ruppert-Straße 11 sein.\nDas Standes-Amt muss in der Ruppert-Straße 11 sein.\nDas Standes-Amt muss in der Ruppert-Straße 11 sein.\nDas Standes-Amt muss in der Ruppert-Straße 11 sein.\nDas Standes-Amt muss in der Ruppert-Straße 11 sein.\nDas Standes-Amt muss in der Ruppert-Straße 11 sein.\nDas Standes-Amt muss in der Ruppert-Straße 11 sein.\nDas Standes-Amt muss in der Ruppert-Straße 11 sein.\nDas Standes-Amt muss in der Ruppert-Straße 11 sein.\nDas Standes-Amt muss in der Ruppert-Straße 11 sein.\nDas Standes-Amt muss in der Ruppert-Straße 11 sein.\nDas Standes-Amt muss in der Ruppert-Straße 11 sein.\nDas Standes-Amt muss in der Ruppert-Straße 11 sein.\nDas Standes-Amt muss in der Ruppert-Straße 11 sein.\nDas Standes-Amt muss in der Ruppert-Straße 11 sein.\nDas Standes-Amt muss in der Ruppert-Straße 11 sein.\nDas Standes-Amt muss in der Ruppert-Straße 11 sein.\nDas Standes-Amt muss in der Ruppert-Straße 11 sein.\nDas Standes-Amt muss in der Ruppert-Straße 11 sein.\nDas Standes-Amt muss in der Ruppert-Straße 11 sein.\nDas Standes-Amt muss in der Ruppert-Straße 11 sein.\nDas Standes-Amt muss in der Ruppert-Straße 11 sein.\nDas Standes-Amt muss in der Ruppert-Straße 11 sein.\nDas Standes-Amt muss in der Ruppert-Straße 11 sein.\nDas Standes-Amt muss in der Ruppert-Straße 11 sein.\nDas Standes-Amt muss in der Ruppert-Straße 11 sein.\nDas Standes-Amt muss in der Ruppert-Straße 11 sein.\nDas Standes-Amt muss in der Ruppert-Straße 11 sein.\nDas Standes-Amt muss in der Ruppert-Straße 11 sein.\nDas Standes-Amt muss in der Ruppert-Straße 11 sein.\nDas Standes-Amt muss in der Ruppert-Straße 11 sein.\nDas Standes-Amt muss in der Ruppert-Straße 11 sein.\nDas Standes-Amt muss in der Ruppert-Straße 11 sein.\nDas Standes-Amt muss in der Ruppert-Straße 11 sein.\nDas Standes-Amt muss in der Ruppert-Straße 11 sein.\nDas Standes-Amt muss in der Ruppert-Straße 11 sein.\nDas Standes-Amt muss in der Ruppert-Straße 11 sein.\nDas Standes-Amt muss in der Ruppert-Straße 11 sein.\nDas Standes-Amt muss in der Ruppert-Straße 11 sein.\nDas Standes-Amt muss in der Ruppert-Straße 11 sein.\nDas Standes-Amt muss in der Ruppert-Straße 11 sein.\nDas Standes-Amt muss in der Ruppert-Straße 11 sein.\nDas Standes-Amt muss in der Ruppert-Straße 11 sein.\nDas Standes-Amt muss in der Ruppert-Straße 11 sein.\nDas Standes-Amt muss in der Ruppert-Straße 11 sein.\nDas Standes-Amt muss in der Ruppert-Straße 11 sein.\nDas Standes-Amt muss in der Ruppert-Straße 11 sein.\nDas Standes-Amt muss in der Ruppert-Straße 11 sein.\nDas Standes-Amt muss in der Ruppert-Straße 11 sein.\nDas Standes-Amt muss in der Ruppert-Straße 11 sein.\nDas Standes-Amt muss in der Ruppert-Straße 11 sein.\nDas Standes-Amt muss in der Ruppert-Straße 11 sein.\nDas Standes-Amt muss in der Ruppert-Straße 11 sein.\nDas Standes-Amt muss in der Ruppert-Straße 11 sein.\nDas Standes-Amt muss in der Ruppert-Straße 11 sein.\nDas Standes-Amt muss in der Ruppert-Straße 11 sein.\nDas Standes-Amt muss in der Ruppert-Straße 11 sein.\nDas Standes-Amt muss in der Ruppert-Straße 11 sein.\nDas Standes-Amt muss in der Ruppert-Straße 11 sein.\nDas Standes-Amt muss in der Ruppert-Straße 11 sein.\nDas Standes-Amt muss in der Ruppert-Straße 11 sein.\nDas Standes-Amt muss in der Ruppert-Straße 11 sein.\nDas Standes-Amt muss in der Ruppert-Straße 11 sein.\nDas Standes-Amt muss in der Ruppert-Straße 11 sein.\nDas Standes-Amt muss in der Ruppert-Straße 11 sein.\nDas Standes-Amt muss in der Ruppert-Straße 11 sein.\nDas Standes-Amt muss in der Ruppert-Straße 11 sein.\nDas Standes-Amt muss in der Ruppert-Straße 11 sein.\nDas Standes-Amt muss in der Ruppert-Straße 11 sein.\nDas Standes-Amt muss in der Ruppert-Straße 11 sein.\nDas Standes-Amt muss in der Ruppert-Straße 11 sein.\nDas Standes-Amt muss in der Ruppert-Straße 11 sein.\nDas Standes-Amt muss in der Ruppert-Straße 11 sein.\nDas Standes-Amt muss in der Ruppert-Straße 11 sein.\nDas Standes-Amt muss in der Ruppert-Straße 11 sein.\nDas Standes-Amt muss in der Ruppert-Straße 11 sein.\nDas Standes-Amt muss in der Ruppert-Straße 11 sein.\nDas Standes-Amt muss in der Ruppert-Straße 11 sein.\nDas Standes-Amt muss in der Ruppert-Straße 11 sein.\nDas Standes-Amt muss in der Ruppert-Straße 11 sein.\nDas Standes-Amt muss in der Ruppert-Straße 11 sein.\nDas Standes-Amt muss in der Ruppert-Straße 11 sein.\nDas Standes-Amt muss in der Ruppert-Straße 11 sein.\nDas Standes-Amt muss in der Ruppert-Straße 11 sein.\nDas Standes-Amt muss in der Ruppert-Straße 11 sein.\nDas Standes-Amt muss in der Ruppert-Straße 11 sein.\nDas
Die Heimaufsicht ist für alle städtischen Pflege- und Behinderteneinrichtungen zuständig.;Die Heim-Aufsicht ist eine Behörde.\nDie Heim-Aufsicht kontrolliert die Heime.\nDie Heim-Aufsicht ist für alle städtischen Pflege-Einrichtungen und Behinderten-Einrichtungen zuständig.\nStädtisch bedeutet:\nDie Einrichtung gehört der Stadt München.\nZum Beispiel:\n* Das Alten-Heim\n* Das Pflege-Heim\n* Das Wohn-Heim\n* Das Heim für Menschen mit Behinderung
Die FQA (Fachstelle für Pflege- und Behinderteneinrichtungen - Qualitätsentwicklung und Aufsicht - ehemals Heimaufsicht) ist zuständig für alle stationären Alten- und Behindertenhilfeeinrichtungen, Hospize sowie für die ambulant betreuten Wohngemeinschaften der Altenhilfe und die betreuten Wohngruppen der Behindertenhilfe in der Landeshauptstadt München.\n\nWir handeln unabhängig auf der Grundlage des gesetzlichen Auftrages und stellen den Schutz der Bewohnerinnen und Bewohner in den Einrichtungen der Alten- und Behindertenhilfe in den Mittelpunkt unserer Arbeit. Wir arbeiten qualifiziert, praxisorientiert und auf dem aktuellen Stand fachlicher Erkenntnisse.\n\nWir sind ein professionelles Team aus erfahrenen Mitarbeiterinnen und Mitarbeitern, die Ihnen gerne vertraulich in Fragen bei der pflegerischen und betreuerischen Versorgung in Einrichtungen weiterhelfen.;Die FQA ist eine Abkürzung.\nFQA bedeutet:\nFach-Stelle für Pflege- und Behinderten-Einrichtungen.\nDie FQA ist eine Einrichtung von der Stadt München.\nDie FQA ist für diese Einrichtungen zuständig:\n* Alten-Heime\n* Pflege-Heime\n* Wohn-Heime für Menschen mit Behinderung\n* Hospize\n* Ambulant Betreute Wohn-Gemeinschaften\n  für alte Menschen\n* Betreute Wohn-Gruppen für Menschen mit Behinderung\n  in München.\nZuständig bedeutet:\nDie FQA ist für diese Einrichtungen verantwortlich.\nDie FQA ist für diese Einrichtungen zuständig.\nDie FQA ist für diese Einrichtungen verantwortlich.\nDas bedeutet:\nDie FQA muss auf diese Einrichtungen aufpassen.\nDie FQA muss in diesen Einrichtungen nachschauen.\nDie FQA muss in diesen Einrichtungen nachfragen.\nDie FQA muss in diesen Einrichtungen helfen.\nDie FQA muss in diesen Einrichtungen beraten.\nDie FQA muss in diesen Einrichtungen kontrollieren.\nDie FQA muss in diesen Einrichtungen überwachen.\nDie FQA muss in diesen Einrichtungen auf Probleme reagieren.\nDie FQA muss in diesen Einrichtungen auf Probleme reagieren.\nDie FQA muss in diesen Einrichtungen auf Probleme reagieren.\nDie FQA muss in diesen Einrichtungen auf Probleme reagieren.\nDie FQA muss in diesen Einrichtungen auf Probleme reagieren.\nDie FQA muss in diesen Einrichtungen auf Probleme reagieren.\nDie FQA muss in diesen Einrichtungen auf Probleme reagieren.\nDie FQA muss in diesen Einrichtungen auf Probleme reagieren.\nDie FQA muss in diesen Einrichtungen auf Probleme reagieren.\nDie FQA muss in diesen Einrichtungen auf Probleme reagieren.\nDie FQA muss in diesen Einrichtungen auf Probleme reagieren.\nDie FQA muss in diesen Einrichtungen auf Probleme reagieren.\nDie FQA muss in diesen Einrichtungen auf Probleme reagieren.\nDie FQA muss in diesen Einrichtungen auf Probleme reagieren.\nDie FQA muss in diesen Einrichtungen auf Probleme reagieren.\nDie FQA muss in diesen Einrichtungen auf Probleme reagieren.\nDie FQA muss in diesen Einrichtungen auf Probleme reagieren.\nDie FQA muss in diesen Einrichtungen auf Probleme reagieren.\nDie FQA muss in diesen Einrichtungen auf Probleme reagieren.\nDie FQA muss in diesen Einrichtungen auf Probleme reagieren.\nDie FQA muss in diesen Einrichtungen auf Probleme reagieren.\nDie FQA muss in diesen Einrichtungen auf Probleme reagieren.\nDie FQA muss in diesen Einrichtungen auf Probleme reagieren.\nDie FQA muss in diesen Einrichtungen auf Probleme reagieren.\nDie FQA muss in diesen Einrichtungen auf Probleme reagieren.\nDie FQA muss in diesen Einrichtungen auf Probleme reagieren.\nDie FQA muss in diesen Einrichtungen auf Probleme reagieren.\nDie FQA muss in diesen Einrichtungen auf Probleme reagieren.\nDie FQA muss in diesen Einrichtungen auf Probleme reagieren.\nDie FQA muss in diesen Einrichtungen auf Probleme reagieren.\nDie FQA muss in diesen Einrichtungen auf Probleme reagieren.\nDie FQA muss in diesen Einrichtungen auf Probleme reagieren.\nDie FQA muss in diesen Einrichtungen auf Probleme reagieren.\nDie FQA muss in diesen Einrichtungen auf Probleme reagieren.\nDie FQA muss in diesen Einrichtungen auf Probleme reagieren.\nDie FQA muss in diesen Einrichtungen auf Probleme reagieren.\nDie FQA muss in diesen Einrichtungen auf Probleme reagieren.\nDie FQA muss in diesen Einrichtungen auf Probleme reagieren.\nDie FQA muss in diesen Einrichtungen auf Probleme reagieren.\nDie FQA muss in diesen Einrichtungen auf Probleme reagieren.\nDie FQA muss in diesen Einrichtungen auf Probleme reagieren.\nDie FQA muss in diesen Einrichtungen auf Probleme reagieren.\nDie FQA muss in diesen Einrichtungen auf Probleme reagieren.\nDie FQA muss in diesen Einrichtungen auf Probleme reagieren.\nDie FQA muss in diesen Einrichtungen auf Probleme reagieren.\nDie FQA muss in diesen Einrichtungen auf Probleme reagieren.\nDie FQA muss in diesen Einrichtungen auf Probleme reagieren.\nDie FQA muss in diesen Einrichtungen auf Probleme reagieren.\nDie FQA muss in diesen Einrichtungen auf Probleme reagieren.\nDie FQA muss in diesen Einrichtungen auf Probleme reagieren.\nDie FQA muss in diesen Einrichtungen auf Probleme reagieren.\nDie FQA muss in diesen Einrichtungen auf Probleme reagieren.\nDie FQA muss in diesen Einrichtungen auf Probleme reagieren.\nDie FQA muss in diesen Einrichtungen auf Probleme reagieren.\nDie FQA muss in diesen Einrichtungen auf Probleme reagieren.\nDie FQA muss in diesen Einrichtungen auf Probleme reagieren.\nDie FQA muss in diesen Einrichtungen auf Probleme reagieren.\nDie FQA muss in diesen Einrichtungen auf Probleme reagieren.\nDie FQA muss in diesen Einrichtungen auf Probleme reagieren.\nDie FQA muss in diesen Einrichtungen auf Probleme reagieren.\nDie FQA muss in diesen Einrichtungen auf Probleme reagieren.\nDie FQA muss in diesen Einrichtungen auf Probleme reagieren.\nDie FQA muss in diesen Einrichtungen auf Probleme reagieren.\nDie FQA muss in diesen Einrichtungen auf Probleme reagieren.\nDie FQA muss in diesen Einrichtungen auf Probleme reagieren.\nDie FQA muss in diesen Einrichtungen auf Probleme reagieren.\nDie FQA muss in diesen Einrichtungen auf Probleme reagieren.\nDie FQA muss in diesen Einrichtungen auf Probleme reagieren.\nDie FQA muss in diesen Einrichtungen auf Probleme reagieren.\nDie FQA muss in diesen Einrichtungen auf Probleme reagieren.\nDie FQA muss in diesen Einrichtungen auf Probleme reagieren.\nDie FQA muss in diesen Einrichtungen auf Probleme reagieren.\nDie FQA muss in diesen Einrichtungen auf Probleme reagieren.\nDie FQA muss in diesen Einrichtungen auf Probleme reagieren.\nDie FQA muss in diesen Einrichtungen auf Probleme reagieren.\nDie FQA muss in diesen Einrichtungen auf Probleme reagieren.\nDie FQA muss in diesen Einrichtungen auf Probleme reagieren.\nDie FQA muss in diesen Einrichtungen auf Probleme reagieren.\nDie FQA muss in diesen Einrichtungen auf Probleme reagieren.\nDie FQA muss in diesen Einrichtungen auf Probleme reagieren.\nDie FQA muss in diesen Einrichtungen auf Probleme reagieren.\nDie FQA muss in diesen Einrichtungen auf Probleme reagieren.\nDie FQA muss in diesen Einrichtungen auf Probleme reagieren.\nDie FQA muss in diesen Einrichtungen auf Probleme reagieren.\nDie FQA muss in diesen Einrichtungen auf Probleme reagieren.\nDie FQA muss in diesen Einrichtungen auf Probleme reagieren.\nDie FQA muss in diesen Einrichtungen auf Probleme reagieren.\nDie FQA muss in diesen Einrichtungen auf Probleme reagieren.\nDie FQA muss in diesen Einrichtungen auf Probleme reagieren.\nDie FQA muss in diesen Einrichtungen auf Probleme reagieren.\nDie FQA muss in diesen Einrichtungen auf Probleme reagieren.\nDie FQA muss in diesen Einrichtungen auf Probleme reagieren.\nDie FQA muss in diesen Einrichtungen auf Probleme reagieren.\nDie FQA muss in diesen Einrichtungen auf Probleme reagieren.\nDie FQA muss in diesen Einrichtungen auf Probleme reagieren.\nDie FQA muss in diesen Einrichtungen auf Probleme reagieren.\nDie FQA muss in diesen Einrichtungen auf Probleme reagieren.\nDie FQA muss in diesen Einrichtungen auf Probleme reagieren.\nDie FQA muss in diesen Einrichtungen auf Probleme reagieren.\nDie FQA muss in diesen Einrichtungen auf Probleme reagieren.\nDie FQA muss in diesen Einrichtungen auf Probleme reagieren.\nDie FQA muss in diesen Einrichtungen auf Probleme reagieren.\nDie FQA muss in diesen Einrichtungen auf Probleme reagieren.\nDie FQA muss in diesen Einrichtungen auf Probleme reagieren.\nDie FQA muss in diesen Einrichtungen auf Probleme reagieren.\nDie FQA muss in diesen Einrichtungen auf Probleme reagieren.\nDie FQA muss in diesen Einrichtungen auf Probleme reagieren.\nDie FQA muss in diesen Einrichtungen auf Probleme reagieren.\nDie FQA muss in diesen Einrichtungen auf Probleme reagieren.\nDie FQA muss in diesen Einrichtungen auf Probleme reagieren.\nDie FQA muss in diesen Einrichtungen auf Probleme reagieren.\nDie FQA muss in diesen Einrichtungen auf Probleme reagieren.\nDie FQA muss in diesen Einrichtungen auf Probleme reagieren.\nDie FQA muss in diesen Einrichtungen auf Probleme reagieren.\nDie FQA muss in diesen Einrichtungen auf Probleme reagieren.\nDie FQA muss in diesen Einrichtungen auf Probleme reagieren.\nDie FQA muss in diesen Einrichtungen auf Probleme reagieren.\nDie FQA muss in diesen Einrichtungen auf Probleme reagieren.\nDie FQA muss in diesen Einrichtungen auf Probleme reagieren.\nDie FQA muss in diesen Einrichtungen auf Probleme reagieren.\nDie FQA muss in diesen Einrichtungen auf Probleme reagieren.\nDie FQA muss in diesen Einrichtungen auf Probleme reagieren.\nDie FQA muss in diesen Einrichtungen auf Probleme reagieren.\nDie FQA muss in diesen Einrichtungen auf Probleme reagieren.\nDie FQA muss in diesen Einrichtungen auf Probleme reagieren.\nDie FQA muss in diesen Einrichtungen auf Probleme reagieren.\nDie FQA muss in diesen Einrichtungen auf Probleme reagieren.\nDie FQA muss in diesen Einrichtungen auf Probleme reagieren.\nDie FQA muss in diesen Einrichtungen auf Probleme reagieren.\nDie FQA muss in diesen Einrichtungen auf Probleme reagieren.\nDie FQA muss in diesen Einrichtungen auf Probleme reagieren.\nDie FQA muss in diesen Einrichtungen auf Probleme reagieren.\nDie FQA muss in diesen Einrichtungen auf Probleme reagieren.\nDie FQA muss in diesen Einrichtungen auf Probleme reagieren.\nDie FQA muss in diesen Einrichtungen auf Probleme reagieren.\nDie FQA muss in diesen Einrichtungen auf Probleme reagieren.\nDie FQA muss in diesen Einrichtungen auf Probleme reagieren.\nDie FQA muss in diesen Einrichtungen auf Probleme reagieren.\nDie FQA muss in diesen Einrichtungen auf Probleme reagieren.\nDie FQA muss in diesen Einrichtungen auf Probleme reagieren.\nDie FQA muss in diesen Einrichtungen auf Probleme reagieren.\nDie FQA muss in diesen Einrichtungen auf Probleme reagieren.\nDie FQA muss in diesen Einrichtungen auf Probleme reagieren.\nDie FQA muss in diesen Einrichtungen auf Probleme reagieren.\nDie FQA muss in diesen Einrichtungen auf Probleme reagieren.\nDie FQA muss in diesen Einrichtungen auf Probleme reagieren.\nDie FQA muss in diesen Einrichtungen auf Probleme reagieren.\nDie FQA muss in diesen Einrichtungen auf Probleme reagieren.\nDie FQA muss in diesen Einrichtungen auf Probleme reagieren.\nDie FQA muss in diesen Einrichtungen auf Probleme reagieren.\nDie FQA muss in diesen Einrichtungen auf Probleme reagieren.\nDie FQA muss in diesen Einrichtungen auf Probleme reagieren.\nDie FQA muss in diesen Einrichtungen auf Probleme reagieren.\nDie FQA muss in diesen Einrichtungen auf Probleme reagieren.\nDie FQA muss in diesen Einrichtungen auf Probleme reagieren.\nDie FQA muss in diesen Einrichtungen auf Probleme reagieren.\nDie FQA muss in diesen Einrichtungen auf Probleme reagieren.\nDie FQA muss in diesen Einrichtungen auf Probleme reagieren.\nDie FQA muss in diesen Einrichtungen auf Probleme reagieren.\nDie FQA muss in diesen Einrichtungen auf Probleme reagieren.\nDie FQA muss in diesen Einrichtungen auf Probleme reagieren.\nDie FQA muss in diesen Einrichtungen auf Probleme reagieren.\nDie FQA muss in diesen Einrichtungen auf Probleme reagieren.\nDie FQA muss in diesen Einrichtungen auf Probleme reagieren.\nDie FQA muss in diesen Einrichtungen auf Probleme reagieren.\nDie FQA muss in diesen Einrichtungen auf Probleme reagieren.\nDie FQA muss in diesen Einrichtungen auf Probleme reagieren.\nDie FQA muss in diesen Einrichtungen auf Probleme reagieren.\nDie FQA muss in diesen Einrichtungen auf Probleme reagieren.\nDie FQA muss in diesen Einrichtungen auf Probleme reagieren.\nDie FQA muss in diesen Einrichtungen auf Probleme reagieren.\nDie FQA muss in diesen Einrichtungen auf Probleme reagieren.\nDie FQA muss in diesen Einrichtungen auf Probleme reagieren.\nDie FQA muss in diesen Einrichtungen auf Probleme reagieren.\nDie FQA muss in diesen Einrichtungen auf Probleme reagieren.\nDie FQA muss in diesen Einrichtungen auf Probleme reagieren.\nDie FQA muss in diesen Einrichtungen auf Probleme reagieren.\nDie FQA muss in diesen Einrichtungen auf Probleme reagieren.\nDie FQA muss in diesen Einrichtungen auf Probleme reagieren.\nDie FQA muss in diesen Einrichtungen auf Probleme reagieren.\nDie FQA muss in diesen Einrichtungen auf Probleme reagieren.\nDie FQA muss in diesen Einrichtungen auf Probleme reagieren.\nDie FQA muss in diesen Einrichtungen auf Probleme reagieren.\nDie FQA muss in diesen Einrichtungen auf Probleme reagieren.\nDie FQA muss in diesen Einrichtungen auf Probleme reagieren.\nDie FQA muss in diesen Einrichtungen auf Probleme reagieren.\nDie FQA muss in diesen Einrichtungen auf Probleme reagieren.\nDie FQA muss in diesen Einrichtungen auf Probleme reagieren.\nDie FQA muss in diesen Einrichtungen auf Probleme reagieren.\nDie FQA muss in diesen Einrichtungen auf Probleme reagieren.\nDie FQA muss in diesen Einrichtungen auf Probleme reagieren.\nDie FQA muss in diesen Einrichtungen auf Probleme reagieren.\nDie FQA muss in diesen Einrichtungen auf Probleme reagieren.\nDie FQA muss in diesen Einrichtungen auf Probleme reagieren.\nDie FQA muss in diesen Einrichtungen auf Probleme reagieren.\nDie FQA muss in diesen Einrichtungen auf Probleme reagieren.\nDie FQA muss in diesen Einrichtungen auf Probleme reagieren.\nDie FQA muss in diesen Einrichtungen auf Probleme reagieren.\nDie FQA muss in diesen Einrichtungen auf Probleme reagieren.\nDie FQA muss in diesen Einrichtungen auf Probleme reagieren.\nDie FQA muss in diesen Einrichtungen auf Probleme reagieren.\nDie FQA muss in diesen Einrichtungen auf Probleme reagieren.\nDie FQA muss in diesen Einrichtungen auf Probleme reagieren.\nDie FQA muss in diesen Einrichtungen auf Probleme reagieren.\nDie FQA muss in diesen Einrichtungen auf Probleme reagieren.\nDie FQA muss in diesen Einrichtungen auf Probleme reagieren.\nDie FQA muss in diesen Einrichtungen auf Probleme reagieren.\nDie FQA muss in diesen Einrichtungen auf Probleme reagieren.\nDie FQA muss in diesen Einrichtungen auf Probleme reagieren.\nDie FQA muss in diesen Einrichtungen auf Probleme reagieren.\nDie FQA muss in diesen Einrichtungen auf Probleme reagieren.\nDie FQA muss in diesen Einrichtungen auf Probleme reagieren.\nDie FQA muss in diesen Einrichtungen auf Probleme reagieren.\nDie FQA muss in diesen Einrichtungen auf Probleme reagieren.\nDie FQA muss in diesen Einrichtungen auf Probleme reagieren.\nDie FQA muss in diesen Einrichtungen auf Probleme reagieren.\nDie FQA muss in diesen Einrichtungen auf Probleme reagieren.\nDie FQA muss in diesen Einrichtungen auf Probleme reagieren.\nDie FQA muss in diesen Einrichtungen auf Probleme reagieren.\nDie FQA muss in diesen Einrichtungen auf Probleme reagieren.\nDie FQA muss in diesen Einrichtungen auf Probleme reagieren.\nDie FQA muss in diesen Einrichtungen auf Probleme reagieren.\nDie FQA muss in diesen Einrichtungen auf Probleme reagieren.\nDie FQA muss in diesen Einrichtungen auf Probleme reagieren.\nDie FQA muss in diesen Einrichtungen auf Probleme reagieren.\nDie FQA muss in diesen Einrichtungen auf Probleme reagieren.\nDie FQA muss in diesen Einrichtungen auf Probleme reagieren.\nDie FQA muss in diesen Einrichtungen auf Probleme reagieren.\nDie FQA muss in diesen Einrichtungen auf Probleme reagieren.\nDie FQA muss in diesen Einrichtungen auf Probleme reagieren.\nDie FQA muss in diesen Einrichtungen auf Probleme reagieren.\nDie FQA muss in diesen Einrichtungen auf Probleme reagieren.\nDie FQA muss in diesen Einrichtungen auf Probleme reagieren.\nDie FQA muss in diesen Einrichtungen auf Probleme reagieren.\nDie FQA muss in diesen Einrichtungen auf Probleme reagieren.\nDie FQA muss in diesen Einrichtungen auf Probleme reagieren.\nDie FQA muss in diesen Einrichtungen auf Probleme reagieren.\nDie FQA muss in diesen Einrichtungen auf Probleme reagieren.\nDie FQA muss in diesen Einrichtungen auf Probleme reagieren.\nDie FQA muss in diesen Einricht
Wir, die Heimaufsicht,\n* beraten Bewohnerinnen und Bewohner, Angehörige und Einrichtungen\n* sorgen für die Einhaltung festgelegter Qualitätsstandards in der Pflege und Betreuung\n* suchen jede Einrichtung mehrmals im Jahr auf\n* gehen Beschwerden umgehend nach\n* führen anlassbezogene und unangemeldete Kontrollen durch;Die Heim-Aufsicht ist eine Behörde.\nDie Heim-Aufsicht ist ein Amt.\nDie Heim-Aufsicht ist ein Amt von der Stadt München.\nDie Heim-Aufsicht kontrolliert Heime.\nIn Heimen wohnen Menschen.\nDie Menschen brauchen Hilfe.\nZum Beispiel beim Waschen.\nOder beim Anziehen.\nDie Heim-Aufsicht kontrolliert:\nBekommen die Menschen in den Heimen genug Hilfe?\nLeben die Menschen in den Heimen gut?\nLeben die Menschen in den Heimen selbst-bestimmt?\nDas bedeutet:\nKönnen die Menschen in den Heimen selbst bestimmen:\nWann sie aufstehen?\nWann sie essen?\nWann sie schlafen?\nKönnen die Menschen in den Heimen selbst bestimmen:\nWas sie anziehen?\nWas sie essen?\nWas sie in ihrer Freizeit machen?\nDie Heim-Aufsicht berät Heim-Bewohner.\nDie Heim-Aufsicht berät Heim-Bewohnerinnen.\nDie Heim-Aufsicht berät Angehörige.\nAngehörige sind zum Beispiel:\nEltern.\nKinder.\nEhe-Partner.\nEhe-Partnerinnen.\nFreunde.\nFreundinnen.\nDie Heim-Aufsicht berät Einrichtungen.\nEinrichtungen sind zum Beispiel:\nHeime.\nPflege-Dienste.\nPflege-Heime.\nPflege-Wohn-Gruppen.\nWohn-Heime.\nWohn-Gruppen.\nWohn-Häuser.\nDie Heim-Aufsicht berät zum Beispiel:\n* über die Rechte von Heim-Bewohnern.\n* über die Rechte von Heim-Bewohnerinnen.\n* über die Rechte von Angehörigen.\n* über die Rechte von Einrichtungen.\n* über die Pflege-Stärkungs-Gesetze.\n* über das Wohn-Gruppen-Gesetz.\n* über das Wohn-Heim-Gesetz.\n* über das Heim-Recht.\n* über das Betreuungs-Recht.\n* über das Pflege-Recht.\n* über das Wohn-Recht.\n* über das Behinderten-Recht.\n* über das Sozial-Hilfe-Recht.\n* über das Sozial-Gesetz-Buch.\n* über das Heim-Mitwirkungs-Gesetz.\n* über das Heim-Mitwirkungs-Recht.\n* über das Heim-Mitwirkungs-Recht von Heim-Bewohnern.\n* über das Heim-Mitwirkungs-Recht von Heim-Bewohnerinnen.\n* über das Heim-Mitwirkungs-Recht von Angehörigen.\n* über das Heim-Mitwirkungs-Recht von Einrichtungen.\n* über das Heim-Mitwirkungs-Recht von Betreuungs-Personen.\n* über das Heim-Mitwirkungs-Recht von Betreuungs-Personen von Heim-Bewohnern.\n* über das Heim-Mitwirkungs-Recht von Betreuungs-Personen von Heim-Bewohnerinnen.\n* über das Heim-Mitwirkungs-Recht von Betreuungs-Personen von Angehörigen.\n* über das Heim-Mitwirkungs-Recht von Betreuungs-Personen von Einrichtungen.\n* über das Heim-Mitwirkungs-Recht von Betreuungs-Personen von Betreuungs-Personen.\n* über das Heim-Mitwirkungs-Recht von Betreuungs-Personen von Betreuungs-Personen von Heim-Bewohnern.\n* über das Heim-Mitwirkungs-Recht von Betreuungs-Personen von Betreuungs-Personen von Heim-Bewohnerinnen.\n* über das Heim-Mitwirkungs-Recht von Betreuungs-Personen von Betreuungs-Personen von Angehörigen.\n* über das Heim-Mitwirkungs-Recht von Betreuungs-Personen von Betreuungs-Personen von Einrichtungen.\n* über das Heim-Mitwirkungs-Recht von Betreuungs-Personen von Betreuungs-Personen von Betreuungs-Personen.\n* über das Heim-Mitwirkungs-Recht von Betreuungs-Personen von Betreuungs-Personen von Betreuungs-Personen von Heim-Bewohnern.\n* über das Heim-Mitwirkungs-Recht von Betreuungs-Personen von Betreuungs-Personen von Betreuungs-Personen von Heim-Bewohnerinnen.\n* über das Heim-Mitwirkungs-Recht von Betreuungs-Personen von Betreuungs-Personen von Betreuungs-Personen von Angehörigen.\n* über das Heim-Mitwirkungs-Recht von Betreuungs-Personen von Betreuungs-Personen von Betreuungs-Personen von Einrichtungen.\n* über das Heim-Mitwirkungs-Recht von Betreuungs-Personen von Betreuungs-Personen von Betreuungs-Personen von Betreuungs-Personen.\n* über das Heim-Mitwirkungs-Recht von Betreuungs-Personen von Betreuungs-Personen von Betreuungs-Personen von Betreuungs-Personen von Heim-Bewohnern.\n* über das Heim-Mitwirkungs-Recht von Betreuungs-Personen von Betreuungs-Personen von Betreuungs-Personen von Betreuungs-Personen von Heim-Bewohnerinnen.\n* über das Heim-Mitwirkungs-Recht von Betreuungs-Personen von Betreuungs-Personen von Betreuungs-Personen von Betreuungs-Personen von Angehörigen.\n* über das Heim-Mitwirkungs-Recht von Betreuungs-Personen von Betreuungs-Personen von Betreuungs-Personen von Betreuungs-Personen von Einrichtungen.\n* über das Heim-Mitwirkungs-Recht von Betreuungs-Personen von Betreuungs-Personen von Betreuungs-Personen von Betreuungs-Personen von Betreuungs-Personen.\n* über das Heim-Mitwirkungs-Recht von Betreuungs-Personen von Betreuungs-Personen von Betreuungs-Personen von Betreuungs-Personen von Betreuungs-Personen von Heim-Bewohnern.\n* über das Heim-Mitwirkungs-Recht von Betreuungs-Personen von Betreuungs-Personen von Betreuungs-Personen von Betreuungs-Personen von Betreuungs-Personen von Heim-Bewohnerinnen.\n* über das Heim-Mitwirkungs-Recht von Betreuungs-Personen von Betreuungs-Personen von Betreuungs-Personen von Betreuungs-Personen von Betreuungs-Personen von Angehörigen.\n* über das Heim-Mitwirkungs-Recht von Betreuungs-Personen von Betreuungs-Personen von Betreuungs-Personen von Betreuungs-Personen von Betreuungs-Personen von Einrichtungen.\n* über das Heim-Mitwirkungs-Recht von Betreuungs-Personen von Betreuungs-Personen von Betreuungs-Personen von Betreuungs-Personen von Betreuungs-Personen von Betreuungs-Personen.\n* über das Heim-Mitwirkungs-Recht von Betreuungs-Personen von Betreuungs-Personen von Betreuungs-Personen von Betreuungs-Personen von Betreuungs-Personen von Betreuungs-Personen von Heim-Bewohnern.\n* über das Heim-Mitwirkungs-Recht von Betreuungs-Personen von Betreuungs-Personen von Betreuungs-Personen von Betreuungs-Personen von Betreuungs-Personen von Betreuungs-Personen von Heim-Bewohnerinnen.\n* über das Heim-Mitwirkungs-Recht von Betreuungs-Personen von Betreuungs-Personen von Betreuungs-Personen von Betreuungs-Personen von Betreuungs-Personen von Betreuungs-Personen von Angehörigen.\n* über das Heim-Mitwirkungs-Recht von Betreuungs-Personen von Betreuungs-Personen von Betreuungs-Personen von Betreuungs-Personen von Betreuungs-Personen von Betreuungs-Personen von Einrichtungen.\n* über das Heim-Mitwirkungs-Recht von Betreuungs-Personen von Betreuungs-Personen von Betreuungs-Personen von Betreuungs-Personen von Betreuungs-Personen von Betreuungs-Personen von Betreuungs-Personen.\n* über das Heim-Mitwirkungs-Recht von Betreuungs-Personen von Betreuungs-Personen von Betreuungs-Personen von Betreuungs-Personen von Betreuungs-Personen von Betreuungs-Personen von Betreuungs-Personen von Heim-Bewohnern.\n* über das Heim-Mitwirkungs-Recht von Betreuungs-Personen von Betreuungs-Personen von Betreuungs-Personen von Betreuungs-Personen von Betreuungs-Personen von Betreuungs-Personen von Betreuungs-Personen von Heim-Bewohnerinnen.\n* über das Heim-Mitwirkungs-Recht von Betreuungs-Personen von Betreuungs-Personen von Betreuungs-Personen von Betreuungs-Personen von Betreuungs-Personen von Betreuungs-Personen von Betreuungs-Personen von Angehörigen.\n* über das Heim-Mitwirkungs-Recht von Betreuungs-Personen von Betreuungs-Personen von Betreuungs-Personen von Betreuungs-Personen von Betreuungs-Personen von Betreuungs-Personen von Betreuungs-Personen von Einrichtungen.\n* über das Heim-Mitwirkungs-Recht von Betreuungs-Personen von Betreuungs-Personen von Betreuungs-Personen von Betreuungs-Personen von Betreuungs-Personen von Betreuungs-Personen von Betreuungs-Personen von Betreuungs-Personen.\n* über das Heim-Mitwirkungs-Recht von Betreuungs-Personen von Betreuungs-Personen von Betreuungs-Personen von Betreuungs-Personen von Betreuungs-Personen von Betreuungs-Personen von Betreuungs-Personen von Betreuungs-Personen von Heim-Bewohnern.\n* über das Heim-Mitwirkungs-Recht von Betreuungs-Personen von Betreuungs-Personen von Betreuungs-Personen von Betreuungs-Personen von Betreuungs-Personen von Betreuungs-Personen von Betreuungs-Personen von Betreuungs-Personen von Heim-Bewohnerinnen.\n* über das Heim-Mitwirkungs-Recht von Betreuungs-Personen von Betreuungs-Personen von Betreuungs-Personen von Betreuungs-Personen von Betreuungs-Personen von Betreuungs-Personen von Betreuungs-Personen von Betreuungs-Personen von Angehörigen.\n* über das Heim-Mitwirkungs-Recht von Betreuungs-Personen von Betreuungs-Personen von Betreuungs-Personen von Betreuungs-Personen von Betreuungs-Personen von Betreuungs-Personen von Betreuungs-Personen von Betreuungs-Personen von Einrichtungen.\n* über das Heim-Mitwirkungs-Recht von Betreuungs-Personen von Betreuungs-Personen von Betreuungs-Personen von Betreuungs-Personen von Betreuungs-Personen von Betreuungs-Personen von Betreuungs-Personen von Betreuungs-Personen von Betreuungs-Personen.\n* über das Heim-Mitwirkungs-Recht von Betreuungs-Personen von Betreuungs-Personen von Betreuungs-Personen von Betreuungs-Personen von Betreuungs-Personen von Betreuungs-Personen von Betreuungs-Personen von Betreuungs-Personen von Betreuungs-Personen von Heim-Bewohnern.\n* über das Heim-Mitwirkungs-Recht von Betreuungs-Personen von Betreuungs-Personen von Betreuungs-Personen von Betreuungs-Personen von Betreuungs-Personen von Betreuungs-Personen von Betreuungs-Personen von Betreuungs-Personen von Betreuungs-Personen von Heim-Bewohnerinnen.\n* über das Heim-Mitwirkungs-Recht von Betreuungs-Personen von Betreuungs-Personen von Betreuungs-Personen von Betreuungs-Personen von Betreuungs-Personen von Betreuungs-Personen von Betreuungs-Personen von Betreuungs-Personen von Betreuungs-Personen von Angehörigen.\n* über das Heim-Mitwirkungs-Recht von Betreuungs-Personen von Betreuungs-Personen von Betreuungs-Personen von Betreuungs-Personen von Betreuungs-Personen von Betreuungs-Personen von Betreuungs-Personen von Betreuungs-Personen von Betreuungs-Personen von Einrichtungen.\n* über das Heim-Mitwirkungs-Recht von Betreuungs-Personen von Betreuungs-Personen von Betreuungs-Personen von Betreuungs-Personen von Betreuungs-Personen von Betreuungs-Personen von Betreuungs-Personen von Betreuungs-Personen von Betreuungs-Personen von Betreuungs-Personen.\n* über das Heim-Mitwirkungs-Recht von Betreuungs-Personen von Betreuungs-Personen von Betreuungs-Personen von Betreuungs-Personen von Betreuungs-Personen von Betreuungs-Personen von Betreuungs-Personen von Betreuungs-Personen von Betreuungs-Personen von Betreuungs-Personen von Heim-Bewohnern.\n* über das Heim-Mitwirkungs-Recht von Betreuungs-Personen von Betreuungs-Personen von Betreuungs-Personen von Betreuungs-Personen von Betreuungs-Personen von Betreuungs-Personen von Betreuungs-Personen von Betreuungs-Personen von Betreuungs-Personen von Betreuungs-Personen von Heim-Bewohnerinnen.\n* über das Heim-Mitwirkungs-Recht von Betreuungs-Personen von Betreuungs-Personen von Betreuungs-Personen von Betreuungs-Personen von Betreuungs-Personen von Betreuungs-Personen von Betreuungs-Personen von Betreuungs-Personen von Betreuungs-Personen von Betreuungs-Personen von Angehörigen.\n* über das Heim-Mitwirkungs-Recht von Betreuungs-Personen von Betreuungs-Personen von Betreuungs-Personen von Betreuungs-Personen von Betreuungs-Personen von Betreuungs-Personen von Betreuungs-Personen von Betreuungs-Personen von Betreuungs-Personen von Betreuungs-Personen von Einrichtungen.\n* über das Heim-Mitwirkungs-Recht von Betreuungs-Personen von Betreuungs-Personen von Betreuungs-Personen von Betreuungs-Personen von Betreuungs-Personen von Betreuungs-Personen von Betreuungs-Personen von Betreuungs-Personen von Betreuungs-Personen von Betreuungs-Personen von Betreuungs-Personen.\n* über das Heim-Mitwirkungs-Recht von Betreuungs-Personen von Betreuungs-Personen von Betreuungs-Personen von Betreuungs-Personen von Betreuungs-Personen von Betreuungs-Personen von Betreuungs-Personen von Betreuungs-Personen von Betreuungs-Personen von Betreuungs-Personen von Betreuungs-Personen von Heim-Bewohnern.\n* über das Heim-Mitwirkungs-Recht von Betreuungs-Personen von Betreuungs-Personen von Betreuungs-Personen von Betreuungs-Personen von Betreuungs-Personen von Betreuungs-Personen von Betreuungs-Personen von Betreuungs-Personen von Betreuungs-Personen von Betreuungs-Personen von Betreuungs-Personen von Heim-Bewohnerinnen.\n* über das Heim-Mitwirkungs-Recht von Betreuungs-Personen von Betreuungs-Personen von Betreuungs-Personen von Betreuungs-Personen von Betreuungs-Personen von Betreuungs-Personen von Betreuungs-Personen von Betreuungs-Personen von Betreuungs-Personen von Betreuungs-Personen von Betreuungs-Personen von Angehörigen.\n* über das Heim-Mitwirkungs-Recht von Betreuungs-Personen von Betreuungs-Personen von Betreuungs-Personen von Betreuungs-Personen von Betreuungs-Personen von Betreuungs-Personen von Betreuungs-Personen von Betreuungs-Personen von Betreuungs-Personen von Betreuungs-Personen von Betreuungs-Personen von Einrichtungen.\n* über das Heim-Mitwirkungs-Recht von Betreuungs-Personen von Betreuungs-Personen von Betreuungs-Personen von Betreuungs-Personen von Betreuungs-Personen von Betreuungs-Personen von Betreuungs-Personen von Betreuungs-Personen von Betreuungs-Personen von Betreuungs-Personen von Betreuungs-Personen von Betreuungs-Personen.\n* über das Heim-Mitwirkungs-Recht von Betreuungs-Personen von Betreuungs-Personen von Betreuungs-Personen von Betreuungs-Personen von Betreuungs-Personen von Betreuungs-Personen von Betreuungs-Personen von Betreuungs-Personen von Betreuungs-Personen von Betreuungs-Personen von Betreuungs-Personen von Betreuungs-Personen von Heim-Bewohnern.\n* über das Heim-Mitwirkungs-Recht von Bet
Die Heimaufsicht ist ein professionelles Team aus erfahrenen Mitarbeiterinnen und Mitarbeitern, die Ihnen gerne vertraulich in Fragen bei der pflegerischen und betreuerischen Versorgung in Einrichtungen weiterhelfen.;Die Heim-Aufsicht ist für Sie da.\nDie Mitarbeiter von der Heim-Aufsicht beraten Sie.\nDie Mitarbeiter von der Heim-Aufsicht helfen Ihnen.\nDie Mitarbeiter von der Heim-Aufsicht beantworten Ihre Fragen.\nZum Beispiel zu diesen Einrichtungen:\n* Alten-Heime\n* Pflege-Heime\n* Wohn-Heime\n* Heime für Menschen mit Behinderung\n* Heime für psychisch kranke Menschen\n* Heime für Kinder und Jugendliche\n* Einrichtungen für Menschen mit Behinderung\n* Einrichtungen für psychisch kranke Menschen\n* Einrichtungen für Kinder und Jugendliche\n* Einrichtungen für Menschen mit Behinderung\n* Einrichtungen für psychisch kranke Menschen\n* Einrichtungen für Kinder und Jugendliche\n* Einrichtungen für Menschen mit Behinderung\n* Einrichtungen für psychisch kranke Menschen\n* Einrichtungen für Kinder und Jugendliche\n* Einrichtungen für Menschen mit Behinderung\n* Einrichtungen für psychisch kranke Menschen\n* Einrichtungen für Kinder und Jugendliche\n* Einrichtungen für Menschen mit Behinderung\n* Einrichtungen für psychisch kranke Menschen\n* Einrichtungen für Kinder und Jugendliche\n* Einrichtungen für Menschen mit Behinderung\n* Einrichtungen für psychisch kranke Menschen\n* Einrichtungen für Kinder und Jugendliche\n* Einrichtungen für Menschen mit Behinderung\n* Einrichtungen für psychisch kranke Menschen\n* Einrichtungen für Kinder und Jugendliche\n* Einrichtungen für Menschen mit Behinderung\n* Einrichtungen für psychisch kranke Menschen\n* Einrichtungen für Kinder und Jugendliche\n* Einrichtungen für Menschen mit Behinderung\n* Einrichtungen für psychisch kranke Menschen\n* Einrichtungen für Kinder und Jugendliche\n* Einrichtungen für Menschen mit Behinderung\n* Einrichtungen für psychisch kranke Menschen\n* Einrichtungen für Kinder und Jugendliche\n* Einrichtungen für Menschen mit Behinderung\n* Einrichtungen für psychisch kranke Menschen\n* Einrichtungen für Kinder und Jugendliche\n* Einrichtungen für Menschen mit Behinderung\n* Einrichtungen für psychisch kranke Menschen\n* Einrichtungen für Kinder und Jugendliche\n* Einrichtungen für Menschen mit Behinderung\n* Einrichtungen für psychisch kranke Menschen\n* Einrichtungen für Kinder und Jugendliche\n* Einrichtungen für Menschen mit Behinderung\n* Einrichtungen für psychisch kranke Menschen\n* Einrichtungen für Kinder und Jugendliche\n* Einrichtungen für Menschen mit Behinderung\n* Einrichtungen für psychisch kranke Menschen\n* Einrichtungen für Kinder und Jugendliche\n* Einrichtungen für Menschen mit Behinderung\n* Einrichtungen für psychisch kranke Menschen\n* Einrichtungen für Kinder und Jugendliche\n* Einrichtungen für Menschen mit Behinderung\n* Einrichtungen für psychisch kranke Menschen\n* Einrichtungen für Kinder und Jugendliche\n* Einrichtungen für Menschen mit Behinderung\n* Einrichtungen für psychisch kranke Menschen\n* Einrichtungen für Kinder und Jugendliche\n* Einrichtungen für Menschen mit Behinderung\n* Einrichtungen für psychisch kranke Menschen\n* Einrichtungen für Kinder und Jugendliche\n* Einrichtungen für Menschen mit Behinderung\n* Einrichtungen für psychisch kranke Menschen\n* Einrichtungen für Kinder und Jugendliche\n* Einrichtungen für Menschen mit Behinderung\n* Einrichtungen für psychisch kranke Menschen\n* Einrichtungen für Kinder und Jugendliche\n* Einrichtungen für Menschen mit Behinderung\n* Einrichtungen für psychisch kranke Menschen\n* Einrichtungen für Kinder und Jugendliche\n* Einrichtungen für Menschen mit Behinderung\n* Einrichtungen für psychisch kranke Menschen\n* Einrichtungen für Kinder und Jugendliche\n* Einrichtungen für Menschen mit Behinderung\n* Einrichtungen für psychisch kranke Menschen\n* Einrichtungen für Kinder und Jugendliche\n* Einrichtungen für Menschen mit Behinderung\n* Einrichtungen für psychisch kranke Menschen\n* Einrichtungen für Kinder und Jugendliche\n* Einrichtungen für Menschen mit Behinderung\n* Einrichtungen für psychisch kranke Menschen\n* Einrichtungen für Kinder und Jugendliche\n* Einrichtungen für Menschen mit Behinderung\n* Einrichtungen für psychisch kranke Menschen\n* Einrichtungen für Kinder und Jugendliche\n* Einrichtungen für Menschen mit Behinderung\n* Einrichtungen für psychisch kranke Menschen\n* Einrichtungen für Kinder und Jugendliche\n* Einrichtungen für Menschen mit Behinderung\n* Einrichtungen für psychisch kranke Menschen\n* Einrichtungen für Kinder und Jugendliche\n* Einrichtungen für Menschen mit Behinderung\n* Einrichtungen für psychisch kranke Menschen\n* Einrichtungen für Kinder und Jugendliche\n* Einrichtungen für Menschen mit Behinderung\n* Einrichtungen für psychisch kranke Menschen\n* Einrichtungen für Kinder und Jugendliche\n* Einrichtungen für Menschen mit Behinderung\n* Einrichtungen für psychisch kranke Menschen\n* Einrichtungen für Kinder und Jugendliche\n* Einrichtungen für Menschen mit Behinderung\n* Einrichtungen für psychisch kranke Menschen\n* Einrichtungen für Kinder und Jugendliche\n* Einrichtungen für Menschen mit Behinderung\n* Einrichtungen für psychisch kranke Menschen\n* Einrichtungen für Kinder und Jugendliche\n* Einrichtungen für Menschen mit Behinderung\n* Einrichtungen für psychisch kranke Menschen\n* Einrichtungen für Kinder und Jugendliche\n* Einrichtungen für Menschen mit Behinderung\n* Einrichtungen für psychisch kranke Menschen\n* Einrichtungen für Kinder und Jugendliche\n* Einrichtungen für Menschen mit Behinderung\n* Einrichtungen für psychisch kranke Menschen\n* Einrichtungen für Kinder und Jugendliche\n* Einrichtungen für Menschen mit Behinderung\n* Einrichtungen für psychisch kranke Menschen\n* Einrichtungen für Kinder und Jugendliche\n* Einrichtungen für Menschen mit Behinderung\n* Einrichtungen für psychisch kranke Menschen\n* Einrichtungen für Kinder und Jugendliche\n* Einrichtungen für Menschen mit Behinderung\n* Einrichtungen für psychisch kranke Menschen\n* Einrichtungen für Kinder und Jugendliche\n* Einrichtungen für Menschen mit Behinderung\n* Einrichtungen für psychisch kranke Menschen\n* Einrichtungen für Kinder und Jugendliche\n* Einrichtungen für Menschen mit Behinderung\n* Einrichtungen für psychisch kranke Menschen\n* Einrichtungen für Kinder und Jugendliche\n* Einrichtungen für Menschen mit Behinderung\n* Einrichtungen für psychisch kranke Menschen\n* Einrichtungen für Kinder und Jugendliche\n* Einrichtungen für Menschen mit Behinderung\n* Einrichtungen für psychisch kranke Menschen\n* Einrichtungen für Kinder und Jugendliche\n* Einrichtungen für Menschen mit Behinderung\n* Einrichtungen für psychisch kranke Menschen\n* Einrichtungen für Kinder und Jugendliche\n* Einrichtungen für Menschen mit Behinderung\n* Einrichtungen für psychisch kranke Menschen\n* Einrichtungen für Kinder und Jugendliche\n* Einrichtungen für Menschen mit Behinderung\n* Einrichtungen für psychisch kranke Menschen\n* Einrichtungen für Kinder und Jugendliche\n* Einrichtungen für Menschen mit Behinderung\n* Einrichtungen für psychisch kranke Menschen\n* Einrichtungen für Kinder und Jugendliche\n* Einrichtungen für Menschen mit Behinderung\n* Einrichtungen für psychisch kranke Menschen\n* Einrichtungen für Kinder und Jugendliche\n* Einrichtungen für Menschen mit Behinderung\n* Einrichtungen für psychisch kranke Menschen\n* Einrichtungen für Kinder und Jugendliche\n* Einrichtungen für Menschen mit Behinderung\n* Einrichtungen für psychisch kranke Menschen\n* Einrichtungen für Kinder und Jugendliche\n* Einrichtungen für Menschen mit Behinderung\n* Einrichtungen für psychisch kranke Menschen\n* Einrichtungen für Kinder und Jugendliche\n* Einrichtungen für Menschen mit Behinderung\n* Einrichtungen für psychisch kranke Menschen\n* Einrichtungen für Kinder und Jugendliche\n* Einrichtungen für Menschen mit Behinderung\n* Einrichtungen für psychisch kranke Menschen\n* Einrichtungen für Kinder und Jugendliche\n* Einrichtungen für Menschen mit Behinderung\n* Einrichtungen für psychisch kranke Menschen\n* Einrichtungen für Kinder und Jugendliche\n* Einrichtungen für Menschen mit Behinderung\n* Einrichtungen für psychisch kranke Menschen\n* Einrichtungen für Kinder und Jugendliche\n* Einrichtungen für Menschen mit Behinderung\n* Einrichtungen für psychisch kranke Menschen\n* Einrichtungen für Kinder und Jugendliche\n* Einrichtungen für Menschen mit Behinderung\n* Einrichtungen für psychisch kranke Menschen\n* Einrichtungen für Kinder und Jugendliche\n* Einrichtungen für Menschen mit Behinderung\n* Einrichtungen für psychisch kranke Menschen\n* Einrichtungen für Kinder und Jugendliche\n* Einrichtungen für Menschen mit Behinderung\n* Einrichtungen für psychisch kranke Menschen\n* Einrichtungen für Kinder und Jugendliche\n* Einrichtungen für Menschen mit Behinderung\n* Einrichtungen für psychisch kranke Menschen\n* Einrichtungen für Kinder und Jugendliche\n* Einrichtungen für Menschen mit Behinderung\n* Einrichtungen für psychisch kranke Menschen\n* Einrichtungen für Kinder und Jugendliche\n* Einrichtungen für Menschen mit Behinderung\n* Einrichtungen für psychisch kranke Menschen\n* Einrichtungen für Kinder und Jugendliche\n* Einrichtungen für Menschen mit Behinderung\n* Einrichtungen für psychisch kranke Menschen\n* Einrichtungen für Kinder und Jugendliche\n* Einrichtungen für Menschen mit Behinderung\n* Einrichtungen für psychisch kranke Menschen\n* Einrichtungen für Kinder und Jugendliche\n* Einrichtungen für Menschen mit Behinderung\n* Einrichtungen für psychisch kranke Menschen\n* Einrichtungen für Kinder und Jugendliche\n* Einrichtungen für Menschen mit Behinderung\n* Einrichtungen für psychisch kranke Menschen\n* Einrichtungen für Kinder und Jugendliche\n* Einrichtungen für Menschen mit Behinderung\n* Einrichtungen für psychisch kranke Menschen\n* Einrichtungen für Kinder und Jugendliche\n* Einrichtungen für Menschen mit Behinderung\n* Einrichtungen für psychisch kranke Menschen\n* Einrichtungen für Kinder und Jugendliche\n* Einrichtungen für Menschen mit Behinderung\n* Einrichtungen für psychisch kranke Menschen\n* Einrichtungen für Kinder und Jugendliche\n* Einrichtungen für Menschen mit Behinderung\n* Einrichtungen für psychisch kranke Menschen\n* Einrichtungen für Kinder und Jugendliche\n* Einrichtungen für Menschen mit Behinderung\n* Einrichtungen für psychisch kranke Menschen\n* Einrichtungen für Kinder und Jugendliche\n* Einrichtungen für Menschen mit Behinderung\n* Einrichtungen für psychisch kranke Menschen\n* Einrichtungen für Kinder und Jugendliche\n* Einrichtungen für Menschen mit Behinderung\n* Einrichtungen für psychisch kranke Menschen\n* Einrichtungen für Kinder und Jugendliche\n* Einrichtungen für Menschen mit Behinderung\n* Einrichtungen für psychisch kranke Menschen\n* Einrichtungen für Kinder und Jugendliche\n* Einrichtungen für Menschen mit Behinderung\n* Einrichtungen für psychisch kranke Menschen\n* Einrichtungen für Kinder und Jugendliche\n* Einrichtungen für Menschen mit Behinderung\n* Einrichtungen für psychisch kranke Menschen\n* Einrichtungen für Kinder und Jugendliche\n* Einrichtungen für Menschen mit Behinderung\n* Einrichtungen für psychisch kranke Menschen\n* Einrichtungen für Kinder und Jugendliche\n* Einrichtungen für Menschen mit Behinderung\n* Einrichtungen für psychisch kranke Menschen\n* Einrichtungen für Kinder und Jugendliche\n* Einrichtungen für Menschen mit Behinderung\n* Einrichtungen für psychisch kranke Menschen\n* Einrichtungen für Kinder und Jugendliche\n* Einrichtungen für Menschen mit Behinderung\n* Einrichtungen für psychisch kranke Menschen\n* Einrichtungen für Kinder und Jugendliche\n* Einrichtungen für Menschen mit Behinderung\n* Einrichtungen für psychisch kranke Menschen\n* Einrichtungen für Kinder und Jugendliche\n* Einrichtungen für Menschen mit Behinderung\n* Einrichtungen für psychisch kranke Menschen\n* Einrichtungen für Kinder und Jugendliche\n* Einrichtungen für Menschen mit Behinderung\n* Einrichtungen für psychisch kranke Menschen\n* Einrichtungen für Kinder und Jugendliche\n* Einrichtungen für Menschen mit Behinderung\n* Einrichtungen für psychisch kranke Menschen\n* Einrichtungen für Kinder und Jugendliche\n* Einrichtungen für Menschen mit Behinderung\n* Einrichtungen für psychisch kranke Menschen\n* Einrichtungen für Kinder und Jugendliche\n* Einrichtungen für Menschen mit Behinderung\n* Einrichtungen für psychisch kranke Menschen\n* Einrichtungen für Kinder und Jugendliche\n* Einrichtungen für Menschen mit Behinderung\n* Einrichtungen für psychisch kranke Menschen\n* Einrichtungen für Kinder und Jugendliche\n* Einrichtungen für Menschen mit Behinderung\n* Einrichtungen für psychisch kranke Menschen\n* Einrichtungen für Kinder und Jugendliche\n* Einrichtungen für Menschen mit Behinderung\n* Einrichtungen für psychisch kranke Menschen\n* Einrichtungen für Kinder und Jugendliche\n* Einrichtungen für Menschen mit Behinderung\n* Einrichtungen für psychisch kranke Menschen\n* Einrichtungen für Kinder und Jugendliche\n* Einrichtungen für Menschen mit Behinderung\n* Einrichtungen für psychisch kranke Menschen\n* Einrichtungen für Kinder und Jugendliche\n* Einrichtungen für Menschen mit Behinderung\n* Einrichtungen für psychisch kranke Menschen\n* Einrichtungen für Kinder und Jugendliche\n* Einrichtungen für Menschen mit Behinderung\n* Einrichtungen für psychisch kranke Menschen\n* Einrichtungen für Kinder und Jugendliche\n* Einrichtungen für Menschen mit Behinderung\n* Einrichtungen für psychisch kranke Menschen\n* Einrichtungen für Kinder und Jugendliche\n* Einrichtungen für Menschen mit Behinderung\n* Einrichtungen für psychisch kranke Menschen\n* Einrichtungen für Kinder und Jugendliche\n* Einrichtungen für Menschen mit Behinderung\n* Einrichtungen für psychisch kranke Menschen\n* Einrichtungen für Kinder und Jugendliche\n* Einrichtungen für Menschen mit Behinderung\n* Einrichtungen für psychisch kranke Menschen\n* Einrichtungen für Kinder und Jugendliche\n* Einrichtungen für Menschen mit Behinderung\n* Einrichtungen für psychisch kranke Menschen\n* Einrichtungen für Kinder und Jugendliche\n* Einrichtungen für Menschen mit Behinderung\n* Einrichtungen für psychisch kranke Menschen\n* Einrichtungen für Kinder und Jugendliche\n* Einrichtungen für Menschen mit Behinderung\n* Einrichtungen für psychisch kranke Menschen\n* Einrichtungen für Kinder und Jugendliche\n* Einrichtungen für Menschen mit Behinderung\n* Einrichtungen für psychisch kranke Menschen\n* Einrichtungen für Kinder und Jugendliche\n* Einrichtungen für Menschen mit Behinderung\n* Einrichtungen für psychisch kranke Menschen\n* Einrichtungen für Kinder und Jugendliche\n* Einrichtungen für Menschen mit Behinderung\n* Einrichtungen für psychisch kranke Menschen\n* Einrichtungen für Kinder und Jugendliche\n* Einrichtungen für Menschen mit Behinderung\n* Einrichtungen für psychisch kranke Menschen\n* Einrichtungen für Kinder und Jugendliche\n* Einrichtungen für Menschen mit Behinderung\n* Einrichtungen für psychisch kranke Menschen\n* Einrichtungen für Kinder und Jugendliche\n* Einrichtungen für Menschen mit Behinderung\n* Einrichtungen für psychisch kranke Menschen\n* Einrichtungen für Kinder und Jugendliche\n* Einrichtungen für Menschen mit Behinderung\n* Einrichtungen für psychisch kranke Menschen\n* Einrichtungen für Kinder und Jugendliche\n* Einrichtungen für Menschen mit Behinderung\n* Einrichtungen für psychisch kranke Menschen\n* Einrichtungen für Kinder und Jugendliche\n* Einrichtungen für Menschen mit Behinderung\n* Einrichtungen für psychisch kranke Menschen\n* Einrichtungen für Kinder und Jugendliche\n* Einrichtungen für Menschen mit Behinderung\n* Einrichtungen für psychisch kranke Menschen\n* Einrichtungen für Kinder und Jugendliche\n* Einrichtungen für Menschen mit Behinderung\n* Einrichtungen für psychisch kranke Menschen\n* Einrichtungen für Kinder und Jugendliche\n* Einrichtungen für Menschen mit Behinderung\n* Einrichtungen für psychisch kranke Menschen\n* Einrichtungen für Kinder und Jugendliche\n* Einrichtungen für Menschen mit Behinderung\n* Einrichtungen für psychisch kranke Menschen\n* Einrichtungen für Kinder und Jugendliche\n* Einrichtungen für Menschen mit Behinderung\n* Einrichtungen für psychisch kranke Menschen\n* Einrichtungen für Kinder und Jugendliche\n* Einrichtungen für Menschen mit Behinderung\n* Einrichtungen für psychisch kranke Menschen\n* Einrichtungen für Kinder und Jugendliche\n* Einrichtungen für Menschen mit Behinderung\n* Einrichtungen für psychisch kranke Menschen\n* Einrichtungen für Kinder und Jugendliche\n* Einrichtungen für Menschen mit Behinderung\n* Einrichtungen für psychisch kranke Menschen\n* Einrichtungen für Kinder und Jugendliche\n* Einrichtungen für Menschen mit Behinderung\n* Einrichtungen für psychisch kranke Menschen\n* Einrichtungen für Kinder und Jugendliche\n* Einrichtungen für Menschen mit Behinderung\n* Einrichtungen für psychisch kranke Menschen\n* Einrichtungen für Kinder und Jugendliche\n* Einrichtungen für Menschen mit Behinderung\n* Einrichtungen für psychisch kranke Menschen\n* Einricht
BezirksausschüsseMitglieder, Ausschüsse, Themen und Termine: Die Vertretungen der 25 Münchner Stadtbezirke stellen sich vor.;Bezirks-Ausschuss\nBezirks-Ausschuss ist eine Abkürzung.\nDie Abkürzung wird so geschrieben:\nBA.\nBezirks-Ausschuss ist ein Amt.\nIn München gibt es 25 Bezirks-Ausschüsse.\nJeder Bezirks-Ausschuss ist für einen Stadt-Bezirk zuständig.\nIn München gibt es 25 Stadt-Bezirke.\nZum Beispiel:\n* Den Stadt-Bezirk Schwabing-West\n* Den Stadt-Bezirk Ramersdorf-Perlach\n* Den Stadt-Bezirk Aubing-Lochhausen-Langwied\n* Den Stadt-Bezirk Berg am Laim\n* Den Stadt-Bezirk Thalkirchen-Obersendling-Forstenried-Fürstenried-Solln\n* Den Stadt-Bezirk Neuhausen-Nymphenburg\n* Den Stadt-Bezirk Moosach\n* Den Stadt-Bezirk Laim\n* Den Stadt-Bezirk Hadern\n* Den Stadt-Bezirk Harlaching\n* Den Stadt-Bezirk Feldmoching-Hasenbergl\n* Den Stadt-Bezirk Forstenried-Fürstenried-Solln\n* Den Stadt-Bezirk Pasing-Obermenzing\n* Den Stadt-Bezirk Obergiesing\n* Den Stadt-Bezirk Sendling\n* Den Stadt-Bezirk Sendling-Westpark\n* Den Stadt-Bezirk Schwanthalerhöhe\n* Den Stadt-Bezirk Altstadt-Lehel\n* Den Stadt-Bezirk Ludwigsvorstadt-Isarvorstadt\n* Den Stadt-Bezirk Maxvorstadt\n* Den Stadt-Bezirk Bogenhausen\n* Den Stadt-Bezirk Trudering-Riem\n* Den Stadt-Bezirk Milbertshofen-Am Hart\n* Den Stadt-Bezirk Au-Haidhausen\n* Den Stadt-Bezirk Schwabing-Freimann\nIn jedem Stadt-Bezirk gibt es ein Bürger-Büro.\nIn jedem Bürger-Büro arbeiten Mitarbeiter und Mitarbeiterinnen.\nDie Mitarbeiter und Mitarbeiterinnen helfen den Menschen in ihrem Stadt-Bezirk.\nDie Mitarbeiter und Mitarbeiterinnen helfen zum Beispiel so:\n* Sie sagen, wo man etwas in dem Stadt-Bezirk findet.\n* Sie sagen, wann man etwas in dem Stadt-Bezirk machen kann.\n* Sie sagen, wie man etwas in dem Stadt-Bezirk machen kann.\n* Sie sagen, wer in dem Stadt-Bezirk hilft.\n* Sie sagen, wer in dem Stadt-Bezirk für etwas zuständig ist.\n* Sie sagen, wer in dem Stadt-Bezirk für etwas verantwortlich ist.\n* Sie sagen, wer in dem Stadt-Bezirk etwas macht.\n* Sie sagen, wer in dem Stadt-Bezirk etwas organisiert.\n* Sie sagen, wer in dem Stadt-Bezirk etwas plant.\n* Sie sagen, wer in dem Stadt-Bezirk etwas entscheidet.\n* Sie sagen, wer in dem Stadt-Bezirk etwas kontrolliert.\n* Sie sagen, wer in dem Stadt-Bezirk etwas überwacht.\n* Sie sagen, wer in dem Stadt-Bezirk etwas vorbereitet.\n* Sie sagen, wer in dem Stadt-Bezirk etwas voranbringt.\n* Sie sagen, wer in dem Stadt-Bezirk etwas unterstützt.\n* Sie sagen, wer in dem Stadt-Bezirk etwas fördert.\n* Sie sagen, wer in dem Stadt-Bezirk etwas ermöglicht.\n* Sie sagen, wer in dem Stadt-Bezirk etwas vermittelt.\n* Sie sagen, wer in dem Stadt-Bezirk etwas vertritt.\n* Sie sagen, wer in dem Stadt-Bezirk etwas durchführt.\n* Sie sagen, wer in dem Stadt-Bezirk etwas anbietet.\n* Sie sagen, wer in dem Stadt-Bezirk etwas betreut.\n* Sie sagen, wer in dem Stadt-Bezirk etwas begleitet.\n* Sie sagen, wer in dem Stadt-Bezirk etwas berät.\n* Sie sagen, wer in dem Stadt-Bezirk etwas informiert.\n* Sie sagen, wer in dem Stadt-Bezirk etwas aufklärt.\n* Sie sagen, wer in dem Stadt-Bezirk etwas aufklärt.\n* Sie sagen, wer in dem Stadt-Bezirk etwas aufklärt.\n* Sie sagen, wer in dem Stadt-Bezirk etwas aufklärt.\n* Sie sagen, wer in dem Stadt-Bezirk etwas aufklärt.\n* Sie sagen, wer in dem Stadt-Bezirk etwas aufklärt.\n* Sie sagen, wer in dem Stadt-Bezirk etwas aufklärt.\n* Sie sagen, wer in dem Stadt-Bezirk etwas aufklärt.\n* Sie sagen, wer in dem Stadt-Bezirk etwas aufklärt.\n* Sie sagen, wer in dem Stadt-Bezirk etwas aufklärt.\n* Sie sagen, wer in dem Stadt-Bezirk etwas aufklärt.\n* Sie sagen, wer in dem Stadt-Bezirk etwas aufklärt.\n* Sie sagen, wer in dem Stadt-Bezirk etwas aufklärt.\n* Sie sagen, wer in dem Stadt-Bezirk etwas aufklärt.\n* Sie sagen, wer in dem Stadt-Bezirk etwas aufklärt.\n* Sie sagen, wer in dem Stadt-Bezirk etwas aufklärt.\n* Sie sagen, wer in dem Stadt-Bezirk etwas aufklärt.\n* Sie sagen, wer in dem Stadt-Bezirk etwas aufklärt.\n* Sie sagen, wer in dem Stadt-Bezirk etwas aufklärt.\n* Sie sagen, wer in dem Stadt-Bezirk etwas aufklärt.\n* Sie sagen, wer in dem Stadt-Bezirk etwas aufklärt.\n* Sie sagen, wer in dem Stadt-Bezirk etwas aufklärt.\n* Sie sagen, wer in dem Stadt-Bezirk etwas aufklärt.\n* Sie sagen, wer in dem Stadt-Bezirk etwas aufklärt.\n* Sie sagen, wer in dem Stadt-Bezirk etwas aufklärt.\n* Sie sagen, wer in dem Stadt-Bezirk etwas aufklärt.\n* Sie sagen, wer in dem Stadt-Bezirk etwas aufklärt.\n* Sie sagen, wer in dem Stadt-Bezirk etwas aufklärt.\n* Sie sagen, wer in dem Stadt-Bezirk etwas aufklärt.\n* Sie sagen, wer in dem Stadt-Bezirk etwas aufklärt.\n* Sie sagen, wer in dem Stadt-Bezirk etwas aufklärt.\n* Sie sagen, wer in dem Stadt-Bezirk etwas aufklärt.\n* Sie sagen, wer in dem Stadt-Bezirk etwas aufklärt.\n* Sie sagen, wer in dem Stadt-Bezirk etwas aufklärt.\n* Sie sagen, wer in dem Stadt-Bezirk etwas aufklärt.\n* Sie sagen, wer in dem Stadt-Bezirk etwas aufklärt.\n* Sie sagen, wer in dem Stadt-Bezirk etwas aufklärt.\n* Sie sagen, wer in dem Stadt-Bezirk etwas aufklärt.\n* Sie sagen, wer in dem Stadt-Bezirk etwas aufklärt.\n* Sie sagen, wer in dem Stadt-Bezirk etwas aufklärt.\n* Sie sagen, wer in dem Stadt-Bezirk etwas aufklärt.\n* Sie sagen, wer in dem Stadt-Bezirk etwas aufklärt.\n* Sie sagen, wer in dem Stadt-Bezirk etwas aufklärt.\n* Sie sagen, wer in dem Stadt-Bezirk etwas aufklärt.\n* Sie sagen, wer in dem Stadt-Bezirk etwas aufklärt.\n* Sie sagen, wer in dem Stadt-Bezirk etwas aufklärt.\n* Sie sagen, wer in dem Stadt-Bezirk etwas aufklärt.\n* Sie sagen, wer in dem Stadt-Bezirk etwas aufklärt.\n* Sie sagen, wer in dem Stadt-Bezirk etwas aufklärt.\n* Sie sagen, wer in dem Stadt-Bezirk etwas aufklärt.\n* Sie sagen, wer in dem Stadt-Bezirk etwas aufklärt.\n* Sie sagen, wer in dem Stadt-Bezirk etwas aufklärt.\n* Sie sagen, wer in dem Stadt-Bezirk etwas aufklärt.\n* Sie sagen, wer in dem Stadt-Bezirk etwas aufklärt.\n* Sie sagen, wer in dem Stadt-Bezirk etwas aufklärt.\n* Sie sagen, wer in dem Stadt-Bezirk etwas aufklärt.\n* Sie sagen, wer in dem Stadt-Bezirk etwas aufklärt.\n* Sie sagen, wer in dem Stadt-Bezirk etwas aufklärt.\n* Sie sagen, wer in dem Stadt-Bezirk etwas aufklärt.\n* Sie sagen, wer in dem Stadt-Bezirk etwas aufklärt.\n* Sie sagen, wer in dem Stadt-Bezirk etwas aufklärt.\n* Sie sagen, wer in dem Stadt-Bezirk etwas aufklärt.\n* Sie sagen, wer in dem Stadt-Bezirk etwas aufklärt.\n* Sie sagen, wer in dem Stadt-Bezirk etwas aufklärt.\n* Sie sagen, wer in dem Stadt-Bezirk etwas aufklärt.\n* Sie sagen, wer in dem Stadt-Bezirk etwas aufklärt.\n* Sie sagen, wer in dem Stadt-Bezirk etwas aufklärt.\n* Sie sagen, wer in dem Stadt-Bezirk etwas aufklärt.\n* Sie sagen, wer in dem Stadt-Bezirk etwas aufklärt.\n* Sie sagen, wer in dem Stadt-Bezirk etwas aufklärt.\n* Sie sagen, wer in dem Stadt-Bezirk etwas aufklärt.\n* Sie sagen, wer in dem Stadt-Bezirk etwas aufklärt.\n* Sie sagen, wer in dem Stadt-Bezirk etwas aufklärt.\n* Sie sagen, wer in dem Stadt-Bezirk etwas aufklärt.\n* Sie sagen, wer in dem Stadt-Bezirk etwas aufklärt.\n* Sie sagen, wer in dem Stadt-Bezirk etwas aufklärt.\n* Sie sagen, wer in dem Stadt-Bezirk etwas aufklärt.\n* Sie sagen, wer in dem Stadt-Bezirk etwas aufklärt.\n* Sie sagen, wer in dem Stadt-Bezirk etwas aufklärt.\n* Sie sagen, wer in dem Stadt-Bezirk etwas aufklärt.\n* Sie sagen, wer in dem Stadt-Bezirk etwas aufklärt.\n* Sie sagen, wer in dem Stadt-Bezirk etwas aufklärt.\n* Sie sagen, wer in dem Stadt-Bezirk etwas aufklärt.\n* Sie sagen, wer in dem Stadt-Bezirk etwas aufklärt.\n* Sie sagen, wer in dem Stadt-Bezirk etwas aufklärt.\n* Sie sagen, wer in dem Stadt-Bezirk etwas aufklärt.\n* Sie sagen, wer in dem Stadt-Bezirk etwas aufklärt.\n* Sie sagen, wer in dem Stadt-Bezirk etwas aufklärt.\n* Sie sagen, wer in dem Stadt-Bezirk etwas aufklärt.\n* Sie sagen, wer in dem Stadt-Bezirk etwas aufklärt.\n* Sie sagen, wer in dem Stadt-Bezirk etwas aufklärt.\n* Sie sagen, wer in dem Stadt-Bezirk etwas aufklärt.\n* Sie sagen, wer in dem Stadt-Bezirk etwas aufklärt.\n* Sie sagen, wer in dem Stadt-Bezirk etwas aufklärt.\n* Sie sagen, wer in dem Stadt-Bezirk etwas aufklärt.\n* Sie sagen, wer in dem Stadt-Bezirk etwas aufklärt.\n* Sie sagen, wer in dem Stadt-Bezirk etwas aufklärt.\n* Sie sagen, wer in dem Stadt-Bezirk etwas aufklärt.\n* Sie sagen, wer in dem Stadt-Bezirk etwas aufklärt.\n* Sie sagen, wer in dem Stadt-Bezirk etwas aufklärt.\n* Sie sagen, wer in dem Stadt-Bezirk etwas aufklärt.\n* Sie sagen, wer in dem Stadt-Bezirk etwas aufklärt.\n* Sie sagen, wer in dem Stadt-Bezirk etwas aufklärt.\n* Sie sagen, wer in dem Stadt-Bezirk etwas aufklärt.\n* Sie sagen, wer in dem Stadt-Bezirk etwas aufklärt.\n* Sie sagen, wer in dem Stadt-Bezirk etwas aufklärt.\n* Sie sagen, wer in dem Stadt-Bezirk etwas aufklärt.\n* Sie sagen, wer in dem Stadt-Bezirk etwas aufklärt.\n* Sie sagen, wer in dem Stadt-Bezirk etwas aufklärt.\n* Sie sagen, wer in dem Stadt-Bezirk etwas aufklärt.\n* Sie sagen, wer in dem Stadt-Bezirk etwas aufklärt.\n* Sie sagen, wer in dem Stadt-Bezirk etwas aufklärt.\n* Sie sagen, wer in dem Stadt-Bezirk etwas aufklärt.\n* Sie sagen, wer in dem Stadt-Bezirk etwas aufklärt.\n* Sie sagen, wer in dem Stadt-Bezirk etwas aufklärt.\n* Sie sagen, wer in dem Stadt-Bezirk etwas aufklärt.\n* Sie sagen, wer in dem Stadt-Bezirk etwas aufklärt.\n* Sie sagen, wer in dem Stadt-Bezirk etwas aufklärt.\n* Sie sagen, wer in dem Stadt-Bezirk etwas aufklärt.\n* Sie sagen, wer in dem Stadt-Bezirk etwas aufklärt.\n* Sie sagen, wer in dem Stadt-Bezirk etwas aufklärt.\n* Sie sagen, wer in dem Stadt-Bezirk etwas aufklärt.\n* Sie sagen, wer in dem Stadt-Bezirk etwas aufklärt.\n* Sie sagen, wer in dem Stadt-Bezirk etwas aufklärt.\n* Sie sagen, wer in dem Stadt-Bezirk etwas aufklärt.\n* Sie sagen, wer in dem Stadt-Bezirk etwas aufklärt.\n* Sie sagen, wer in dem Stadt-Bezirk etwas aufklärt.\n* Sie sagen, wer in dem Stadt-Bezirk etwas aufklärt.\n* Sie sagen, wer in dem Stadt-Bezirk etwas aufklärt.\n* Sie sagen, wer in dem Stadt-Bezirk etwas aufklärt.\n* Sie sagen, wer in dem Stadt-Bezirk etwas aufklärt.\n* Sie sagen, wer in dem Stadt-Bezirk etwas aufklärt.\n* Sie sagen, wer in dem Stadt-Bezirk etwas aufklärt.\n* Sie sagen, wer in dem Stadt-Bezirk etwas aufklärt.\n* Sie sagen, wer in dem Stadt-Bezirk etwas aufklärt.\n* Sie sagen, wer in dem Stadt-Bezirk etwas aufklärt.\n* Sie sagen, wer in dem Stadt-Bezirk etwas aufklärt.\n* Sie sagen, wer in dem Stadt-Bezirk etwas aufklärt.\n* Sie sagen, wer in dem Stadt-Bezirk etwas aufklärt.\n* Sie sagen, wer in dem Stadt-Bezirk etwas aufklärt.\n* Sie sagen, wer in dem Stadt-Bezirk etwas aufklärt.\n* Sie sagen, wer in dem Stadt-Bezirk etwas aufklärt.\n* Sie sagen, wer in dem Stadt-Bezirk etwas aufklärt.\n* Sie sagen, wer in dem Stadt-Bezirk etwas aufklärt.\n* Sie sagen, wer in dem Stadt-Bezirk etwas aufklärt.\n* Sie sagen, wer in dem Stadt-Bezirk etwas aufklärt.\n* Sie sagen, wer in dem Stadt-Bezirk etwas aufklärt.\n* Sie sagen, wer in dem Stadt-Bezirk etwas aufklärt.\n* Sie sagen, wer in dem Stadt-Bezirk etwas aufklärt.\n* Sie sagen, wer in dem Stadt-Bezirk etwas aufklärt.\n* Sie sagen, wer in dem Stadt-Bezirk etwas aufklärt.\n* Sie sagen, wer in dem Stadt-Bezirk etwas aufklärt.\n* Sie sagen, wer in dem Stadt-Bezirk etwas aufklärt.\n* Sie sagen, wer in dem Stadt-Bezirk etwas aufklärt.\n* Sie sagen, wer in dem Stadt-Bezirk etwas aufklärt.\n* Sie sagen, wer in dem Stadt-Bezirk etwas aufklärt.\n* Sie sagen, wer in dem Stadt-Bezirk etwas aufklärt.\n* Sie sagen, wer in dem Stadt-Bezirk etwas aufklärt.\n* Sie sagen, wer in dem Stadt-Bezirk etwas aufklärt.\n* Sie sagen, wer in dem Stadt-Bezirk etwas aufklärt.\n* Sie sagen, wer in dem Stadt-Bezirk etwas aufklärt.\n* Sie sagen, wer in dem Stadt-Bezirk etwas aufklärt.\n* Sie sagen, wer in dem Stadt-Bezirk etwas aufklärt.\n* Sie sagen, wer in dem Stadt-Bezirk etwas aufklärt.\n* Sie sagen, wer in dem Stadt-Bezirk etwas aufklärt.\n* Sie sagen, wer in dem Stadt-Bezirk etwas aufklärt.\n* Sie sagen, wer in dem Stadt-Bezirk etwas aufklärt.\n* Sie sagen, wer in dem Stadt-Bezirk etwas aufklärt.\n* Sie sagen, wer in dem Stadt-Bezirk etwas aufklärt.\n* Sie sagen, wer in dem Stadt-Bezirk etwas aufklärt.\n* Sie sagen, wer in dem Stadt-Bezirk etwas aufklärt.\n* Sie sagen, wer in dem Stadt-Bezirk etwas aufklärt.\n* Sie sagen, wer in dem Stadt-Bezirk etwas aufklärt.\n* Sie sagen, wer in dem Stadt-Bezirk etwas aufklärt.\n* Sie sagen, wer in dem Stadt-Bezirk etwas aufklärt.\n* Sie sagen, wer in dem Stadt-Bezirk etwas aufklärt.\n* Sie sagen, wer in dem Stadt-Bezirk etwas aufklärt.\n* Sie sagen, wer in dem Stadt-Bezirk etwas aufklärt.\n* Sie sagen, wer in dem Stadt-Bezirk etwas aufklärt.\n* Sie sagen, wer in dem Stadt-Bezirk etwas aufklärt.\n* Sie sagen, wer in dem Stadt-Bezirk etwas aufklärt.\n* Sie sagen, wer in dem Stadt-Bezirk etwas aufklärt.\n* Sie sagen, wer in dem Stadt-Bezirk etwas aufklärt.\n* Sie sagen, wer in dem Stadt-Bezirk etwas aufklärt.\n* Sie sagen, wer in dem Stadt-Bezirk etwas aufklärt.\n* Sie sagen, wer in dem Stadt-Bezirk etwas aufklärt.\n* Sie sagen, wer in dem Stadt-Bezirk etwas auf
Möglichkeiten der Mitbestimmung\n\nIn den Bezirksausschüssen kann im Einzelfall entschieden werden, wie Straßen, Plätze, Fußgängerbereiche, öffentliche Grünflächen oder Spiel- und Sportplätze gestaltet werden sollen und wo Erholungsflächen und Freizeitzentren sowie Sozial- und Kultureinrichtungen im Stadtviertel fehlen. Die Bezirksausschüsse sind auch zuständig für die Benennung von Straßen und Plätzen im Stadtbezirk, soweit damit keine persönlichen Ehrungen verbunden sind.\n\nDie Stadtteil-Parlamente prüfen, wo Wochenmärkte eingerichtet oder umgestaltet werden sollen, wo Litfaßsäulen und andere Werbeanlagen errichtet werden können. Auch die stadtviertelbezogene Planung von Fuß- und Radwegen wurde auf die Bezirksausschüsse übertragen. Ebenso kümmern sie sich um das Stadtteilkulturprogramm, die Organisation und Durchführung von Stadtteilfesten und Kulturveranstaltungen. Die Bezirksausschüsse fördern und pflegen die Stadtteilgeschichte und entscheiden über die erstmalige Gewährung von Zuschüssen für Vereine und soziale Initiativen im Stadtviertel. Die Entscheidungskompetenz der Bezirksausschüsse umfasst darüber hinaus auch Projektaufträge bei städtischen Hoch- und Tiefbaumaßnahmen mit einer Bausumme von über 0,5 Mio. Euro bis 2,5 Mio. Euro.\n\n2007 erhielten die Bezirksausschüsse vom Oberbürgermeister die Vollmacht, auch über bestimmte so genannte Angelegenheiten der laufenden Verwaltung zu entscheiden. Dazu gehören die Bewilligung von Zuschüssen aus dem Stadtbezirksbudget bis 25.000 Euro und die Nutzungsüberlassung von städtischen Grundstücken für Festzelte oder Bürgerfeste ebenso wie Sperrstundenänderungen und die Genehmigung von Freischankflächen. In ihren Entscheidungsbereich fallen die Sondernutzungserlaubnis für Verkaufsstände und Werbetafeln, die Festlegung von Taxistandplätzen und Ladezonen sowie die Standorte von Schildern und Parkscheinautomaten in Parklizenzgebieten oder von Infosäulen und Sammelhinweisanlagen.\n\nDie Entscheidungskompetenz der Bezirksausschüsse betrifft auch die Aufstellung von Maibäumen, Feldkreuzen, von mobilen Fahrradständern oder von einzelnen Masten der Straßenbeleuchtungen. Und schließlich entscheiden sie über Projektplanung und Ausbau von Straßen und Plätzen bis 500.000 Euro sowie über Bedarf und Projektauftrag städtischer Baumaßnahmen im Stadtbezirk mit Kosten zwischen 250.000 und 500.000 Euro (ausgenommen Baureferat). Vorbereitung und Vollzug auch dieser Beschlüsse erfolgen durch die Verwaltung.;Möglichkeiten der Mit-Bestimmung in München\n\nIn München gibt es viele Möglichkeiten\nfür Sie, mit zu bestimmen.\nDas bedeutet:\nSie können mit entscheiden.\nZum Beispiel:\n* Was in Ihrem Stadt-Teil gemacht wird.\n* Was in Ihrer Stadt gemacht wird.\n* Was in Ihrem Stadt-Teil gebaut wird.\n* Was in Ihrer Stadt gebaut wird.\n* Was in Ihrem Stadt-Teil verändert wird.\n* Was in Ihrer Stadt verändert wird.\n* Was in Ihrem Stadt-Teil verbessert wird.\n* Was in Ihrer Stadt verbessert wird.\n* Was in Ihrem Stadt-Teil fehlt.\n* Was in Ihrer Stadt fehlt.\n* Was in Ihrem Stadt-Teil wichtig ist.\n* Was in Ihrer Stadt wichtig ist.\n* Was in Ihrem Stadt-Teil gemacht wird.\n* Was in Ihrer Stadt gemacht wird.\n* Was in Ihrem Stadt-Teil gebaut wird.\n* Was in Ihrer Stadt gebaut wird.\n* Was in Ihrem Stadt-Teil verändert wird.\n* Was in Ihrer Stadt verändert wird.\n* Was in Ihrem Stadt-Teil verbessert wird.\n* Was in Ihrer Stadt verbessert wird.\n* Was in Ihrem Stadt-Teil fehlt.\n* Was in Ihrer Stadt fehlt.\n* Was in Ihrem Stadt-Teil wichtig ist.\n* Was in Ihrer Stadt wichtig ist.\n* Was in Ihrem Stadt-Teil gemacht wird.\n* Was in Ihrer Stadt gemacht wird.\n* Was in Ihrem Stadt-Teil gebaut wird.\n* Was in Ihrer Stadt gebaut wird.\n* Was in Ihrem Stadt-Teil verändert wird.\n* Was in Ihrer Stadt verändert wird.\n* Was in Ihrem Stadt-Teil verbessert wird.\n* Was in Ihrer Stadt verbessert wird.\n* Was in Ihrem Stadt-Teil fehlt.\n* Was in Ihrer Stadt fehlt.\n* Was in Ihrem Stadt-Teil wichtig ist.\n* Was in Ihrer Stadt wichtig ist.\n* Was in Ihrem Stadt-Teil gemacht wird.\n* Was in Ihrer Stadt gemacht wird.\n* Was in Ihrem Stadt-Teil gebaut wird.\n* Was in Ihrer Stadt gebaut wird.\n* Was in Ihrem Stadt-Teil verändert wird.\n* Was in Ihrer Stadt verändert wird.\n* Was in Ihrem Stadt-Teil verbessert wird.\n* Was in Ihrer Stadt verbessert wird.\n* Was in Ihrem Stadt-Teil fehlt.\n* Was in Ihrer Stadt fehlt.\n* Was in Ihrem Stadt-Teil wichtig ist.\n* Was in Ihrer Stadt wichtig ist.\n* Was in Ihrem Stadt-Teil gemacht wird.\n* Was in Ihrer Stadt gemacht wird.\n* Was in Ihrem Stadt-Teil gebaut wird.\n* Was in Ihrer Stadt gebaut wird.\n* Was in Ihrem Stadt-Teil verändert wird.\n* Was in Ihrer Stadt verändert wird.\n* Was in Ihrem Stadt-Teil verbessert wird.\n* Was in Ihrer Stadt verbessert wird.\n* Was in Ihrem Stadt-Teil fehlt.\n* Was in Ihrer Stadt fehlt.\n* Was in Ihrem Stadt-Teil wichtig ist.\n* Was in Ihrer Stadt wichtig ist.\n* Was in Ihrem Stadt-Teil gemacht wird.\n* Was in Ihrer Stadt gemacht wird.\n* Was in Ihrem Stadt-Teil gebaut wird.\n* Was in Ihrer Stadt gebaut wird.\n* Was in Ihrem Stadt-Teil verändert wird.\n* Was in Ihrer Stadt verändert wird.\n* Was in Ihrem Stadt-Teil verbessert wird.\n* Was in Ihrer Stadt verbessert wird.\n* Was in Ihrem Stadt-Teil fehlt.\n* Was in Ihrer Stadt fehlt.\n* Was in Ihrem Stadt-Teil wichtig ist.\n* Was in Ihrer Stadt wichtig ist.\n* Was in Ihrem Stadt-Teil gemacht wird.\n* Was in Ihrer Stadt gemacht wird.\n* Was in Ihrem Stadt-Teil gebaut wird.\n* Was in Ihrer Stadt gebaut wird.\n* Was in Ihrem Stadt-Teil verändert wird.\n* Was in Ihrer Stadt verändert wird.\n* Was in Ihrem Stadt-Teil verbessert wird.\n* Was in Ihrer Stadt verbessert wird.\n* Was in Ihrem Stadt-Teil fehlt.\n* Was in Ihrer Stadt fehlt.\n* Was in Ihrem Stadt-Teil wichtig ist.\n* Was in Ihrer Stadt wichtig ist.\n* Was in Ihrem Stadt-Teil gemacht wird.\n* Was in Ihrer Stadt gemacht wird.\n* Was in Ihrem Stadt-Teil gebaut wird.\n* Was in Ihrer Stadt gebaut wird.\n* Was in Ihrem Stadt-Teil verändert wird.\n* Was in Ihrer Stadt verändert wird.\n* Was in Ihrem Stadt-Teil verbessert wird.\n* Was in Ihrer Stadt verbessert wird.\n* Was in Ihrem Stadt-Teil fehlt.\n* Was in Ihrer Stadt fehlt.\n* Was in Ihrem Stadt-Teil wichtig ist.\n* Was in Ihrer Stadt wichtig ist.\n* Was in Ihrem Stadt-Teil gemacht wird.\n* Was in Ihrer Stadt gemacht wird.\n* Was in Ihrem Stadt-Teil gebaut wird.\n* Was in Ihrer Stadt gebaut wird.\n* Was in Ihrem Stadt-Teil verändert wird.\n* Was in Ihrer Stadt verändert wird.\n* Was in Ihrem Stadt-Teil verbessert wird.\n* Was in Ihrer Stadt verbessert wird.\n* Was in Ihrem Stadt-Teil fehlt.\n* Was in Ihrer Stadt fehlt.\n* Was in Ihrem Stadt-Teil wichtig ist.\n* Was in Ihrer Stadt wichtig ist.\n* Was in Ihrem Stadt-Teil gemacht wird.\n* Was in Ihrer Stadt gemacht wird.\n* Was in Ihrem Stadt-Teil gebaut wird.\n* Was in Ihrer Stadt gebaut wird.\n* Was in Ihrem Stadt-Teil verändert wird.\n* Was in Ihrer Stadt verändert wird.\n* Was in Ihrem Stadt-Teil verbessert wird.\n* Was in Ihrer Stadt verbessert wird.\n* Was in Ihrem Stadt-Teil fehlt.\n* Was in Ihrer Stadt fehlt.\n* Was in Ihrem Stadt-Teil wichtig ist.\n* Was in Ihrer Stadt wichtig ist.\n* Was in Ihrem Stadt-Teil gemacht wird.\n* Was in Ihrer Stadt gemacht wird.\n* Was in Ihrem Stadt-Teil gebaut wird.\n* Was in Ihrer Stadt gebaut wird.\n* Was in Ihrem Stadt-Teil verändert wird.\n* Was in Ihrer Stadt verändert wird.\n* Was in Ihrem Stadt-Teil verbessert wird.\n* Was in Ihrer Stadt verbessert wird.\n* Was in Ihrem Stadt-Teil fehlt.\n* Was in Ihrer Stadt fehlt.\n* Was in Ihrem Stadt-Teil wichtig ist.\n* Was in Ihrer Stadt wichtig ist.\n* Was in Ihrem Stadt-Teil gemacht wird.\n* Was in Ihrer Stadt gemacht wird.\n* Was in Ihrem Stadt-Teil gebaut wird.\n* Was in Ihrer Stadt gebaut wird.\n* Was in Ihrem Stadt-Teil verändert wird.\n* Was in Ihrer Stadt verändert wird.\n* Was in Ihrem Stadt-Teil verbessert wird.\n* Was in Ihrer Stadt verbessert wird.\n* Was in Ihrem Stadt-Teil fehlt.\n* Was in Ihrer Stadt fehlt.\n* Was in Ihrem Stadt-Teil wichtig ist.\n* Was in Ihrer Stadt wichtig ist.\n* Was in Ihrem Stadt-Teil gemacht wird.\n* Was in Ihrer Stadt gemacht wird.\n* Was in Ihrem Stadt-Teil gebaut wird.\n* Was in Ihrer Stadt gebaut wird.\n* Was in Ihrem Stadt-Teil verändert wird.\n* Was in Ihrer Stadt verändert wird.\n* Was in Ihrem Stadt-Teil verbessert wird.\n* Was in Ihrer Stadt verbessert wird.\n* Was in Ihrem Stadt-Teil fehlt.\n* Was in Ihrer Stadt fehlt.\n* Was in Ihrem Stadt-Teil wichtig ist.\n* Was in Ihrer Stadt wichtig ist.\n* Was in Ihrem Stadt-Teil gemacht wird.\n* Was in Ihrer Stadt gemacht wird.\n* Was in Ihrem Stadt-Teil gebaut wird.\n* Was in Ihrer Stadt gebaut wird.\n* Was in Ihrem Stadt-Teil verändert wird.\n* Was in Ihrer Stadt verändert wird.\n* Was in Ihrem Stadt-Teil verbessert wird.\n* Was in Ihrer Stadt verbessert wird.\n* Was in Ihrem Stadt-Teil fehlt.\n* Was in Ihrer Stadt fehlt.\n* Was in Ihrem Stadt-Teil wichtig ist.\n* Was in Ihrer Stadt wichtig ist.\n* Was in Ihrem Stadt-Teil gemacht wird.\n* Was in Ihrer Stadt gemacht wird.\n* Was in Ihrem Stadt-Teil gebaut wird.\n* Was in Ihrer Stadt gebaut wird.\n* Was in Ihrem Stadt-Teil verändert wird.\n* Was in Ihrer Stadt verändert wird.\n* Was in Ihrem Stadt-Teil verbessert wird.\n* Was in Ihrer Stadt verbessert wird.\n* Was in Ihrem Stadt-Teil fehlt.\n* Was in Ihrer Stadt fehlt.\n* Was in Ihrem Stadt-Teil wichtig ist.\n* Was in Ihrer Stadt wichtig ist.\n* Was in Ihrem Stadt-Teil gemacht wird.\n* Was in Ihrer Stadt gemacht wird.\n* Was in Ihrem Stadt-Teil gebaut wird.\n* Was in Ihrer Stadt gebaut wird.\n* Was in Ihrem Stadt-Teil verändert wird.\n* Was in Ihrer Stadt verändert wird.\n* Was in Ihrem Stadt-Teil verbessert wird.\n* Was in Ihrer Stadt verbessert wird.\n* Was in Ihrem Stadt-Teil fehlt.\n* Was in Ihrer Stadt fehlt.\n* Was in Ihrem Stadt-Teil wichtig ist.\n* Was in Ihrer Stadt wichtig ist.\n* Was in Ihrem Stadt-Teil gemacht wird.\n* Was in Ihrer Stadt gemacht wird.\n* Was in Ihrem Stadt-Teil gebaut wird.\n* Was in Ihrer Stadt gebaut wird.\n* Was in Ihrem Stadt-Teil verändert wird.\n* Was in Ihrer Stadt verändert wird.\n* Was in Ihrem Stadt-Teil verbessert wird.\n* Was in Ihrer Stadt verbessert wird.\n* Was in Ihrem Stadt-Teil fehlt.\n* Was in Ihrer Stadt fehlt.\n* Was in Ihrem Stadt-Teil wichtig ist.\n* Was in Ihrer Stadt wichtig ist.\n* Was in Ihrem Stadt-Teil gemacht wird.\n* Was in Ihrer Stadt gemacht wird.\n* Was in Ihrem Stadt-Teil gebaut wird.\n* Was in Ihrer Stadt gebaut wird.\n* Was in Ihrem Stadt-Teil verändert wird.\n* Was in Ihrer Stadt verändert wird.\n* Was in Ihrem Stadt-Teil verbessert wird.\n* Was in Ihrer Stadt verbessert wird.\n* Was in Ihrem Stadt-Teil fehlt.\n* Was in Ihrer Stadt fehlt.\n* Was in Ihrem Stadt-Teil wichtig ist.\n* Was in Ihrer Stadt wichtig ist.\n* Was in Ihrem Stadt-Teil gemacht wird.\n* Was in Ihrer Stadt gemacht wird.\n* Was in Ihrem Stadt-Teil gebaut wird.\n* Was in Ihrer Stadt gebaut wird.\n* Was in Ihrem Stadt-Teil verändert wird.\n* Was in Ihrer Stadt verändert wird.\n* Was in Ihrem Stadt-Teil verbessert wird.\n* Was in Ihrer Stadt verbessert wird.\n* Was in Ihrem Stadt-Teil fehlt.\n* Was in Ihrer Stadt fehlt.\n* Was in Ihrem Stadt-Teil wichtig ist.\n* Was in Ihrer Stadt wichtig ist.\n* Was in Ihrem Stadt-Teil gemacht wird.\n* Was in Ihrer Stadt gemacht wird.\n* Was in Ihrem Stadt-Teil gebaut wird.\n* Was in Ihrer Stadt gebaut wird.\n* Was in Ihrem Stadt-Teil verändert wird.\n* Was in Ihrer Stadt verändert wird.\n* Was in Ihrem Stadt-Teil verbessert wird.\n* Was in Ihrer Stadt verbessert wird.\n* Was in Ihrem Stadt-Teil fehlt.\n* Was in Ihrer Stadt fehlt.\n* Was in Ihrem Stadt-Teil wichtig ist.\n* Was in Ihrer Stadt wichtig ist.\n* Was in Ihrem Stadt-Teil gemacht wird.\n* Was in Ihrer Stadt gemacht wird.\n* Was in Ihrem Stadt-Teil gebaut wird.\n* Was in Ihrer Stadt gebaut wird.\n* Was in Ihrem Stadt-Teil verändert wird.\n* Was in Ihrer Stadt verändert wird.\n* Was in Ihrem Stadt-Teil verbessert wird.\n* Was in Ihrer Stadt verbessert wird.\n* Was in Ihrem Stadt-Teil fehlt.\n* Was in Ihrer Stadt fehlt.\n* Was in Ihrem Stadt-Teil wichtig ist.\n* Was in Ihrer Stadt wichtig ist.\n* Was in Ihrem Stadt-Teil gemacht wird.\n* Was in Ihrer Stadt gemacht wird.\n* Was in Ihrem Stadt-Teil gebaut wird.\n* Was in Ihrer Stadt gebaut wird.\n* Was in Ihrem Stadt-Teil verändert wird.\n* Was in Ihrer Stadt verändert wird.\n* Was in Ihrem Stadt-Teil verbessert wird.\n* Was in Ihrer Stadt verbessert wird.\n* Was in Ihrem Stadt-Teil fehlt.\n* Was in Ihrer Stadt fehlt.\n* Was in Ihrem Stadt-Teil wichtig ist.\n* Was in Ihrer Stadt wichtig ist.\n* Was in Ihrem Stadt-Teil gemacht wird.\n* Was in Ihrer Stadt gemacht wird.\n* Was in Ihrem Stadt-Teil gebaut wird.\n* Was in Ihrer Stadt gebaut wird.\n* Was in Ihrem Stadt-Teil verändert wird.\n* Was in Ihrer Stadt verändert wird.\n* Was in Ihrem Stadt-Teil verbessert wird.\n* Was in Ihrer Stadt verbessert wird.\n* Was in Ihrem Stadt-Teil fehlt.\n* Was in Ihrer Stadt fehlt.\n* Was in Ihrem Stadt-Teil wichtig ist.\n* Was in Ihrer Stadt wichtig ist.\n* Was in Ihrem Stadt-Teil gemacht wird.\n* Was in Ihrer Stadt gemacht wird.\n* Was in Ihrem Stadt-Teil gebaut wird.\n* Was in Ihrer Stadt gebaut wird.\n* Was in Ihrem Stadt-Teil verändert wird.\n* Was in Ihrer Stadt verändert wird.\n* Was in Ihrem Stadt-Teil verbessert wird.\n* Was in Ihrer Stadt verbessert wird.\n* Was in Ihrem Stadt-Teil fehlt.\n* Was in Ihrer Stadt fehlt.\n* Was in Ihrem Stadt-Teil wichtig ist.\n* Was in Ihrer Stadt wichtig ist.\n* Was in Ihrem Stadt-Teil gemacht wird.\n* Was in Ihrer Stadt gemacht wird.\n* Was in Ihrem Stadt-Teil gebaut wird.\n* Was in Ihrer Stadt gebaut wird.\n* Was in Ihrem Stadt-Teil verändert wird.\n* Was in Ihrer Stadt verändert wird.\n* Was in Ihrem Stadt-Teil verbessert wird.\n* Was in Ihrer Stadt verbessert wird.\n* Was in Ihrem Stadt-Teil fehlt.\n* Was in Ihrer Stadt fehlt.\n* Was in Ihrem Stadt-Teil wichtig ist.\n* Was in Ihrer Stadt wichtig ist.\n* Was in Ihrem Stadt-Teil gemacht wird.\n* Was in Ihrer Stadt gemacht wird.\n* Was in Ihrem Stadt-Teil gebaut wird.\n* Was in Ihrer Stadt gebaut wird.\n* Was in Ihrem Stadt-Teil verändert wird.\n* Was in Ihrer Stadt verändert wird.\n* Was in Ihrem Stadt-Teil verbessert wird.\n* Was in Ihrer Stadt verbessert wird.\n* Was in Ihrem Stadt-Teil fehlt.\n* Was in Ihrer Stadt fehlt.\n* Was in Ihrem Stadt-Teil wichtig ist.\n* Was in Ihrer Stadt wichtig ist.\n* Was in Ihrem Stadt-Teil gemacht wird.\n* Was in Ihrer Stadt gemacht wird.\n* Was in Ihrem Stadt-Teil gebaut wird.\n* Was in Ihrer Stadt gebaut wird.\n* Was in Ihrem Stadt-Teil verändert wird.\n* Was in Ihrer Stadt verändert wird.\n* Was in Ihrem Stadt-Teil verbessert wird.\n* Was in Ihrer Stadt verbessert wird.\n* Was in Ihrem Stadt-Teil fehlt.\n* Was in Ihrer Stadt fehlt.\n* Was in Ihrem Stadt-Teil wichtig ist.\n* Was in Ihrer Stadt wichtig ist.\n* Was in Ihrem Stadt-Teil gemacht wird.\n* Was in Ihrer Stadt gemacht wird.\n* Was in Ihrem Stadt-Teil gebaut wird.\n* Was in Ihrer Stadt gebaut wird.\n* Was in Ihrem Stadt-Teil verändert wird.\n* Was in Ihrer Stadt verändert wird.\n* Was in Ihrem Stadt-Teil verbessert wird.\n* Was in Ihrer Stadt verbessert wird.\n* Was in Ihrem Stadt-Teil fehlt.\n* Was in Ihrer Stadt fehlt.\n* Was in Ihrem Stadt-Teil wichtig ist.\n* Was in Ihrer Stadt wichtig ist.\n* Was in Ihrem Stadt-Teil gemacht wird.\n* Was in Ihrer Stadt gemacht wird.\n* Was in Ihrem Stadt-Teil gebaut wird.\n* Was in Ihrer Stadt gebaut wird.\n* Was in Ihrem Stadt-Teil verändert wird.\n* Was in Ihrer Stadt verändert wird.\n* Was in Ihrem Stadt-Teil verbessert wird.\n* Was in Ihrer Stadt verbessert wird.\n* Was in Ihrem Stadt-Teil fehlt.\n* Was in Ihrer Stadt fehlt.\n* Was in Ihrem Stadt-Teil wichtig ist.\n* Was in Ihrer Stadt wichtig ist.\n* Was in Ihrem Stadt-Teil gemacht wird.\n* Was in Ihrer Stadt gemacht wird.\n* Was in Ihrem Stadt-Teil gebaut wird.\n* Was in Ihrer Stadt gebaut wird.\n* Was in Ihrem Stadt-Teil verändert wird.\n* Was in Ihrer Stadt verändert wird.\n* Was in Ihrem Stadt-Teil verbessert wird.\n* Was in Ihrer Stadt verbessert wird.\n* Was in Ihrem Stadt-Teil fehlt.\n* Was in Ihrer Stadt fehlt.\n* Was in Ihrem Stadt-Teil wichtig ist.\n* Was in Ihrer Stadt wichtig ist.\n* Was in Ihrem Stadt-Teil gemacht wird.\n* Was in Ihrer Stadt gemacht wird.\n* Was in Ihrem Stadt-Teil gebaut wird.\n* Was in Ihrer Stadt gebaut wird.\n* Was in Ihrem Stadt-Teil verändert wird.\n* Was in Ihrer Stadt verändert wird.\n* Was in Ihrem Stadt-Teil verbessert wird.\n* Was in Ihrer Stadt verbessert wird.\n* Was in Ihrem Stadt-Teil fehlt.\n* Was in Ihrer Stadt fehlt.\n* Was in Ihrem Stadt-Teil wichtig ist.\n* Was in Ihrer Stadt wichtig ist.\n* Was in Ihrem Stadt-Teil gemacht wird.\n* Was in Ihrer Stadt gemacht wird.\n* Was in Ihrem Stadt-Teil gebaut wird.\n* Was in Ihrer Stadt gebaut wird.\n* Was in Ihrem Stadt-Teil verändert wird.\n* Was in Ihrer Stadt verändert wird.\n* Was in Ihrem Stadt-Teil verbessert wird.\n* Was in Ihrer Stadt verbessert wird.\n* Was in Ihrem Stadt-Teil fehlt.\n* Was in Ihrer Stadt fehlt.\n* Was in Ihrem Stadt-Teil wichtig ist.\n* Was in Ihrer Stadt wichtig ist.\n* Was in Ihrem Stadt-Teil gemacht wird.\n* Was in Ihrer Stadt gemacht wird.\n* Was in Ihrem Stadt-Teil gebaut wird.\n* Was in Ihrer Stadt gebaut wird.\n* Was in Ihrem Stadt-Teil verändert wird.\n* Was in Ihrer Stadt verändert wird.\n* Was in Ihrem Stadt-Teil verbessert wird.\n* Was in Ihrer Stadt verbessert wird
Geld für die Wünsche der Bürger*innen\nDer Spielplatz um die Ecke könnte dringend eine neue Rutsche gebrauchen? Der Park in der Nähe wäre mit mehr Mülleimern sicher sauberer? Oder in Ihrer Straße fehlt es an Fahrradständern?\n\nKleinere Maßnahmen, mit denen sich das Leben im eigenen Viertel verbessern lässt, können alle Menschen in München ganz einfach erreichen. Mit dem Stadtbezirksbudget stehen den Bezirksausschüssen rund vier Millionen Euro zur Verfügung, um auf Anregungen der Stadtviertel-Bewohner*innen einzugehen. Das Geld für Bürger*innen-Projekte oder Zuschüsse für Veranstaltungen im Viertel können Bürger*innen ebenso wie Vereine, und Initiativen beantragen.\nWofür gibt es Geld?\n\nMit den Geldern aus dem Stadtbezirksbudget können die Bezirksausschüsse der 25 Münchner Stadtbezirke städtische Leistungen für Ihr Viertel bestellen oder Bürger*innen-Projekte fördern.\nZuschüsse für Projekte und Initiativen\nZuschüsse für eigene Bürger*innen-Projekte müssen Sie mindestens 6 Wochen vor Beginn mit dem Antragsformular bei der Abteilung für Bezirksausschussangelegenheiten im Rathaus beantragen. Über den Zuschuss entscheidet der zuständige Bezirksausschuss.;Wie können Sie mitreden?\nWie können Sie mitbestimmen?\nWie können Sie mitarbeiten?\nIn Ihrem Stadt-Bezirk?\nIn Ihrem Stadt-Teil?\nIn Ihrer Nachbarschaft?\nIn Ihrer Straße?\nIn Ihrem Haus?\nIn Ihrem Wohn-Heim?\nIn Ihrer Wohn-Gemeinschaft?\nIn Ihrer Freizeit?
Zum Ablauf einer Bürgerversammlung\nDie Bürgerversammlungen werden vom Oberbürgermeister, der 2. oder 3. Bürgermeisterin oder einem Stellvertreter/einer Stellvertreterin aus dem Stadtrat geleitet. Auch der zuständige Bezirksausschuss ist durch seine/-n Vorsitzende/-n vertreten und hält, ebenso wie die zuständige Polizei, einen kurzen Bericht. Nach dieser Präsentation der wichtigsten Entwicklungen im Stadtviertel können die Anwohner*innen ihre Fragen, Anregungen und Anliegen zu Stadtteilthemen vortragen und auch eigene Anträge stellen.\nStimmt die Versammlung einem Bürgerantrag mehrheitlich zu, muss er innerhalb von drei Monaten dem Stadtrat oder dem Bezirksausschuss zur weiteren Behandlung vorgelegt werden.\n\nZweck und Aufgabe der Bürgerversammlungen ist die gegenseitige Unterrichtung von Bürgerschaft und Verwaltung, sowie die Einflussnahme der im Stadtbezirk wohnenden Bürger*innen auf und ihre Mitsprache bei Entscheidungen der Stadtverwaltung, die sich in ihrem Stadtbezirk auswirken. Die Stadtverwaltung nimmt die Gelegenheit zum direkten Kontakt und Dialog mit den Münchner*innen sehr gerne wahr.\n\nZu aktuellen Themen im Stadtteil stehen Mitarbeiter*innen aus der Stadtverwaltung als Ansprechpartner*innen zur Verfügung.\n\nBei der Bürgersprechstunde, die von 18 Uhr bis zum Beginn der Bürgerversammlung um 19 Uhr stattfindet, können Sie darüber hinaus mit Vertreter*innen Ihres Bezirksausschusses, der Polizei, des Seniorenbeirats und der Stadtverwaltung persönlich sprechen.\n\nNutzen Sie diese Gelegenheit zur Kontaktaufnahme mit Ihrer Stadtverwaltung München und besuchen Sie die Bürgerversammlung in Ihrem Stadtbezirk!;Was ist eine Bürger-Versammlung?\nIn München gibt es 25 Stadt-Bezirke.\nIn jedem Stadt-Bezirk gibt es einmal im Jahr eine Bürger-Versammlung.\nDie Bürger-Versammlung ist für alle Menschen im Stadt-Bezirk.\nAuf der Bürger-Versammlung können Sie mit den Politikern sprechen.\nUnd mit den Mitarbeitern von der Stadt-Verwaltung.\nSie können Ihre Fragen stellen.\nUnd Ihre Wünsche sagen.\nZum Beispiel:\n* Was stört Sie in Ihrem Stadt-Bezirk?\n* Was fehlt Ihnen in Ihrem Stadt-Bezirk?\n* Was ist gut in Ihrem Stadt-Bezirk?\n* Was soll so bleiben, wie es ist?\n* Was soll sich ändern?\n* Was soll neu gemacht werden?\n* Was soll besser gemacht werden?\n* Was soll schlechter gemacht werden?\n* Was soll aufhören?\n* Was soll weniger werden?\n* Was soll mehr werden?\n* Was soll bleiben?\n* Was soll weg?\n* Was soll anders werden?\n* Was soll so bleiben, wie es ist?\n* Was soll besser werden?\n* Was soll schlechter werden?\n* Was soll aufhören?\n* Was soll weniger werden?\n* Was soll mehr werden?\n* Was soll bleiben?\n* Was soll weg?\n* Was soll anders werden?\n* Was soll neu gemacht werden?\n* Was soll besser gemacht werden?\n* Was soll schlechter gemacht werden?\n* Was soll aufhören?\n* Was soll weniger werden?\n* Was soll mehr werden?\n* Was soll bleiben?\n* Was soll weg?\n* Was soll anders werden?\n* Was soll neu gemacht werden?\n* Was soll besser gemacht werden?\n* Was soll schlechter gemacht werden?\n* Was soll aufhören?\n* Was soll weniger werden?\n* Was soll mehr werden?\n* Was soll bleiben?\n* Was soll weg?\n* Was soll anders werden?\n* Was soll neu gemacht werden?\n* Was soll besser gemacht werden?\n* Was soll schlechter gemacht werden?\n* Was soll aufhören?\n* Was soll weniger werden?\n* Was soll mehr werden?\n* Was soll bleiben?\n* Was soll weg?\n* Was soll anders werden?\n* Was soll neu gemacht werden?\n* Was soll besser gemacht werden?\n* Was soll schlechter gemacht werden?\n* Was soll aufhören?\n* Was soll weniger werden?\n* Was soll mehr werden?\n* Was soll bleiben?\n* Was soll weg?\n* Was soll anders werden?\n* Was soll neu gemacht werden?\n* Was soll besser gemacht werden?\n* Was soll schlechter gemacht werden?\n* Was soll aufhören?\n* Was soll weniger werden?\n* Was soll mehr werden?\n* Was soll bleiben?\n* Was soll weg?\n* Was soll anders werden?\n* Was soll neu gemacht werden?\n* Was soll besser gemacht werden?\n* Was soll schlechter gemacht werden?\n* Was soll aufhören?\n* Was soll weniger werden?\n* Was soll mehr werden?\n* Was soll bleiben?\n* Was soll weg?\n* Was soll anders werden?\n* Was soll neu gemacht werden?\n* Was soll besser gemacht werden?\n* Was soll schlechter gemacht werden?\n* Was soll aufhören?\n* Was soll weniger werden?\n* Was soll mehr werden?\n* Was soll bleiben?\n* Was soll weg?\n* Was soll anders werden?\n* Was soll neu gemacht werden?\n* Was soll besser gemacht werden?\n* Was soll schlechter gemacht werden?\n* Was soll aufhören?\n* Was soll weniger werden?\n* Was soll mehr werden?\n* Was soll bleiben?\n* Was soll weg?\n* Was soll anders werden?\n* Was soll neu gemacht werden?\n* Was soll besser gemacht werden?\n* Was soll schlechter gemacht werden?\n* Was soll aufhören?\n* Was soll weniger werden?\n* Was soll mehr werden?\n* Was soll bleiben?\n* Was soll weg?\n* Was soll anders werden?\n* Was soll neu gemacht werden?\n* Was soll besser gemacht werden?\n* Was soll schlechter gemacht werden?\n* Was soll aufhören?\n* Was soll weniger werden?\n* Was soll mehr werden?\n* Was soll bleiben?\n* Was soll weg?\n* Was soll anders werden?\n* Was soll neu gemacht werden?\n* Was soll besser gemacht werden?\n* Was soll schlechter gemacht werden?\n* Was soll aufhören?\n* Was soll weniger werden?\n* Was soll mehr werden?\n* Was soll bleiben?\n* Was soll weg?\n* Was soll anders werden?\n* Was soll neu gemacht werden?\n* Was soll besser gemacht werden?\n* Was soll schlechter gemacht werden?\n* Was soll aufhören?\n* Was soll weniger werden?\n* Was soll mehr werden?\n* Was soll bleiben?\n* Was soll weg?\n* Was soll anders werden?\n* Was soll neu gemacht werden?\n* Was soll besser gemacht werden?\n* Was soll schlechter gemacht werden?\n* Was soll aufhören?\n* Was soll weniger werden?\n* Was soll mehr werden?\n* Was soll bleiben?\n* Was soll weg?\n* Was soll anders werden?\n* Was soll neu gemacht werden?\n* Was soll besser gemacht werden?\n* Was soll schlechter gemacht werden?\n* Was soll aufhören?\n* Was soll weniger werden?\n* Was soll mehr werden?\n* Was soll bleiben?\n* Was soll weg?\n* Was soll anders werden?\n* Was soll neu gemacht werden?\n* Was soll besser gemacht werden?\n* Was soll schlechter gemacht werden?\n* Was soll aufhören?\n* Was soll weniger werden?\n* Was soll mehr werden?\n* Was soll bleiben?\n* Was soll weg?\n* Was soll anders werden?\n* Was soll neu gemacht werden?\n* Was soll besser gemacht werden?\n* Was soll schlechter gemacht werden?\n* Was soll aufhören?\n* Was soll weniger werden?\n* Was soll mehr werden?\n* Was soll bleiben?\n* Was soll weg?\n* Was soll anders werden?\n* Was soll neu gemacht werden?\n* Was soll besser gemacht werden?\n* Was soll schlechter gemacht werden?\n* Was soll aufhören?\n* Was soll weniger werden?\n* Was soll mehr werden?\n* Was soll bleiben?\n* Was soll weg?\n* Was soll anders werden?\n* Was soll neu gemacht werden?\n* Was soll besser gemacht werden?\n* Was soll schlechter gemacht werden?\n* Was soll aufhören?\n* Was soll weniger werden?\n* Was soll mehr werden?\n* Was soll bleiben?\n* Was soll weg?\n* Was soll anders werden?\n* Was soll neu gemacht werden?\n* Was soll besser gemacht werden?\n* Was soll schlechter gemacht werden?\n* Was soll aufhören?\n* Was soll weniger werden?\n* Was soll mehr werden?\n* Was soll bleiben?\n* Was soll weg?\n* Was soll anders werden?\n* Was soll neu gemacht werden?\n* Was soll besser gemacht werden?\n* Was soll schlechter gemacht werden?\n* Was soll aufhören?\n* Was soll weniger werden?\n* Was soll mehr werden?\n* Was soll bleiben?\n* Was soll weg?\n* Was soll anders werden?\n* Was soll neu gemacht werden?\n* Was soll besser gemacht werden?\n* Was soll schlechter gemacht werden?\n* Was soll aufhören?\n* Was soll weniger werden?\n* Was soll mehr werden?\n* Was soll bleiben?\n* Was soll weg?\n* Was soll anders werden?\n* Was soll neu gemacht werden?\n* Was soll besser gemacht werden?\n* Was soll schlechter gemacht werden?\n* Was soll aufhören?\n* Was soll weniger werden?\n* Was soll mehr werden?\n* Was soll bleiben?\n* Was soll weg?\n* Was soll anders werden?\n* Was soll neu gemacht werden?\n* Was soll besser gemacht werden?\n* Was soll schlechter gemacht werden?\n* Was soll aufhören?\n* Was soll weniger werden?\n* Was soll mehr werden?\n* Was soll bleiben?\n* Was soll weg?\n* Was soll anders werden?\n* Was soll neu gemacht werden?\n* Was soll besser gemacht werden?\n* Was soll schlechter gemacht werden?\n* Was soll aufhören?\n* Was soll weniger werden?\n* Was soll mehr werden?\n* Was soll bleiben?\n* Was soll weg?\n* Was soll anders werden?\n* Was soll neu gemacht werden?\n* Was soll besser gemacht werden?\n* Was soll schlechter gemacht werden?\n* Was soll aufhören?\n* Was soll weniger werden?\n* Was soll mehr werden?\n* Was soll bleiben?\n* Was soll weg?\n* Was soll anders werden?\n* Was soll neu gemacht werden?\n* Was soll besser gemacht werden?\n* Was soll schlechter gemacht werden?\n* Was soll aufhören?\n* Was soll weniger werden?\n* Was soll mehr werden?\n* Was soll bleiben?\n* Was soll weg?\n* Was soll anders werden?\n* Was soll neu gemacht werden?\n* Was soll besser gemacht werden?\n* Was soll schlechter gemacht werden?\n* Was soll aufhören?\n* Was soll weniger werden?\n* Was soll mehr werden?\n* Was soll bleiben?\n* Was soll weg?\n* Was soll anders werden?\n* Was soll neu gemacht werden?\n* Was soll besser gemacht werden?\n* Was soll schlechter gemacht werden?\n* Was soll aufhören?\n* Was soll weniger werden?\n* Was soll mehr werden?\n* Was soll bleiben?\n* Was soll weg?\n* Was soll anders werden?\n* Was soll neu gemacht werden?\n* Was soll besser gemacht werden?\n* Was soll schlechter gemacht werden?\n* Was soll aufhören?\n* Was soll weniger werden?\n* Was soll mehr werden?\n* Was soll bleiben?\n* Was soll weg?\n* Was soll anders werden?\n* Was soll neu gemacht werden?\n* Was soll besser gemacht werden?\n* Was soll schlechter gemacht werden?\n* Was soll aufhören?\n* Was soll weniger werden?\n* Was soll mehr werden?\n* Was soll bleiben?\n* Was soll weg?\n* Was soll anders werden?\n* Was soll neu gemacht werden?\n* Was soll besser gemacht werden?\n* Was soll schlechter gemacht werden?\n* Was soll aufhören?\n* Was soll weniger werden?\n* Was soll mehr werden?\n* Was soll bleiben?\n* Was soll weg?\n* Was soll anders werden?\n* Was soll neu gemacht werden?\n* Was soll besser gemacht werden?\n* Was soll schlechter gemacht werden?\n* Was soll aufhören?\n* Was soll weniger werden?\n* Was soll mehr werden?\n* Was soll bleiben?\n* Was soll weg?\n* Was soll anders werden?\n* Was soll neu gemacht werden?\n* Was soll besser gemacht werden?\n* Was soll schlechter gemacht werden?\n* Was soll aufhören?\n* Was soll weniger werden?\n* Was soll mehr werden?\n* Was soll bleiben?\n* Was soll weg?\n* Was soll anders werden?\n* Was soll neu gemacht werden?\n* Was soll besser gemacht werden?\n* Was soll schlechter gemacht werden?\n* Was soll aufhören?\n* Was soll weniger werden?\n* Was soll mehr werden?\n* Was soll bleiben?\n* Was soll weg?\n* Was soll anders werden?\n* Was soll neu gemacht werden?\n* Was soll besser gemacht werden?\n* Was soll schlechter gemacht werden?\n* Was soll aufhören?\n* Was soll weniger werden?\n* Was soll mehr werden?\n* Was soll bleiben?\n* Was soll weg?\n* Was soll anders werden?\n* Was soll neu gemacht werden?\n* Was soll besser gemacht werden?\n* Was soll schlechter gemacht werden?\n* Was soll aufhören?\n* Was soll weniger werden?\n* Was soll mehr werden?\n* Was soll bleiben?\n* Was soll weg?\n* Was soll anders werden?\n* Was soll neu gemacht werden?\n* Was soll besser gemacht werden?\n* Was soll schlechter gemacht werden?\n* Was soll aufhören?\n* Was soll weniger werden?\n* Was soll mehr werden?\n* Was soll bleiben?\n* Was soll weg?\n* Was soll anders werden?\n* Was soll neu gemacht werden?\n* Was soll besser gemacht werden?\n* Was soll schlechter gemacht werden?\n* Was soll aufhören?\n* Was soll weniger werden?\n* Was soll mehr werden?\n* Was soll bleiben?\n* Was soll weg?\n* Was soll anders werden?\n* Was soll neu gemacht werden?\n* Was soll besser gemacht werden?\n* Was soll schlechter gemacht werden?\n* Was soll aufhören?\n* Was soll weniger werden?\n* Was soll mehr werden?\n* Was soll bleiben?\n* Was soll weg?\n* Was soll anders werden?\n* Was soll neu gemacht werden?\n* Was soll besser gemacht werden?\n* Was soll schlechter gemacht werden?\n* Was soll aufhören?\n* Was soll weniger werden?\n* Was soll mehr werden?\n* Was soll bleiben?\n* Was soll weg?\n* Was soll anders werden?\n* Was soll neu gemacht werden?\n* Was soll besser gemacht werden?\n* Was soll schlechter gemacht werden?\n* Was soll aufhören?\n* Was soll weniger werden?\n* Was soll mehr werden?\n* Was soll bleiben?\n* Was soll weg?\n* Was soll anders werden?\n* Was soll neu gemacht werden?\n* Was soll besser gemacht werden?\n* Was soll schlechter gemacht werden?\n* Was soll aufhören?\n* Was soll weniger werden?\n* Was soll mehr werden?\n* Was soll bleiben?\n* Was soll weg?\n* Was soll anders werden?\n* Was soll neu gemacht werden?\n* Was soll besser gemacht werden?\n* Was soll schlechter gemacht werden?\n* Was soll aufhören?\n* Was soll weniger werden?\n* Was soll mehr werden?\n* Was soll bleiben?\n* Was soll weg?\n* Was soll anders werden?\n* Was soll neu gemacht werden?\n* Was soll besser gemacht werden?\n* Was soll schlechter gemacht werden?\n* Was soll aufhören?\n* Was soll weniger werden?\n* Was soll mehr werden?\n* Was soll bleiben?\n* Was soll weg?\n* Was soll anders werden?\n* Was soll neu gemacht werden?\n* Was soll besser gemacht werden?\n* Was soll schlechter gemacht werden?\n* Was soll aufhören?\n* Was soll weniger werden?\n* Was soll mehr werden?\n* Was soll bleiben?\n* Was soll weg?\n* Was soll anders werden?\n* Was soll neu gemacht werden?\n* Was soll besser gemacht werden?\n* Was soll schlechter gemacht werden?\n* Was soll aufhören?\n* Was soll weniger werden?\n* Was soll mehr werden?\n* Was soll bleiben?\n* Was soll weg?\n* Was soll anders werden?\n* Was soll neu gemacht werden?\n* Was soll besser gemacht werden?\n* Was soll schlechter gemacht werden?\n* Was soll aufhören?\n* Was soll weniger werden?\n* Was soll mehr werden?\n* Was soll bleiben?\n* Was soll weg?\n* Was soll anders werden?\n* Was soll neu gemacht werden?\n* Was soll besser gemacht werden?\n* Was soll schlechter gemacht werden?\n* Was soll aufhören?\n* Was soll weniger werden?\n* Was soll mehr werden?\n* Was soll bleiben?\n* Was soll weg?\n* Was soll anders werden?\n* Was soll neu gemacht werden?\n* Was soll besser gemacht werden?\n* Was soll schlechter gemacht werden?\n* Was soll aufhören?\n* Was soll weniger werden?\n* Was soll mehr werden?\n* Was soll bleiben?\n* Was soll weg?\n* Was soll anders werden?\n* Was soll neu gemacht werden?\n* Was soll besser gemacht werden?\n* Was soll schlechter gemacht werden?\n* Was soll aufhören?\n* Was soll weniger werden?\n* Was soll mehr werden?\n* Was soll bleiben?\n* Was soll weg?\n* Was soll anders werden?\n* Was soll neu gemacht werden?\n* Was soll besser gemacht werden?\n* Was soll schlechter gemacht werden?\n* Was soll aufhören?\n* Was soll weniger werden?\n* Was soll mehr werden?\n* Was soll bleiben?\n* Was soll weg?\n* Was soll anders werden?\n* Was soll neu gemacht werden?\n* Was soll besser gemacht werden?\n* Was soll schlechter gemacht werden?\n* Was soll aufhören?\n* Was soll weniger werden?\n* Was soll mehr werden?\n* Was soll bleiben?\n* Was soll weg?\n* Was soll anders werden?\n* Was soll neu gemacht werden?\n* Was soll besser gemacht werden?\n* Was soll schlechter gemacht werden?\n* Was soll aufhören?\n* Was soll weniger werden?\n* Was soll mehr werden?\n* Was soll bleiben?\n* Was soll weg?\n* Was soll anders werden?\n* Was soll neu gemacht werden?\n* Was soll besser gemacht werden?\n* Was soll schlechter gemacht werden?\n* Was soll aufhören?\n* Was soll weniger werden?\n* Was soll mehr werden?\n* Was soll bleiben?\n* Was soll weg?\n* Was soll anders werden?\n* Was soll neu gemacht werden?\n* Was soll besser gemacht werden?\n* Was soll schlechter gemacht werden?\n* Was soll aufhören?\n* Was soll weniger werden?\n* Was soll mehr werden?\n* Was soll bleiben?\n* Was soll weg?\n* Was soll anders werden?\n* Was soll neu gemacht werden?\n* Was soll besser gemacht werden?\n* Was soll schlechter gemacht werden?\n* Was soll aufhören?\n* Was soll weniger werden?\n* Was soll mehr werden?\n* Was soll bleiben?\n* Was soll weg?\n* Was soll anders werden?\n* Was soll neu gemacht werden?\n* Was soll besser gemacht werden?\n* Was soll schlechter gemacht werden?\n* Was soll aufhören?\n* Was soll weniger werden?\n* Was soll mehr werden?\n* Was soll bleiben?\n* Was soll weg?\n* Was soll anders werden?\n* Was soll neu gemacht werden?\n* Was soll besser gemacht werden?\n* Was soll schlechter gemacht werden?\n* Was soll aufhören?\n* Was soll weniger werden?\n* Was soll mehr werden?\n* Was soll bleiben?\n* Was soll weg?\n* Was soll anders werden?\n* Was soll neu gemacht werden?\n* Was soll besser gemacht werden?\n* Was soll schlechter gemacht werden?\n* Was soll aufhören?\n* Was soll weniger werden?\n* Was soll mehr werden?\n* Was soll bleiben?\n* Was soll weg?\n* Was soll anders werden?\n* Was soll neu gemacht werden?\n* Was soll besser gemacht werden?\n* Was soll schlechter gemacht werden?\n* Was soll aufhören?\n* Was soll weniger werden?\n* Was soll mehr werden?\n* Was soll bleiben?\n* Was soll weg?\n* Was soll anders werden?\n* Was soll neu gemacht werden?\n* Was soll besser gemacht werden?\n* Was soll schlechter gemacht werden?\n* Was soll aufhören?\n* Was soll weniger werden?\n* Was soll mehr werden?\n* Was soll bleiben?\n* Was soll weg?\n* Was soll anders werden?\n* Was soll neu gemacht werden?\n* Was soll besser gemacht werden?\n* Was soll schlechter gemacht werden?\n* Was soll aufhören?\n* Was soll weniger werden?\n* Was soll mehr werden?\n* Was soll bleiben?\n* Was soll weg?\n* Was soll anders werden?\n* Was soll neu gemacht werden?\n* Was soll besser gemacht werden?\n* Was soll schlechter gemacht werden?\n* Was soll aufhören?\n* Was soll weniger werden?\n* Was soll mehr werden?\n* Was soll bleiben?\n* Was soll weg?\n* Was soll anders werden?\n* Was soll neu gemacht werden?\n* Was soll besser gemacht werden?\n* Was soll schlechter gemacht werden?\n* Was soll aufhören?\n* Was soll weniger werden?\n* Was soll mehr werden?\n* Was soll bleiben?\n* Was soll weg?\n* Was soll anders werden?\n* Was soll neu gemacht werden?\n* Was soll besser gemacht werden?\n* Was soll schlechter gemacht werden?\n* Was soll aufhören?\n* Was soll weniger werden?\n* Was soll mehr werden?\n* Was soll bleiben?\n* Was soll weg?\n* Was soll anders werden?\n* Was soll neu gemacht werden?\n* Was soll besser gemacht werden?\n* Was soll schlechter gemacht werden?\n* Was soll aufhören?\n* Was soll weniger werden?\n* Was soll mehr werden?\n* Was soll bleiben?\n* Was soll weg?\n* Was soll anders werden?\n* Was soll neu gemacht werden?\n* Was soll besser gemacht werden?\n* Was soll schlechter gemacht werden?\n* Was soll aufhören?\n* Was soll weniger werden?\n* Was soll mehr werden?\n* Was soll bleiben?\n* Was soll
Der Behindertenbeirat ist die Interessensvertretung für Menschen mit Behinderung und berät die Landeshauptstadt München zur Teilhabe und Inklusion.;Der Behinderten-Beirat vertritt die Interessen von Menschen mit Behinderung in München.\nDas heißt:\nDer Behinderten-Beirat setzt sich für die Rechte von Menschen mit Behinderung ein.\nDer Behinderten-Beirat berät die Stadt-Verwaltung.\nZum Beispiel:\nDie Stadt-Verwaltung fragt den Behinderten-Beirat:\nWas müssen wir bei einem neuen Gesetz beachten?\nDamit Menschen mit Behinderung das Gesetz gut verstehen.\nDer Behinderten-Beirat sagt der Stadt-Verwaltung:\nDas Gesetz muss in Leichter Sprache sein.\nUnd es muss Barriere-frei sein.\nBarriere-frei heißt:\nMenschen mit Behinderung können alles gut benutzen.\nZum Beispiel:\n* Menschen im Rollstuhl können in ein Gebäude hinein.\n* Blinde Menschen können eine Internet-Seite gut benutzen.\n* Menschen mit Lern-Schwierigkeiten können ein Formular gut ausfüllen.\n* Menschen im Rollstuhl können auf eine Toilette.\n* Menschen im Rollstuhl können in ein Taxi einsteigen.\n* Menschen im Rollstuhl können in einem Bus oder einer Straßen-Bahn mitfahren.\n* Menschen im Rollstuhl können in einem Zug mitfahren.\n* Menschen im Rollstuhl können in ein Geschäft hinein.\n* Menschen im Rollstuhl können in ein Restaurant hinein.\n* Menschen im Rollstuhl können in ein Kino hinein.\n* Menschen im Rollstuhl können in ein Schwimm-Bad hinein.\n* Menschen im Rollstuhl können in ein Museum hinein.\n* Menschen im Rollstuhl können in ein Theater hinein.\n* Menschen im Rollstuhl können in eine Arzt-Praxis hinein.\n* Menschen im Rollstuhl können in eine Apotheke hinein.\n* Menschen im Rollstuhl können in eine Bank hinein.\n* Menschen im Rollstuhl können in eine Kirche hinein.\n* Menschen im Rollstuhl können in ein Rathaus hinein.\n* Menschen im Rollstuhl können in ein Bürger-Büro hinein.\n* Menschen im Rollstuhl können in ein Wahl-Lokal hinein.\n* Menschen im Rollstuhl können in ein Hotel hinein.\n* Menschen im Rollstuhl können in ein Kranken-Haus hinein.\n* Menschen im Rollstuhl können in ein Alten-Heim hinein.\n* Menschen im Rollstuhl können in ein Jugend-Amt hinein.\n* Menschen im Rollstuhl können in ein Sozial-Bürger-Haus hinein.\n* Menschen im Rollstuhl können in ein Job-Center hinein.\n* Menschen im Rollstuhl können in ein Arbeits-Amt hinein.\n* Menschen im Rollstuhl können in ein Finanz-Amt hinein.\n* Menschen im Rollstuhl können in ein Standes-Amt hinein.\n* Menschen im Rollstuhl können in ein Notar-Amt hinein.\n* Menschen im Rollstuhl können in ein Rechts-Anwalts-Amt hinein.\n* Menschen im Rollstuhl können in ein Gerichts-Gebäude hinein.\n* Menschen im Rollstuhl können in ein Gefängnis hinein.\n* Menschen im Rollstuhl können in ein Polizei-Amt hinein.\n* Menschen im Rollstuhl können in ein Zoll-Amt hinein.\n* Menschen im Rollstuhl können in ein Bürgermeister-Büro hinein.\n* Menschen im Rollstuhl können in ein Ministeriums-Gebäude hinein.\n* Menschen im Rollstuhl können in ein Land-Tag-Gebäude hinein.\n* Menschen im Rollstuhl können in ein Bundes-Tags-Gebäude hinein.\n* Menschen im Rollstuhl können in ein Europa-Parlament-Gebäude hinein.\n* Menschen im Rollstuhl können in ein Konsulat hinein.\n* Menschen im Rollstuhl können in ein Generalkonsulat hinein.\n* Menschen im Rollstuhl können in ein Botschafts-Gebäude hinein.\n* Menschen im Rollstuhl können in ein Flug-Hafen-Gebäude hinein.\n* Menschen im Rollstuhl können in ein Bahnhofs-Gebäude hinein.\n* Menschen im Rollstuhl können in ein Bus-Bahnhofs-Gebäude hinein.\n* Menschen im Rollstuhl können in ein Taxi-Halte-Stellen-Gebäude hinein.\n* Menschen im Rollstuhl können in ein Taxi-Halte-Stellen-Häuschen hinein.\n* Menschen im Rollstuhl können in ein Taxi-Halte-Stellen-Wartehäuschen hinein.\n* Menschen im Rollstuhl können in ein Taxi-Halte-Stellen-Wartehäuschen hinein.\n* Menschen im Rollstuhl können in ein Taxi-Halte-Stellen-Wartehäuschen hinein.\n* Menschen im Rollstuhl können in ein Taxi-Halte-Stellen-Wartehäuschen hinein.\n* Menschen im Rollstuhl können in ein Taxi-Halte-Stellen-Wartehäuschen hinein.\n* Menschen im Rollstuhl können in ein Taxi-Halte-Stellen-Wartehäuschen hinein.\n* Menschen im Rollstuhl können in ein Taxi-Halte-Stellen-Wartehäuschen hinein.\n* Menschen im Rollstuhl können in ein Taxi-Halte-Stellen-Wartehäuschen hinein.\n* Menschen im Rollstuhl können in ein Taxi-Halte-Stellen-Wartehäuschen hinein.\n* Menschen im Rollstuhl können in ein Taxi-Halte-Stellen-Wartehäuschen hinein.\n* Menschen im Rollstuhl können in ein Taxi-Halte-Stellen-Wartehäuschen hinein.\n* Menschen im Rollstuhl können in ein Taxi-Halte-Stellen-Wartehäuschen hinein.\n* Menschen im Rollstuhl können in ein Taxi-Halte-Stellen-Wartehäuschen hinein.\n* Menschen im Rollstuhl können in ein Taxi-Halte-Stellen-Wartehäuschen hinein.\n* Menschen im Rollstuhl können in ein Taxi-Halte-Stellen-Wartehäuschen hinein.\n* Menschen im Rollstuhl können in ein Taxi-Halte-Stellen-Wartehäuschen hinein.\n* Menschen im Rollstuhl können in ein Taxi-Halte-Stellen-Wartehäuschen hinein.\n* Menschen im Rollstuhl können in ein Taxi-Halte-Stellen-Wartehäuschen hinein.\n* Menschen im Rollstuhl können in ein Taxi-Halte-Stellen-Wartehäuschen hinein.\n* Menschen im Rollstuhl können in ein Taxi-Halte-Stellen-Wartehäuschen hinein.\n* Menschen im Rollstuhl können in ein Taxi-Halte-Stellen-Wartehäuschen hinein.\n* Menschen im Rollstuhl können in ein Taxi-Halte-Stellen-Wartehäuschen hinein.\n* Menschen im Rollstuhl können in ein Taxi-Halte-Stellen-Wartehäuschen hinein.\n* Menschen im Rollstuhl können in ein Taxi-Halte-Stellen-Wartehäuschen hinein.\n* Menschen im Rollstuhl können in ein Taxi-Halte-Stellen-Wartehäuschen hinein.\n* Menschen im Rollstuhl können in ein Taxi-Halte-Stellen-Wartehäuschen hinein.\n* Menschen im Rollstuhl können in ein Taxi-Halte-Stellen-Wartehäuschen hinein.\n* Menschen im Rollstuhl können in ein Taxi-Halte-Stellen-Wartehäuschen hinein.\n* Menschen im Rollstuhl können in ein Taxi-Halte-Stellen-Wartehäuschen hinein.\n* Menschen im Rollstuhl können in ein Taxi-Halte-Stellen-Wartehäuschen hinein.\n* Menschen im Rollstuhl können in ein Taxi-Halte-Stellen-Wartehäuschen hinein.\n* Menschen im Rollstuhl können in ein Taxi-Halte-Stellen-Wartehäuschen hinein.\n* Menschen im Rollstuhl können in ein Taxi-Halte-Stellen-Wartehäuschen hinein.\n* Menschen im Rollstuhl können in ein Taxi-Halte-Stellen-Wartehäuschen hinein.\n* Menschen im Rollstuhl können in ein Taxi-Halte-Stellen-Wartehäuschen hinein.\n* Menschen im Rollstuhl können in ein Taxi-Halte-Stellen-Wartehäuschen hinein.\n* Menschen im Rollstuhl können in ein Taxi-Halte-Stellen-Wartehäuschen hinein.\n* Menschen im Rollstuhl können in ein Taxi-Halte-Stellen-Wartehäuschen hinein.\n* Menschen im Rollstuhl können in ein Taxi-Halte-Stellen-Wartehäuschen hinein.\n* Menschen im Rollstuhl können in ein Taxi-Halte-Stellen-Wartehäuschen hinein.\n* Menschen im Rollstuhl können in ein Taxi-Halte-Stellen-Wartehäuschen hinein.\n* Menschen im Rollstuhl können in ein Taxi-Halte-Stellen-Wartehäuschen hinein.\n* Menschen im Rollstuhl können in ein Taxi-Halte-Stellen-Wartehäuschen hinein.\n* Menschen im Rollstuhl können in ein Taxi-Halte-Stellen-Wartehäuschen hinein.\n* Menschen im Rollstuhl können in ein Taxi-Halte-Stellen-Wartehäuschen hinein.\n* Menschen im Rollstuhl können in ein Taxi-Halte-Stellen-Wartehäuschen hinein.\n* Menschen im Rollstuhl können in ein Taxi-Halte-Stellen-Wartehäuschen hinein.\n* Menschen im Rollstuhl können in ein Taxi-Halte-Stellen-Wartehäuschen hinein.\n* Menschen im Rollstuhl können in ein Taxi-Halte-Stellen-Wartehäuschen hinein.\n* Menschen im Rollstuhl können in ein Taxi-Halte-Stellen-Wartehäuschen hinein.\n* Menschen im Rollstuhl können in ein Taxi-Halte-Stellen-Wartehäuschen hinein.\n* Menschen im Rollstuhl können in ein Taxi-Halte-Stellen-Wartehäuschen hinein.\n* Menschen im Rollstuhl können in ein Taxi-Halte-Stellen-Wartehäuschen hinein.\n* Menschen im Rollstuhl können in ein Taxi-Halte-Stellen-Wartehäuschen hinein.\n* Menschen im Rollstuhl können in ein Taxi-Halte-Stellen-Wartehäuschen hinein.\n* Menschen im Rollstuhl können in ein Taxi-Halte-Stellen-Wartehäuschen hinein.\n* Menschen im Rollstuhl können in ein Taxi-Halte-Stellen-Wartehäuschen hinein.\n* Menschen im Rollstuhl können in ein Taxi-Halte-Stellen-Wartehäuschen hinein.\n* Menschen im Rollstuhl können in ein Taxi-Halte-Stellen-Wartehäuschen hinein.\n* Menschen im Rollstuhl können in ein Taxi-Halte-Stellen-Wartehäuschen hinein.\n* Menschen im Rollstuhl können in ein Taxi-Halte-Stellen-Wartehäuschen hinein.\n* Menschen im Rollstuhl können in ein Taxi-Halte-Stellen-Wartehäuschen hinein.\n* Menschen im Rollstuhl können in ein Taxi-Halte-Stellen-Wartehäuschen hinein.\n* Menschen im Rollstuhl können in ein Taxi-Halte-Stellen-Wartehäuschen hinein.\n* Menschen im Rollstuhl können in ein Taxi-Halte-Stellen-Wartehäuschen hinein.\n* Menschen im Rollstuhl können in ein Taxi-Halte-Stellen-Wartehäuschen hinein.\n* Menschen im Rollstuhl können in ein Taxi-Halte-Stellen-Wartehäuschen hinein.\n* Menschen im Rollstuhl können in ein Taxi-Halte-Stellen-Wartehäuschen hinein.\n* Menschen im Rollstuhl können in ein Taxi-Halte-Stellen-Wartehäuschen hinein.\n* Menschen im Rollstuhl können in ein Taxi-Halte-Stellen-Wartehäuschen hinein.\n* Menschen im Rollstuhl können in ein Taxi-Halte-Stellen-Wartehäuschen hinein.\n* Menschen im Rollstuhl können in ein Taxi-Halte-Stellen-Wartehäuschen hinein.\n* Menschen im Rollstuhl können in ein Taxi-Halte-Stellen-Wartehäuschen hinein.\n* Menschen im Rollstuhl können in ein Taxi-Halte-Stellen-Wartehäuschen hinein.\n* Menschen im Rollstuhl können in ein Taxi-Halte-Stellen-Wartehäuschen hinein.\n* Menschen im Rollstuhl können in ein Taxi-Halte-Stellen-Wartehäuschen hinein.\n* Menschen im Rollstuhl können in ein Taxi-Halte-Stellen-Wartehäuschen hinein.\n* Menschen im Rollstuhl können in ein Taxi-Halte-Stellen-Wartehäuschen hinein.\n* Menschen im Rollstuhl können in ein Taxi-Halte-Stellen-Wartehäuschen hinein.\n* Menschen im Rollstuhl können in ein Taxi-Halte-Stellen-Wartehäuschen hinein.\n* Menschen im Rollstuhl können in ein Taxi-Halte-Stellen-Wartehäuschen hinein.\n* Menschen im Rollstuhl können in ein Taxi-Halte-Stellen-Wartehäuschen hinein.\n* Menschen im Rollstuhl können in ein Taxi-Halte-Stellen-Wartehäuschen hinein.\n* Menschen im Rollstuhl können in ein Taxi-Halte-Stellen-Wartehäuschen hinein.\n* Menschen im Rollstuhl können in ein Taxi-Halte-Stellen-Wartehäuschen hinein.\n* Menschen im Rollstuhl können in ein Taxi-Halte-Stellen-Wartehäuschen hinein.\n* Menschen im Rollstuhl können in ein Taxi-Halte-Stellen-Wartehäuschen hinein.\n* Menschen im Rollstuhl können in ein Taxi-Halte-Stellen-Wartehäuschen hinein.\n* Menschen im Rollstuhl können in ein Taxi-Halte-Stellen-Wartehäuschen hinein.\n* Menschen im Rollstuhl können in ein Taxi-Halte-Stellen-Wartehäuschen hinein.\n* Menschen im Rollstuhl können in ein Taxi-Halte-Stellen-Wartehäuschen hinein.\n* Menschen im Rollstuhl können in ein Taxi-Halte-Stellen-Wartehäuschen hinein.\n* Menschen im Rollstuhl können in ein Taxi-Halte-Stellen-Wartehäuschen hinein.\n* Menschen im Rollstuhl können in ein Taxi-Halte-Stellen-Wartehäuschen hinein.\n* Menschen im Rollstuhl können in ein Taxi-Halte-Stellen-Wartehäuschen hinein.\n* Menschen im Rollstuhl können in ein Taxi-Halte-Stellen-Wartehäuschen hinein.\n* Menschen im Rollstuhl können in ein Taxi-Halte-Stellen-Wartehäuschen hinein.\n* Menschen im Rollstuhl können in ein Taxi-Halte-Stellen-Wartehäuschen hinein.\n* Menschen im Rollstuhl können in ein Taxi-Halte-Stellen-Wartehäuschen hinein.\n* Menschen im Rollstuhl können in ein Taxi-Halte-Stellen-Wartehäuschen hinein.\n* Menschen im Rollstuhl können in ein Taxi-Halte-Stellen-Wartehäuschen hinein.\n* Menschen im Rollstuhl können in ein Taxi-Halte-Stellen-Wartehäuschen hinein.\n* Menschen im Rollstuhl können in ein Taxi-Halte-Stellen-Wartehäuschen hinein.\n* Menschen im Rollstuhl können in ein Taxi-Halte-Stellen-Wartehäuschen hinein.\n* Menschen im Rollstuhl können in ein Taxi-Halte-Stellen-Wartehäuschen hinein.\n* Menschen im Rollstuhl können in ein Taxi-Halte-Stellen-Wartehäuschen hinein.\n* Menschen im Rollstuhl können in ein Taxi-Halte-Stellen-Wartehäuschen hinein.\n* Menschen im Rollstuhl können in ein Taxi-Halte-Stellen-Wartehäuschen hinein.\n* Menschen im Rollstuhl können in ein Taxi-Halte-Stellen-Wartehäuschen hinein.\n* Menschen im Rollstuhl können in ein Taxi-Halte-Stellen-Wartehäuschen hinein.\n* Menschen im Rollstuhl können in ein Taxi-Halte-Stellen-Wartehäuschen hinein.\n* Menschen im Rollstuhl können in ein Taxi-Halte-Stellen-Wartehäuschen hinein.\n* Menschen im Rollstuhl können in ein Taxi-Halte-Stellen-Wartehäuschen hinein.\n* Menschen im Rollstuhl können in ein Taxi-Halte-Stellen-Wartehäuschen hinein.\n* Menschen im Rollstuhl können in ein Taxi-Halte-Stellen-Wartehäuschen hinein.\n* Menschen im Rollstuhl können in ein Taxi-Halte-Stellen-Wartehäuschen hinein.\n* Menschen im Rollstuhl können in ein Taxi-Halte-Stellen-Wartehäuschen hinein.\n* Menschen im Rollstuhl können in ein Taxi-Halte-Stellen-Wartehäuschen hinein.\n* Menschen im Rollstuhl können in ein Taxi-Halte-Stellen-Wartehäuschen hinein.\n* Menschen im Rollstuhl können in ein Taxi-Halte-Stellen-Wartehäuschen hinein.\n* Menschen im Rollstuhl können in ein Taxi-Halte-Stellen-Wartehäuschen hinein.\n* Menschen im Rollstuhl können in ein Taxi-Halte-Stellen-Wartehäuschen hinein.\n* Menschen im Rollstuhl können in ein Taxi-Halte-Stellen-Wartehäuschen hinein.\n* Menschen im Rollstuhl können in ein Taxi-Halte-Stellen-Wartehäuschen hinein.\n* Menschen im Rollstuhl können in ein Taxi-Halte-Stellen-Wartehäuschen hinein.\n* Menschen im Rollstuhl können in ein Taxi-Halte-Stellen-Wartehäuschen hinein.\n* Menschen im Rollstuhl können in ein Taxi-Halte-Stellen-Wartehäuschen hinein.\n* Menschen im Rollstuhl können in ein Taxi-Halte-Stellen-Wartehäuschen hinein.\n* Menschen im Rollstuhl können in ein Taxi-Halte-Stellen-Wartehäuschen h
Interessenvertretung von Menschen mit Behinderungen\nBehindertenbeirat der Landeshauptstadt München\nDer Behindertenbeirat ist vom Stadtrat beauftragt, die Interessen von Menschen mit Behinderung in München zu vertreten und den Stadtrat und die Stadtverwaltung zu beraten. Dem Gremium gehören Vertreter*innen des Stadtrates, der Wohlfahrtsverbände und der Stadtverwaltung, zahlreiche Betroffene, der Behindertenbeauftragte sowie engagierte Bürger*innen an.\n\nDer Behindertenbeirat arbeitet derzeit in acht Facharbeitskreisen zu den Themen:\n* Ambulante Unterstützungsangebote\n* Arbeit\n* Frauen\n* Freizeit und Bildung\n* Mobilität\n* Schule\n* Tourismus\n* Wohnen\n\nAlle Interessierten können in diesen Arbeitskreisen mitwirken. Einmal jährlich findet eine öffentliche Vollversammlung statt.;Der Behinderten-Beirat vertritt die Interessen von Menschen mit Behinderung in München.\nDas heißt:\nDer Behinderten-Beirat sagt der Stadt-Verwaltung und dem Stadtrat,\nwas Menschen mit Behinderung in München brauchen.\nUnd was Menschen mit Behinderung in München wollen.\nDer Behinderten-Beirat berät die Stadt-Verwaltung und den Stadtrat.\nZum Beispiel:\nBei Entscheidungen.\nBei Planungen.\nBei Gesetzen.\nDer Behinderten-Beirat macht auch eigene Vorschläge.\nDer Behinderten-Beirat ist ein Gremium.\nIn einem Gremium arbeiten mehrere Menschen zusammen.\nZum Beispiel:\nIn einem Verein.\nIn einem Arbeits-Kreis.\nIn einem Beirat.\nIn einem Beirat sind das zum Beispiel:\n* Bürger*innen\n* das heißt:\n  Menschen, die in München wohnen\n* die Stadt-Verwaltung\n* das heißt:\n  Mitarbeiter und Mitarbeiterinnen von der Stadt-Verwaltung\n* der Stadtrat\n* das heißt:\n  Mitglieder vom Stadtrat\n  Der Stadtrat ist die Vertretung von den Bürger*innen in München.\n  Der Stadtrat entscheidet zum Beispiel:\n  * Was wird in München gebaut?\n  * Wie viel Geld bekommt ein Projekt?\n  * Zum Beispiel ein Projekt für Menschen mit Behinderung.\n  * Wie viele Mitarbeiter und Mitarbeiterinnen arbeiten in der Stadt-Verwaltung?\n  * Was macht die Stadt-Verwaltung?\n  * Zum Beispiel:\n    * Wie viele Busse fahren in München?\n    * Wie viele Straßen-Bahnen fahren in München?\n    * Wie viele U-Bahnen fahren in München?\n    * Wie viele Straßen-Bahnen fahren in München?\n    * Wie viele S-Bahnen fahren in München?\n    * Wie viele Tram-Bahnen fahren in München?\n    * Wie viele Taxis fahren in München?\n    * Wie viele Taxis fahren in München?\n    * Wie viele Taxis fahren in München?\n    * Wie viele Taxis fahren in München?\n    * Wie viele Taxis fahren in München?\n    * Wie viele Taxis fahren in München?\n    * Wie viele Taxis fahren in München?\n    * Wie viele Taxis fahren in München?\n    * Wie viele Taxis fahren in München?\n    * Wie viele Taxis fahren in München?\n    * Wie viele Taxis fahren in München?\n    * Wie viele Taxis fahren in München?\n    * Wie viele Taxis fahren in München?\n    * Wie viele Taxis fahren in München?\n    * Wie viele Taxis fahren in München?\n    * Wie viele Taxis fahren in München?\n    * Wie viele Taxis fahren in München?\n    * Wie viele Taxis fahren in München?\n    * Wie viele Taxis fahren in München?\n    * Wie viele Taxis fahren in München?\n    * Wie viele Taxis fahren in München?\n    * Wie viele Taxis fahren in München?\n    * Wie viele Taxis fahren in München?\n    * Wie viele Taxis fahren in München?\n    * Wie viele Taxis fahren in München?\n    * Wie viele Taxis fahren in München?\n    * Wie viele Taxis fahren in München?\n    * Wie viele Taxis fahren in München?\n    * Wie viele Taxis fahren in München?\n    * Wie viele Taxis fahren in München?\n    * Wie viele Taxis fahren in München?\n    * Wie viele Taxis fahren in München?\n    * Wie viele Taxis fahren in München?\n    * Wie viele Taxis fahren in München?\n    * Wie viele Taxis fahren in München?\n    * Wie viele Taxis fahren in München?\n    * Wie viele Taxis fahren in München?\n    * Wie viele Taxis fahren in München?\n    * Wie viele Taxis fahren in München?\n    * Wie viele Taxis fahren in München?\n    * Wie viele Taxis fahren in München?\n    * Wie viele Taxis fahren in München?\n    * Wie viele Taxis fahren in München?\n    * Wie viele Taxis fahren in München?\n    * Wie viele Taxis fahren in München?\n    * Wie viele Taxis fahren in München?\n    * Wie viele Taxis fahren in München?\n    * Wie viele Taxis fahren in München?\n    * Wie viele Taxis fahren in München?\n    * Wie viele Taxis fahren in München?\n    * Wie viele Taxis fahren in München?\n    * Wie viele Taxis fahren in München?\n    * Wie viele Taxis fahren in München?\n    * Wie viele Taxis fahren in München?\n    * Wie viele Taxis fahren in München?\n    * Wie viele Taxis fahren in München?\n    * Wie viele Taxis fahren in München?\n    * Wie viele Taxis fahren in München?\n    * Wie viele Taxis fahren in München?\n    * Wie viele Taxis fahren in München?\n    * Wie viele Taxis fahren in München?\n    * Wie viele Taxis fahren in München?\n    * Wie viele Taxis fahren in München?\n    * Wie viele Taxis fahren in München?\n    * Wie viele Taxis fahren in München?\n    * Wie viele Taxis fahren in München?\n    * Wie viele Taxis fahren in München?\n    * Wie viele Taxis fahren in München?\n    * Wie viele Taxis fahren in München?\n    * Wie viele Taxis fahren in München?\n    * Wie viele Taxis fahren in München?\n    * Wie viele Taxis fahren in München?\n    * Wie viele Taxis fahren in München?\n    * Wie viele Taxis fahren in München?\n    * Wie viele Taxis fahren in München?\n    * Wie viele Taxis fahren in München?\n    * Wie viele Taxis fahren in München?\n    * Wie viele Taxis fahren in München?\n    * Wie viele Taxis fahren in München?\n    * Wie viele Taxis fahren in München?\n    * Wie viele Taxis fahren in München?\n    * Wie viele Taxis fahren in München?\n    * Wie viele Taxis fahren in München?\n    * Wie viele Taxis fahren in München?\n    * Wie viele Taxis fahren in München?\n    * Wie viele Taxis fahren in München?\n    * Wie viele Taxis fahren in München?\n    * Wie viele Taxis fahren in München?\n    * Wie viele Taxis fahren in München?\n    * Wie viele Taxis fahren in München?\n    * Wie viele Taxis fahren in München?\n    * Wie viele Taxis fahren in München?\n    * Wie viele Taxis fahren in München?\n    * Wie viele Taxis fahren in München?\n    * Wie viele Taxis fahren in München?\n    * Wie viele Taxis fahren in München?\n    * Wie viele Taxis fahren in München?\n    * Wie viele Taxis fahren in München?\n    * Wie viele Taxis fahren in München?\n    * Wie viele Taxis fahren in München?\n    * Wie viele Taxis fahren in München?\n    * Wie viele Taxis fahren in München?\n    * Wie viele Taxis fahren in München?\n    * Wie viele Taxis fahren in München?\n    * Wie viele Taxis fahren in München?\n    * Wie viele Taxis fahren in München?\n    * Wie viele Taxis fahren in München?\n    * Wie viele Taxis fahren in München?\n    * Wie viele Taxis fahren in München?\n    * Wie viele Taxis fahren in München?\n    * Wie viele Taxis fahren in München?\n    * Wie viele Taxis fahren in München?\n    * Wie viele Taxis fahren in München?\n    * Wie viele Taxis fahren in München?\n    * Wie viele Taxis fahren in München?\n    * Wie viele Taxis fahren in München?\n    * Wie viele Taxis fahren in München?\n    * Wie viele Taxis fahren in München?\n    * Wie viele Taxis fahren in München?\n    * Wie viele Taxis fahren in München?\n    * Wie viele Taxis fahren in München?\n    * Wie viele Taxis fahren in München?\n    * Wie viele Taxis fahren in München?\n    * Wie viele Taxis fahren in München?\n    * Wie viele Taxis fahren in München?\n    * Wie viele Taxis fahren in München?\n    * Wie viele Taxis fahren in München?\n    * Wie viele Taxis fahren in München?\n    * Wie viele Taxis fahren in München?\n    * Wie viele Taxis fahren in München?\n    * Wie viele Taxis fahren in München?\n    * Wie viele Taxis fahren in München?\n    * Wie viele Taxis fahren in München?\n    * Wie viele Taxis fahren in München?\n    * Wie viele Taxis fahren in München?\n    * Wie viele Taxis fahren in München?\n    * Wie viele Taxis fahren in München?\n    * Wie viele Taxis fahren in München?\n    * Wie viele Taxis fahren in München?\n    * Wie viele Taxis fahren in München?\n    * Wie viele Taxis fahren in München?\n    * Wie viele Taxis fahren in München?\n    * Wie viele Taxis fahren in München?\n    * Wie viele Taxis fahren in München?\n    * Wie viele Taxis fahren in München?\n    * Wie viele Taxis fahren in München?\n    * Wie viele Taxis fahren in München?\n    * Wie viele Taxis fahren in München?\n    * Wie viele Taxis fahren in München?\n    * Wie viele Taxis fahren in München?\n    * Wie viele Taxis fahren in München?\n    * Wie viele Taxis fahren in München?\n    * Wie viele Taxis fahren in München?\n    * Wie viele Taxis fahren in München?\n    * Wie viele Taxis fahren in München?\n    * Wie viele Taxis fahren in München?\n    * Wie viele Taxis fahren in München?\n    * Wie viele Taxis fahren in München?\n    * Wie viele Taxis fahren in München?\n    * Wie viele Taxis fahren in München?\n    * Wie viele Taxis fahren in München?\n    * Wie viele Taxis fahren in München?\n    * Wie viele Taxis fahren in München?\n    * Wie viele Taxis fahren in München?\n    * Wie viele Taxis fahren in München?\n    * Wie viele Taxis fahren in München?\n    * Wie viele Taxis fahren in München?\n    * Wie viele Taxis fahren in München?\n    * Wie viele Taxis fahren in München?\n    * Wie viele Taxis fahren in München?\n    * Wie viele Taxis fahren in München?\n    * Wie viele Taxis fahren in München?\n    * Wie viele Taxis fahren in München?\n    * Wie viele Taxis fahren in München?\n    * Wie viele Taxis fahren in München?\n    * Wie viele Taxis fahren in München?\n    * Wie viele Taxis fahren in München?\n    * Wie viele Taxis fahren in München?\n    * Wie viele Taxis fahren in München?\n    * Wie viele Taxis fahren in München?\n    * Wie viele Taxis fahren in München?\n    * Wie viele Taxis fahren in München?\n    * Wie viele Taxis fahren in München?\n    * Wie viele Taxis fahren in München?\n    * Wie viele Taxis fahren in München?\n    * Wie viele Taxis fahren in München?\n    * Wie viele Taxis fahren in München?\n    * Wie viele Taxis fahren in München?\n    * Wie viele Taxis fahren in München?\n    * Wie viele Taxis fahren in München?\n    * Wie viele Taxis fahren in München?\n    * Wie viele Taxis fahren in München?\n    * Wie viele Taxis fahren in München?\n    * Wie viele Taxis fahren in München?\n    * Wie viele Taxis fahren in München?\n    * Wie viele Taxis fahren in München?\n    * Wie viele Taxis fahren in München?\n    * Wie viele Taxis fahren in München?\n    * Wie viele Taxis fahren in München?\n    * Wie viele Taxis fahren in München?\n    * Wie viele Taxis fahren in München?\n    * Wie viele Taxis fahren in München?\n    * Wie viele Taxis fahren in München?\n    * Wie viele Taxis fahren in München?\n    * Wie viele Taxis fahren in München?\n    * Wie viele Taxis fahren in München?\n    * Wie viele Taxis fahren in München?\n    * Wie viele Taxis fahren in München?\n    * Wie viele Taxis fahren in München?\n    * Wie viele Taxis fahren in München?\n    * Wie viele Taxis fahren in München?\n    * Wie viele Taxis fahren in München?\n    * Wie viele Taxis fahren in München?\n    * Wie viele Taxis fahren in München?\n    * Wie viele Taxis fahren in München?\n    * Wie viele Taxis fahren in München?\n    * Wie viele Taxis fahren in München?\n    * Wie viele Taxis fahren in München?\n    * Wie viele Taxis fahren in München?\n    * Wie viele Taxis fahren in München?\n    * Wie viele Taxis fahren in München?\n    * Wie viele Taxis fahren in München?\n    * Wie viele Taxis fahren in München?\n    * Wie viele Taxis fahren in München?\n    * Wie viele Taxis fahren in München?\n    * Wie viele Taxis fahren in München?\n    * Wie viele Taxis fahren in München?\n    * Wie viele Taxis fahren in München?\n    * Wie viele Taxis fahren in München?\n    * Wie viele Taxis fahren in München?\n    * Wie viele Taxis fahren in München?\n    * Wie viele Taxis fahren in München?\n    * Wie viele Taxis fahren in München?\n    * Wie viele Taxis fahren in München?\n    * Wie viele Taxis fahren in München?\n    * Wie viele Taxis fahren in München?\n    * Wie viele Taxis fahren in München?\n    * Wie viele Taxis fahren in München?\n    * Wie viele Taxis fahren in München?\n    * Wie viele Taxis fahren in München?\n    * Wie viele Taxis fahren in München?\n    * Wie viele Taxis fahren in München?\n    * Wie viele Taxis fahren in München?\n    * Wie viele Taxis fahren in München?\n    * Wie viele Taxis fahren in München?\n    * Wie viele Taxis fahren in München?\n    * Wie viele Taxis fahren in München?\n    * Wie viele Taxis fahren in München?\n    * Wie viele Taxis fahren in München?\n    * Wie viele Taxis fahren in München?\n    * Wie viele Taxis fahren in München?\n    * Wie viele Taxis fahren in München?\n    * Wie viele Taxis fahren in München?\n    * Wie viele Taxis fahren in München?\n    * Wie viele Taxis fahren in München?\n    * Wie viele Taxis fahren in München?\n    * Wie viele Taxis fahren in München?\n    * Wie viele Taxis fahren in München?\n    * Wie viele Taxis fahren in München?\n    * Wie viele Taxis fahren in München?\n    * Wie viele Taxis fahren in München?\n    * Wie viele Taxis fahren in München?\n    * Wie viele Taxis fahren in München?\n    * Wie viele Taxis fahren in München?\n    * Wie viele Taxis fahren in München?\n    * Wie viele Taxis fahren in München?\n    * Wie viele Taxis fahren in München?\n    * Wie viele Taxis fahren in München?\n    * Wie viele Taxis fahren in München?\n    * Wie viele Taxis fahren in München?\n    * Wie viele Taxis fahren in München?\n    * Wie viele Taxis fahren in München?\n    * Wie viele Taxis fahren in München?\n    * Wie viele Taxis fahren in München?\n    * Wie viele Taxis fahren in München?\n    * Wie viele Taxis fahren in München?\n    * Wie viele Taxis fahren in München?\n    * Wie viele Taxis fahren in München?\n    * Wie viele Taxis fahren in München?\n    * Wie viele Taxis fahren in München?\n    * Wie viele Taxis fahren in München?\n    * Wie viele Taxis fahren in München?\n    * Wie viele Taxis fahren in München?\n    * Wie viele Taxis fahren in München?\n    * Wie viele Taxis fahren in München?\n    * Wie viele Taxis fahren in München?\n    * Wie viele Taxis fahren in München?\n    * Wie viele Taxis fahren in München?\n    * Wie viele Taxis fahren in München?\n    * Wie viele Taxis fahren in München?\n    * Wie viele Taxis fahren in München?\n    * Wie viele Taxis fahren in München?\n    * Wie viele Taxis fahren in München?\n    * Wie viele Taxis fahren in München?\n    * Wie viele Taxis fahren in München?\n    * Wie viele Taxis fahren in München?\n    * Wie viele Taxis fahren in München?\n    * Wie viele Taxis fahren in München?\n    * Wie viele Taxis fahren in München?\n    * Wie viele Taxis fahren in München?\n    * Wie viele Taxis fahren in München?\n    * Wie viele Taxis fahren in München?\n    * Wie viele Taxis fahren in München?\n    * Wie viele Taxis fahren in München?\n    * Wie viele Taxis fahren in München?\n    * Wie viele Taxis fahren in München?\n    * Wie viele Taxis fahren in München?\n    * Wie viele Taxis fahren in München?\n    * Wie viele Taxis fahren in München?\n    * Wie viele Taxis fahren in München?\n    * Wie viele Taxis fahren in München?\n    * Wie viele Taxis fahren in München?\n    * Wie viele Taxis fahren in München?\n    * Wie viele Taxis fahren in München?\n    * Wie viele Taxis fahren in München?\n    * Wie viele Taxis fahren in München?\n    * Wie viele Taxis fahren in München?\n    * Wie viele Taxis fahren in München?\n    * Wie viele Taxis fahren in München?\n    * Wie viele Taxis fahren in München?\n    * Wie viele Taxis fahren in München?\n    * Wie viele Taxis fahren in München?\n    * Wie viele Taxis fahren in München?\n    * Wie viele Taxis fahren in München?\n    * Wie viele Taxis fahren in München?\n    * Wie viele Taxis fahren in München?\n    * Wie viele Taxis fahren in München?\n    * Wie viele Taxis fahren in München?\n    * Wie viele Taxis fahren in München?\n    * Wie viele Taxis fahren in München?\n    * Wie viele Taxis fahren in München?\n    * Wie viele Taxis fahren in München?\n    * Wie viele Taxis fahren in München?\n    * Wie viele Taxis fahren
Der Migrationsbeirat vertritt seit über 40 Jahren ehrenamtlich die politischen Interessen von Münchnerinnen und Münchnern ohne deutschen Pass.;Der Migrations-Beirat vertritt die Interessen von Menschen ohne deutschen Pass.\nDer Migrations-Beirat ist eine Gruppe.\nIn der Gruppe arbeiten viele Menschen.\nDie Menschen arbeiten ehren-amtlich.\nDas bedeutet:\nDie Menschen arbeiten in ihrer Freizeit.\nDie Menschen bekommen für ihre Arbeit kein Geld.
Der Migrationsbeirat vertritt seit über 40 Jahren ehrenamtlich die politischen Interessen von Münchnerinnen und Münchnern ohne deutschen Pass. Seine Aufgabe ist es dabei, den Stadtrat und die Verwaltung in allen Fragen, die die ausländische Bevölkerung in München betrifft, zu beraten. Darüber hinaus engagiert er sich öffentlich für die politische, rechtliche, soziale und kulturelle Gleichstellung von Deutschen und Nichtdeutschen. In der monatlichen Sprechstunde der Vorsitzenden des Migrationsbeirates haben alle Bürgerinnen und Bürger die Möglichkeit, Fragen zum Zusammenleben der unterschiedlichen Bevölkerungsgruppen in München zu erörtern.\n\nAusländische und interkulturell orientierte Vereine, Gruppen und Initiativen in München können beim Migrationsbeirat Zuschussmittel für Integrationsveranstaltungen zu beantragen.;Der Migrations-Beirat vertritt die Interessen von Menschen ohne deutschen Pass in München.\nDer Migrations-Beirat berät den Stadtrat und die Verwaltung.\nIn allen Fragen, die Menschen ohne deutschen Pass in München betreffen.\nDer Migrations-Beirat setzt sich für die Gleich-Stellung von Deutschen und Nicht-Deutschen ein.\nGleich-Stellung bedeutet:\nAlle Menschen haben die gleichen Rechte.\nAlle Menschen haben die gleichen Pflichten.\nAlle Menschen haben die gleichen Chancen.\nDer Migrations-Beirat setzt sich für die Rechte von Menschen ohne deutschen Pass ein.\nDer Migrations-Beirat setzt sich für die Rechte von Menschen mit Migrations-Hintergrund ein.\nMenschen mit Migrations-Hintergrund sind zum Beispiel:\n* Menschen, die in einem anderen Land geboren sind.\n* Menschen, die in einem anderen Land aufgewachsen sind.\n* Menschen, die eine andere Sprache sprechen.\n* Menschen, die eine andere Kultur haben.\n* Menschen, die in einem anderen Land geheiratet haben.\n* Menschen, die in einem anderen Land studiert haben.\n* Menschen, die in einem anderen Land gearbeitet haben.\n* Menschen, die in einem anderen Land Urlaub machen.\n* Menschen, die in einem anderen Land Freunde haben.\n* Menschen, die in einem anderen Land Verwandte haben.\n* Menschen, die in einem anderen Land leben.\n* Menschen, die in einem anderen Land gelebt haben.\n* Menschen, die in einem anderen Land eingekauft haben.\n* Menschen, die in einem anderen Land gegessen haben.\n* Menschen, die in einem anderen Land getrunken haben.\n* Menschen, die in einem anderen Land Musik gehört haben.\n* Menschen, die in einem anderen Land Filme gesehen haben.\n* Menschen, die in einem anderen Land Bücher gelesen haben.\n* Menschen, die in einem anderen Land Zeitungen gelesen haben.\n* Menschen, die in einem anderen Land ins Theater gegangen sind.\n* Menschen, die in einem anderen Land ins Kino gegangen sind.\n* Menschen, die in einem anderen Land Sport gemacht haben.\n* Menschen, die in einem anderen Land spazieren gegangen sind.\n* Menschen, die in einem anderen Land gebacken haben.\n* Menschen, die in einem anderen Land gekocht haben.\n* Menschen, die in einem anderen Land gegärtnert haben.\n* Menschen, die in einem anderen Land geputzt haben.\n* Menschen, die in einem anderen Land gewaschen haben.\n* Menschen, die in einem anderen Land gebügelt haben.\n* Menschen, die in einem anderen Land gestrickt haben.\n* Menschen, die in einem anderen Land genäht haben.\n* Menschen, die in einem anderen Land gehäkelt haben.\n* Menschen, die in einem anderen Land gebastelt haben.\n* Menschen, die in einem anderen Land gemalt haben.\n* Menschen, die in einem anderen Land getöpfert haben.\n* Menschen, die in einem anderen Land getanzt haben.\n* Menschen, die in einem anderen Land gesungen haben.\n* Menschen, die in einem anderen Land musiziert haben.\n* Menschen, die in einem anderen Land Theater gespielt haben.\n* Menschen, die in einem anderen Land geschauspielert haben.\n* Menschen, die in einem anderen Land geturnt haben.\n* Menschen, die in einem anderen Land gejoggt haben.\n* Menschen, die in einem anderen Land gewandert haben.\n* Menschen, die in einem anderen Land geradelt haben.\n* Menschen, die in einem anderen Land geschwommen haben.\n* Menschen, die in einem anderen Land getaucht haben.\n* Menschen, die in einem anderen Land gesegelt haben.\n* Menschen, die in einem anderen Land geklettert haben.\n* Menschen, die in einem anderen Land Ski gefahren sind.\n* Menschen, die in einem anderen Land Schlitten gefahren sind.\n* Menschen, die in einem anderen Land gerodelt haben.\n* Menschen, die in einem anderen Land Schneemann gebaut haben.\n* Menschen, die in einem anderen Land Schneeballschlacht gemacht haben.\n* Menschen, die in einem anderen Land Schneeburg gebaut haben.\n* Menschen, die in einem anderen Land Schneefrau gebaut haben.\n* Menschen, die in einem anderen Land Schneemann gebaut haben.\n* Menschen, die in einem anderen Land Schneemann gebaut haben.\n* Menschen, die in einem anderen Land Schneemann gebaut haben.\n* Menschen, die in einem anderen Land Schneemann gebaut haben.\n* Menschen, die in einem anderen Land Schneemann gebaut haben.\n* Menschen, die in einem anderen Land Schneemann gebaut haben.\n* Menschen, die in einem anderen Land Schneemann gebaut haben.\n* Menschen, die in einem anderen Land Schneemann gebaut haben.\n* Menschen, die in einem anderen Land Schneemann gebaut haben.\n* Menschen, die in einem anderen Land Schneemann gebaut haben.\n* Menschen, die in einem anderen Land Schneemann gebaut haben.\n* Menschen, die in einem anderen Land Schneemann gebaut haben.\n* Menschen, die in einem anderen Land Schneemann gebaut haben.\n* Menschen, die in einem anderen Land Schneemann gebaut haben.\n* Menschen, die in einem anderen Land Schneemann gebaut haben.\n* Menschen, die in einem anderen Land Schneemann gebaut haben.\n* Menschen, die in einem anderen Land Schneemann gebaut haben.\n* Menschen, die in einem anderen Land Schneemann gebaut haben.\n* Menschen, die in einem anderen Land Schneemann gebaut haben.\n* Menschen, die in einem anderen Land Schneemann gebaut haben.\n* Menschen, die in einem anderen Land Schneemann gebaut haben.\n* Menschen, die in einem anderen Land Schneemann gebaut haben.\n* Menschen, die in einem anderen Land Schneemann gebaut haben.\n* Menschen, die in einem anderen Land Schneemann gebaut haben.\n* Menschen, die in einem anderen Land Schneemann gebaut haben.\n* Menschen, die in einem anderen Land Schneemann gebaut haben.\n* Menschen, die in einem anderen Land Schneemann gebaut haben.\n* Menschen, die in einem anderen Land Schneemann gebaut haben.\n* Menschen, die in einem anderen Land Schneemann gebaut haben.\n* Menschen, die in einem anderen Land Schneemann gebaut haben.\n* Menschen, die in einem anderen Land Schneemann gebaut haben.\n* Menschen, die in einem anderen Land Schneemann gebaut haben.\n* Menschen, die in einem anderen Land Schneemann gebaut haben.\n* Menschen, die in einem anderen Land Schneemann gebaut haben.\n* Menschen, die in einem anderen Land Schneemann gebaut haben.\n* Menschen, die in einem anderen Land Schneemann gebaut haben.\n* Menschen, die in einem anderen Land Schneemann gebaut haben.\n* Menschen, die in einem anderen Land Schneemann gebaut haben.\n* Menschen, die in einem anderen Land Schneemann gebaut haben.\n* Menschen, die in einem anderen Land Schneemann gebaut haben.\n* Menschen, die in einem anderen Land Schneemann gebaut haben.\n* Menschen, die in einem anderen Land Schneemann gebaut haben.\n* Menschen, die in einem anderen Land Schneemann gebaut haben.\n* Menschen, die in einem anderen Land Schneemann gebaut haben.\n* Menschen, die in einem anderen Land Schneemann gebaut haben.\n* Menschen, die in einem anderen Land Schneemann gebaut haben.\n* Menschen, die in einem anderen Land Schneemann gebaut haben.\n* Menschen, die in einem anderen Land Schneemann gebaut haben.\n* Menschen, die in einem anderen Land Schneemann gebaut haben.\n* Menschen, die in einem anderen Land Schneemann gebaut haben.\n* Menschen, die in einem anderen Land Schneemann gebaut haben.\n* Menschen, die in einem anderen Land Schneemann gebaut haben.\n* Menschen, die in einem anderen Land Schneemann gebaut haben.\n* Menschen, die in einem anderen Land Schneemann gebaut haben.\n* Menschen, die in einem anderen Land Schneemann gebaut haben.\n* Menschen, die in einem anderen Land Schneemann gebaut haben.\n* Menschen, die in einem anderen Land Schneemann gebaut haben.\n* Menschen, die in einem anderen Land Schneemann gebaut haben.\n* Menschen, die in einem anderen Land Schneemann gebaut haben.\n* Menschen, die in einem anderen Land Schneemann gebaut haben.\n* Menschen, die in einem anderen Land Schneemann gebaut haben.\n* Menschen, die in einem anderen Land Schneemann gebaut haben.\n* Menschen, die in einem anderen Land Schneemann gebaut haben.\n* Menschen, die in einem anderen Land Schneemann gebaut haben.\n* Menschen, die in einem anderen Land Schneemann gebaut haben.\n* Menschen, die in einem anderen Land Schneemann gebaut haben.\n* Menschen, die in einem anderen Land Schneemann gebaut haben.\n* Menschen, die in einem anderen Land Schneemann gebaut haben.\n* Menschen, die in einem anderen Land Schneemann gebaut haben.\n* Menschen, die in einem anderen Land Schneemann gebaut haben.\n* Menschen, die in einem anderen Land Schneemann gebaut haben.\n* Menschen, die in einem anderen Land Schneemann gebaut haben.\n* Menschen, die in einem anderen Land Schneemann gebaut haben.\n* Menschen, die in einem anderen Land Schneemann gebaut haben.\n* Menschen, die in einem anderen Land Schneemann gebaut haben.\n* Menschen, die in einem anderen Land Schneemann gebaut haben.\n* Menschen, die in einem anderen Land Schneemann gebaut haben.\n* Menschen, die in einem anderen Land Schneemann gebaut haben.\n* Menschen, die in einem anderen Land Schneemann gebaut haben.\n* Menschen, die in einem anderen Land Schneemann gebaut haben.\n* Menschen, die in einem anderen Land Schneemann gebaut haben.\n* Menschen, die in einem anderen Land Schneemann gebaut haben.\n* Menschen, die in einem anderen Land Schneemann gebaut haben.\n* Menschen, die in einem anderen Land Schneemann gebaut haben.\n* Menschen, die in einem anderen Land Schneemann gebaut haben.\n* Menschen, die in einem anderen Land Schneemann gebaut haben.\n* Menschen, die in einem anderen Land Schneemann gebaut haben.\n* Menschen, die in einem anderen Land Schneemann gebaut haben.\n* Menschen, die in einem anderen Land Schneemann gebaut haben.\n* Menschen, die in einem anderen Land Schneemann gebaut haben.\n* Menschen, die in einem anderen Land Schneemann gebaut haben.\n* Menschen, die in einem anderen Land Schneemann gebaut haben.\n* Menschen, die in einem anderen Land Schneemann gebaut haben.\n* Menschen, die in einem anderen Land Schneemann gebaut haben.\n* Menschen, die in einem anderen Land Schneemann gebaut haben.\n* Menschen, die in einem anderen Land Schneemann gebaut haben.\n* Menschen, die in einem anderen Land Schneemann gebaut haben.\n* Menschen, die in einem anderen Land Schneemann gebaut haben.\n* Menschen, die in einem anderen Land Schneemann gebaut haben.\n* Menschen, die in einem anderen Land Schneemann gebaut haben.\n* Menschen, die in einem anderen Land Schneemann gebaut haben.\n* Menschen, die in einem anderen Land Schneemann gebaut haben.\n* Menschen, die in einem anderen Land Schneemann gebaut haben.\n* Menschen, die in einem anderen Land Schneemann gebaut haben.\n* Menschen, die in einem anderen Land Schneemann gebaut haben.\n* Menschen, die in einem anderen Land Schneemann gebaut haben.\n* Menschen, die in einem anderen Land Schneemann gebaut haben.\n* Menschen, die in einem anderen Land Schneemann gebaut haben.\n* Menschen, die in einem anderen Land Schneemann gebaut haben.\n* Menschen, die in einem anderen Land Schneemann gebaut haben.\n* Menschen, die in einem anderen Land Schneemann gebaut haben.\n* Menschen, die in einem anderen Land Schneemann gebaut haben.\n* Menschen, die in einem anderen Land Schneemann gebaut haben.\n* Menschen, die in einem anderen Land Schneemann gebaut haben.\n* Menschen, die in einem anderen Land Schneemann gebaut haben.\n* Menschen, die in einem anderen Land Schneemann gebaut haben.\n* Menschen, die in einem anderen Land Schneemann gebaut haben.\n* Menschen, die in einem anderen Land Schneemann gebaut haben.\n* Menschen, die in einem anderen Land Schneemann gebaut haben.\n* Menschen, die in einem anderen Land Schneemann gebaut haben.\n* Menschen, die in einem anderen Land Schneemann gebaut haben.\n* Menschen, die in einem anderen Land Schneemann gebaut haben.\n* Menschen, die in einem anderen Land Schneemann gebaut haben.\n* Menschen, die in einem anderen Land Schneemann gebaut haben.\n* Menschen, die in einem anderen Land Schneemann gebaut haben.\n* Menschen, die in einem anderen Land Schneemann gebaut haben.\n* Menschen, die in einem anderen Land Schneemann gebaut haben.\n* Menschen, die in einem anderen Land Schneemann gebaut haben.\n* Menschen, die in einem anderen Land Schneemann gebaut haben.\n* Menschen, die in einem anderen Land Schneemann gebaut haben.\n* Menschen, die in einem anderen Land Schneemann gebaut haben.\n* Menschen, die in einem anderen Land Schneemann gebaut haben.\n* Menschen, die in einem anderen Land Schneemann gebaut haben.\n* Menschen, die in einem anderen Land Schneemann gebaut haben.\n* Menschen, die in einem anderen Land Schneemann gebaut haben.\n* Menschen, die in einem anderen Land Schneemann gebaut haben.\n* Menschen, die in einem anderen Land Schneemann gebaut haben.\n* Menschen, die in einem anderen Land Schneemann gebaut haben.\n* Menschen, die in einem anderen Land Schneemann gebaut haben.\n* Menschen, die in einem anderen Land Schneemann gebaut haben.\n* Menschen, die in einem anderen Land Schneemann gebaut haben.\n* Menschen, die in einem anderen Land Schneemann gebaut haben.\n* Menschen, die in einem anderen Land Schneemann gebaut haben.\n* Menschen, die in einem anderen Land Schneemann gebaut haben.\n* Menschen, die in einem anderen Land Schneemann gebaut haben.\n* Menschen, die in einem anderen Land Schneemann gebaut haben.\n* Menschen, die in einem anderen Land Schneemann gebaut haben.\n* Menschen, die in einem anderen Land Schneemann gebaut haben.\n* Menschen, die in einem anderen Land Schneemann gebaut haben.\n* Menschen, die in einem anderen Land Schneemann gebaut haben.\n* Menschen, die in einem anderen Land Schneemann gebaut haben.\n* Menschen, die in einem anderen Land Schneemann gebaut haben.\n* Menschen, die in einem anderen Land Schneemann gebaut haben.\n* Menschen, die in einem anderen Land Schneemann gebaut haben.\n* Menschen, die in einem anderen Land Schneemann gebaut haben.\n* Menschen, die in einem anderen Land Schneemann gebaut haben.\n* Menschen, die in einem anderen Land Schneemann gebaut haben.\n* Menschen, die in einem anderen Land Schneemann gebaut haben.\n* Menschen, die in einem anderen Land Schneemann gebaut haben.\n* Menschen, die in einem anderen Land Schneemann gebaut haben.\n* Menschen, die in einem anderen Land Schneemann gebaut haben.\n* Menschen, die in einem anderen Land Schneemann gebaut haben.\n* Menschen, die in einem anderen Land Schneemann gebaut haben.\n* Menschen, die in einem anderen Land Schneemann gebaut haben.\n* Menschen, die in einem anderen Land Schneemann gebaut haben.\n* Menschen, die in einem anderen Land Schneemann gebaut haben.\n* Menschen, die in einem anderen Land Schneemann gebaut haben.\n* Menschen, die in einem anderen Land Schneemann gebaut haben.\n* Menschen, die in einem anderen Land Schneemann gebaut haben.\n* Menschen, die in einem anderen Land Schneemann gebaut haben.\n* Menschen, die in einem anderen Land Schneemann gebaut haben.\n* Menschen, die in einem anderen Land Schneemann gebaut haben.\n* Menschen, die in einem anderen Land Schneemann gebaut haben.\n* Menschen, die in einem anderen Land Schneemann gebaut haben.\n* Menschen, die in einem anderen Land Schneemann gebaut haben.\n* Menschen, die in einem anderen Land Schneemann gebaut haben.\n* Menschen, die in einem anderen Land Schneemann gebaut haben.\n* Menschen, die in einem anderen Land Schneemann gebaut haben.\n* Menschen, die in einem anderen Land Schneemann gebaut haben.\n* Menschen, die in einem anderen Land Schneemann gebaut haben.\n* Menschen, die in einem anderen Land Schneemann gebaut haben.\n* Menschen, die in einem anderen Land Schneemann gebaut haben.\n* Menschen, die in einem anderen Land Schneemann gebaut haben.\n* Menschen, die in einem anderen Land Schneemann gebaut haben.\n* Menschen, die in einem anderen Land Schneemann gebaut haben.\n* Menschen, die in einem anderen Land Schneemann gebaut haben.\n* Menschen, die in einem anderen Land Schneemann gebaut haben.\n* Menschen, die in einem anderen Land Schneemann gebaut haben.\n* Menschen, die in einem anderen Land Schneemann gebaut haben.\n* Menschen, die in einem anderen Land Schneemann gebaut haben.\n* Menschen, die in einem anderen Land Schneemann gebaut haben.\n* Menschen, die in einem anderen Land Schneemann gebaut haben.\n* Menschen, die in einem anderen Land Schneemann gebaut haben.\n* Menschen, die in einem anderen Land Schneemann gebaut haben.\n* Menschen, die in einem anderen Land Schneemann gebaut haben.\n* Menschen, die in einem anderen Land Schneemann gebaut haben.\n* Menschen, die in einem anderen Land Schneemann gebaut haben.\n* Menschen, die in einem anderen Land Schneemann gebaut haben.\n* Menschen, die in einem anderen Land Schneemann gebaut haben.\n* Menschen, die in einem anderen Land Schneemann gebaut haben.\n* Menschen, die in einem anderen Land Schneemann gebaut haben.\n* Menschen, die in einem anderen Land Schneemann gebaut haben.\n* Menschen, die in einem anderen Land Schneemann gebaut haben.\n* Menschen, die in einem anderen Land Schneemann gebaut haben.\n* Menschen, die in einem anderen Land Schneemann gebaut haben.\n* Menschen, die in einem anderen Land Schneemann gebaut haben.\n* Menschen, die in einem anderen Land Schneemann gebaut haben.\n* Menschen, die in einem anderen Land Schneemann gebaut haben.\n* Menschen, die in einem anderen Land Schneemann gebaut haben.\n* Menschen, die in einem anderen Land Schneemann gebaut haben.\n* Menschen, die in einem anderen Land Schneemann gebaut haben.\n* Menschen, die in einem anderen Land Schneemann gebaut haben.\n* Menschen, die in einem anderen Land Schneemann gebaut
Der Seniorenbeirat tritt für die Interessen von mehr als 300.000 Menschen in München über 60 in Gesellschaft und Politik ein.;Der Senioren-Beirat vertritt die Interessen von Senioren in München.\nSenioren sind ältere Menschen.\nZum Beispiel:\n* Rentner\n* Rentnerinnen\n* Menschen, die in Rente gehen\n* Menschen, die kurz vor der Rente stehen\n* Menschen, die schon lange in Rente sind\n* Menschen, die nicht in Rente gehen können\n* Menschen, die nicht in Rente gehen wollen\n* Menschen, die nicht in Rente gehen dürfen\n* Menschen, die nicht in Rente gehen\n* Menschen, die nicht in Rente gehen können\n* Menschen, die nicht in Rente gehen wollen\n* Menschen, die nicht in Rente gehen dürfen\n* Menschen, die nicht in Rente gehen\n* Menschen, die nicht in Rente gehen können\n* Menschen, die nicht in Rente gehen wollen\n* Menschen, die nicht in Rente gehen dürfen\n* Menschen, die nicht in Rente gehen\n* Menschen, die nicht in Rente gehen können\n* Menschen, die nicht in Rente gehen wollen\n* Menschen, die nicht in Rente gehen dürfen\n* Menschen, die nicht in Rente gehen\n* Menschen, die nicht in Rente gehen können\n* Menschen, die nicht in Rente gehen wollen\n* Menschen, die nicht in Rente gehen dürfen\n* Menschen, die nicht in Rente gehen\n* Menschen, die nicht in Rente gehen können\n* Menschen, die nicht in Rente gehen wollen\n* Menschen, die nicht in Rente gehen dürfen\n* Menschen, die nicht in Rente gehen\n* Menschen, die nicht in Rente gehen können\n* Menschen, die nicht in Rente gehen wollen\n* Menschen, die nicht in Rente gehen dürfen\n* Menschen, die nicht in Rente gehen\n* Menschen, die nicht in Rente gehen können\n* Menschen, die nicht in Rente gehen wollen\n* Menschen, die nicht in Rente gehen dürfen\n* Menschen, die nicht in Rente gehen\n* Menschen, die nicht in Rente gehen können\n* Menschen, die nicht in Rente gehen wollen\n* Menschen, die nicht in Rente gehen dürfen\n* Menschen, die nicht in Rente gehen\n* Menschen, die nicht in Rente gehen können\n* Menschen, die nicht in Rente gehen wollen\n* Menschen, die nicht in Rente gehen dürfen\n* Menschen, die nicht in Rente gehen\n* Menschen, die nicht in Rente gehen können\n* Menschen, die nicht in Rente gehen wollen\n* Menschen, die nicht in Rente gehen dürfen\n* Menschen, die nicht in Rente gehen\n* Menschen, die nicht in Rente gehen können\n* Menschen, die nicht in Rente gehen wollen\n* Menschen, die nicht in Rente gehen dürfen\n* Menschen, die nicht in Rente gehen\n* Menschen, die nicht in Rente gehen können\n* Menschen, die nicht in Rente gehen wollen\n* Menschen, die nicht in Rente gehen dürfen\n* Menschen, die nicht in Rente gehen\n* Menschen, die nicht in Rente gehen können\n* Menschen, die nicht in Rente gehen wollen\n* Menschen, die nicht in Rente gehen dürfen\n* Menschen, die nicht in Rente gehen\n* Menschen, die nicht in Rente gehen können\n* Menschen, die nicht in Rente gehen wollen\n* Menschen, die nicht in Rente gehen dürfen\n* Menschen, die nicht in Rente gehen\n* Menschen, die nicht in Rente gehen können\n* Menschen, die nicht in Rente gehen wollen\n* Menschen, die nicht in Rente gehen dürfen\n* Menschen, die nicht in Rente gehen\n* Menschen, die nicht in Rente gehen können\n* Menschen, die nicht in Rente gehen wollen\n* Menschen, die nicht in Rente gehen dürfen\n* Menschen, die nicht in Rente gehen\n* Menschen, die nicht in Rente gehen können\n* Menschen, die nicht in Rente gehen wollen\n* Menschen, die nicht in Rente gehen dürfen\n* Menschen, die nicht in Rente gehen\n* Menschen, die nicht in Rente gehen können\n* Menschen, die nicht in Rente gehen wollen\n* Menschen, die nicht in Rente gehen dürfen\n* Menschen, die nicht in Rente gehen\n* Menschen, die nicht in Rente gehen können\n* Menschen, die nicht in Rente gehen wollen\n* Menschen, die nicht in Rente gehen dürfen\n* Menschen, die nicht in Rente gehen\n* Menschen, die nicht in Rente gehen können\n* Menschen, die nicht in Rente gehen wollen\n* Menschen, die nicht in Rente gehen dürfen\n* Menschen, die nicht in Rente gehen\n* Menschen, die nicht in Rente gehen können\n* Menschen, die nicht in Rente gehen wollen\n* Menschen, die nicht in Rente gehen dürfen\n* Menschen, die nicht in Rente gehen\n* Menschen, die nicht in Rente gehen können\n* Menschen, die nicht in Rente gehen wollen\n* Menschen, die nicht in Rente gehen dürfen\n* Menschen, die nicht in Rente gehen\n* Menschen, die nicht in Rente gehen können\n* Menschen, die nicht in Rente gehen wollen\n* Menschen, die nicht in Rente gehen dürfen\n* Menschen, die nicht in Rente gehen\n* Menschen, die nicht in Rente gehen können\n* Menschen, die nicht in Rente gehen wollen\n* Menschen, die nicht in Rente gehen dürfen\n* Menschen, die nicht in Rente gehen\n* Menschen, die nicht in Rente gehen können\n* Menschen, die nicht in Rente gehen wollen\n* Menschen, die nicht in Rente gehen dürfen\n* Menschen, die nicht in Rente gehen\n* Menschen, die nicht in Rente gehen können\n* Menschen, die nicht in Rente gehen wollen\n* Menschen, die nicht in Rente gehen dürfen\n* Menschen, die nicht in Rente gehen\n* Menschen, die nicht in Rente gehen können\n* Menschen, die nicht in Rente gehen wollen\n* Menschen, die nicht in Rente gehen dürfen\n* Menschen, die nicht in Rente gehen\n* Menschen, die nicht in Rente gehen können\n* Menschen, die nicht in Rente gehen wollen\n* Menschen, die nicht in Rente gehen dürfen\n* Menschen, die nicht in Rente gehen\n* Menschen, die nicht in Rente gehen können\n* Menschen, die nicht in Rente gehen wollen\n* Menschen, die nicht in Rente gehen dürfen\n* Menschen, die nicht in Rente gehen\n* Menschen, die nicht in Rente gehen können\n* Menschen, die nicht in Rente gehen wollen\n* Menschen, die nicht in Rente gehen dürfen\n* Menschen, die nicht in Rente gehen\n* Menschen, die nicht in Rente gehen können\n* Menschen, die nicht in Rente gehen wollen\n* Menschen, die nicht in Rente gehen dürfen\n* Menschen, die nicht in Rente gehen\n* Menschen, die nicht in Rente gehen können\n* Menschen, die nicht in Rente gehen wollen\n* Menschen, die nicht in Rente gehen dürfen\n* Menschen, die nicht in Rente gehen\n* Menschen, die nicht in Rente gehen können\n* Menschen, die nicht in Rente gehen wollen\n* Menschen, die nicht in Rente gehen dürfen\n* Menschen, die nicht in Rente gehen\n* Menschen, die nicht in Rente gehen können\n* Menschen, die nicht in Rente gehen wollen\n* Menschen, die nicht in Rente gehen dürfen\n* Menschen, die nicht in Rente gehen\n* Menschen, die nicht in Rente gehen können\n* Menschen, die nicht in Rente gehen wollen\n* Menschen, die nicht in Rente gehen dürfen\n* Menschen, die nicht in Rente gehen\n* Menschen, die nicht in Rente gehen können\n* Menschen, die nicht in Rente gehen wollen\n* Menschen, die nicht in Rente gehen dürfen\n* Menschen, die nicht in Rente gehen\n* Menschen, die nicht in Rente gehen können\n* Menschen, die nicht in Rente gehen wollen\n* Menschen, die nicht in Rente gehen dürfen\n* Menschen, die nicht in Rente gehen\n* Menschen, die nicht in Rente gehen können\n* Menschen, die nicht in Rente gehen wollen\n* Menschen, die nicht in Rente gehen dürfen\n* Menschen, die nicht in Rente gehen\n* Menschen, die nicht in Rente gehen können\n* Menschen, die nicht in Rente gehen wollen\n* Menschen, die nicht in Rente gehen dürfen\n* Menschen, die nicht in Rente gehen\n* Menschen, die nicht in Rente gehen können\n* Menschen, die nicht in Rente gehen wollen\n* Menschen, die nicht in Rente gehen dürfen\n* Menschen, die nicht in Rente gehen\n* Menschen, die nicht in Rente gehen können\n* Menschen, die nicht in Rente gehen wollen\n* Menschen, die nicht in Rente gehen dürfen\n* Menschen, die nicht in Rente gehen\n* Menschen, die nicht in Rente gehen können\n* Menschen, die nicht in Rente gehen wollen\n* Menschen, die nicht in Rente gehen dürfen\n* Menschen, die nicht in Rente gehen\n* Menschen, die nicht in Rente gehen können\n* Menschen, die nicht in Rente gehen wollen\n* Menschen, die nicht in Rente gehen dürfen\n* Menschen, die nicht in Rente gehen\n* Menschen, die nicht in Rente gehen können\n* Menschen, die nicht in Rente gehen wollen\n* Menschen, die nicht in Rente gehen dürfen\n* Menschen, die nicht in Rente gehen\n* Menschen, die nicht in Rente gehen können\n* Menschen, die nicht in Rente gehen wollen\n* Menschen, die nicht in Rente gehen dürfen\n* Menschen, die nicht in Rente gehen\n* Menschen, die nicht in Rente gehen können\n* Menschen, die nicht in Rente gehen wollen\n* Menschen, die nicht in Rente gehen dürfen\n* Menschen, die nicht in Rente gehen\n* Menschen, die nicht in Rente gehen können\n* Menschen, die nicht in Rente gehen wollen\n* Menschen, die nicht in Rente gehen dürfen\n* Menschen, die nicht in Rente gehen\n* Menschen, die nicht in Rente gehen können\n* Menschen, die nicht in Rente gehen wollen\n* Menschen, die nicht in Rente gehen dürfen\n* Menschen, die nicht in Rente gehen\n* Menschen, die nicht in Rente gehen können\n* Menschen, die nicht in Rente gehen wollen\n* Menschen, die nicht in Rente gehen dürfen\n* Menschen, die nicht in Rente gehen\n* Menschen, die nicht in Rente gehen können\n* Menschen, die nicht in Rente gehen wollen\n* Menschen, die nicht in Rente gehen dürfen\n* Menschen, die nicht in Rente gehen\n* Menschen, die nicht in Rente gehen können\n* Menschen, die nicht in Rente gehen wollen\n* Menschen, die nicht in Rente gehen dürfen\n* Menschen, die nicht in Rente gehen\n* Menschen, die nicht in Rente gehen können\n* Menschen, die nicht in Rente gehen wollen\n* Menschen, die nicht in Rente gehen dürfen\n* Menschen, die nicht in Rente gehen\n* Menschen, die nicht in Rente gehen können\n* Menschen, die nicht in Rente gehen wollen\n* Menschen, die nicht in Rente gehen dürfen\n* Menschen, die nicht in Rente gehen\n* Menschen, die nicht in Rente gehen können\n* Menschen, die nicht in Rente gehen wollen\n* Menschen, die nicht in Rente gehen dürfen\n* Menschen, die nicht in Rente gehen\n* Menschen, die nicht in Rente gehen können\n* Menschen, die nicht in Rente gehen wollen\n* Menschen, die nicht in Rente gehen dürfen\n* Menschen, die nicht in Rente gehen\n* Menschen, die nicht in Rente gehen können\n* Menschen, die nicht in Rente gehen wollen\n* Menschen, die nicht in Rente gehen dürfen\n* Menschen, die nicht in Rente gehen\n* Menschen, die nicht in Rente gehen können\n* Menschen, die nicht in Rente gehen wollen\n* Menschen, die nicht in Rente gehen dürfen\n* Menschen, die nicht in Rente gehen\n* Menschen, die nicht in Rente gehen können\n* Menschen, die nicht in Rente gehen wollen\n* Menschen, die nicht in Rente gehen dürfen\n* Menschen, die nicht in Rente gehen\n* Menschen, die nicht in Rente gehen können\n* Menschen, die nicht in Rente gehen wollen\n* Menschen, die nicht in Rente gehen dürfen\n* Menschen, die nicht in Rente gehen\n* Menschen, die nicht in Rente gehen können\n* Menschen, die nicht in Rente gehen wollen\n* Menschen, die nicht in Rente gehen dürfen\n* Menschen, die nicht in Rente gehen\n* Menschen, die nicht in Rente gehen können\n* Menschen, die nicht in Rente gehen wollen\n* Menschen, die nicht in Rente gehen dürfen\n* Menschen, die nicht in Rente gehen\n* Menschen, die nicht in Rente gehen können\n* Menschen, die nicht in Rente gehen wollen\n* Menschen, die nicht in Rente gehen dürfen\n* Menschen, die nicht in Rente gehen\n* Menschen, die nicht in Rente gehen können\n* Menschen, die nicht in Rente gehen wollen\n* Menschen, die nicht in Rente gehen dürfen\n* Menschen, die nicht in Rente gehen\n* Menschen, die nicht in Rente gehen können\n* Menschen, die nicht in Rente gehen wollen\n* Menschen, die nicht in Rente gehen dürfen\n* Menschen, die nicht in Rente gehen\n* Menschen, die nicht in Rente gehen können\n* Menschen, die nicht in Rente gehen wollen\n* Menschen, die nicht in Rente gehen dürfen\n* Menschen, die nicht in Rente gehen\n* Menschen, die nicht in Rente gehen können\n* Menschen, die nicht in Rente gehen wollen\n* Menschen, die nicht in Rente gehen dürfen\n* Menschen, die nicht in Rente gehen\n* Menschen, die nicht in Rente gehen können\n* Menschen, die nicht in Rente gehen wollen\n* Menschen, die nicht in Rente gehen dürfen\n* Menschen, die nicht in Rente gehen\n* Menschen, die nicht in Rente gehen können\n* Menschen, die nicht in Rente gehen wollen\n* Menschen, die nicht in Rente gehen dürfen\n* Menschen, die nicht in Rente gehen\n* Menschen, die nicht in Rente gehen können\n* Menschen, die nicht in Rente gehen wollen\n* Menschen, die nicht in Rente gehen dürfen\n* Menschen, die nicht in Rente gehen\n* Menschen, die nicht in Rente gehen können\n* Menschen, die nicht in Rente gehen wollen\n* Menschen, die nicht in Rente gehen dürfen\n* Menschen, die nicht in Rente gehen\n* Menschen, die nicht in Rente gehen können\n* Menschen, die nicht in Rente gehen wollen\n* Menschen, die nicht in Rente gehen dürfen\n* Menschen, die nicht in Rente gehen\n* Menschen, die nicht in Rente gehen können\n* Menschen, die nicht in Rente gehen wollen\n* Menschen, die nicht in Rente gehen dürfen\n* Menschen, die nicht in Rente gehen\n* Menschen, die nicht in Rente gehen können\n* Menschen, die nicht in Rente gehen wollen\n* Menschen, die nicht in Rente gehen dürfen\n* Menschen, die nicht in Rente gehen\n* Menschen, die nicht in Rente gehen können\n* Menschen, die nicht in Rente gehen wollen\n* Menschen, die nicht in Rente gehen dürfen\n* Menschen, die nicht in Rente gehen\n* Menschen, die nicht in Rente gehen können\n* Menschen, die nicht in Rente gehen wollen\n* Menschen, die nicht in Rente gehen dürfen\n* Menschen, die nicht in Rente gehen\n* Menschen, die nicht in Rente gehen können\n* Menschen, die nicht in Rente gehen wollen\n* Menschen, die nicht in Rente gehen dürfen\n* Menschen, die nicht in Rente gehen\n* Menschen, die nicht in Rente gehen können\n* Menschen, die nicht in Rente gehen wollen\n* Menschen, die nicht in Rente gehen dürfen\n* Menschen, die nicht in Rente gehen\n* Menschen, die nicht in Rente gehen können\n* Menschen, die nicht in Rente gehen wollen\n* Menschen, die nicht in Rente gehen dürfen\n* Menschen, die nicht in Rente gehen\n* Menschen, die nicht in Rente gehen können\n* Menschen, die nicht in Rente gehen wollen\n* Menschen, die nicht in Rente gehen dürfen\n* Menschen, die nicht in Rente gehen\n* Menschen, die nicht in Rente gehen können\n* Menschen, die nicht in Rente gehen wollen\n* Menschen, die nicht in Rente gehen dürfen\n* Menschen, die nicht in Rente gehen\n* Menschen, die nicht in Rente gehen können\n* Menschen, die nicht in Rente gehen wollen\n* Menschen, die nicht in Rente gehen dürfen\n* Menschen, die nicht in Rente gehen\n* Menschen, die nicht in Rente gehen können\n* Menschen, die nicht in Rente gehen wollen\n* Menschen, die nicht in Rente gehen dürfen\n* Menschen, die nicht in Rente gehen\n* Menschen, die nicht in Rente gehen können\n* Menschen, die nicht in Rente gehen wollen\n* Menschen, die nicht in Rente gehen dürfen\n* Menschen, die nicht in Rente gehen\n* Menschen, die nicht in Rente gehen können\n* Menschen, die nicht in Rente gehen wollen\n* Menschen, die nicht in Rente gehen dürfen\n* Menschen, die nicht in Rente gehen\n* Menschen, die nicht in Rente gehen können\n* Menschen, die nicht in Rente gehen wollen\n* Menschen, die nicht in Rente gehen dürfen\n* Menschen, die nicht in Rente gehen\n* Menschen, die nicht in Rente gehen können\n* Menschen, die nicht in Rente gehen wollen\n* Menschen, die nicht in Rente gehen dürfen\n* Menschen, die nicht in Rente gehen\n* Menschen, die nicht in Rente gehen können\n* Menschen, die nicht in Rente gehen wollen\n* Menschen, die nicht in Rente gehen dürfen\n* Menschen, die nicht in Rente gehen\n* Menschen, die nicht in Rente gehen können\n* Menschen, die nicht in Rente gehen wollen\n* Menschen, die nicht in Rente gehen dürfen\n* Menschen, die nicht in Rente gehen\n* Menschen, die nicht in Rente gehen können\n* Menschen, die nicht in Rente gehen wollen\n* Menschen, die nicht in Rente gehen dürfen\n* Menschen, die nicht in Rente gehen\n* Menschen, die nicht in Rente gehen können\n* Menschen, die nicht in Rente gehen wollen\n* Menschen, die nicht in Rente gehen dürfen\n* Menschen, die nicht in Rente gehen\n* Menschen, die nicht in Rente gehen können\n* Menschen, die nicht in Rente
Die Seniorenvertretung ist seit dem Gründungsjahr 1978 aktiver Bestandteil der Kommunalpolitik Münchens und somit eine der ältesten Seniorenvertretungen bundesweit. Sie ist ein parteiunabhängiges und ehrenamtliches Gremium, das von Münchner*innen, die 60 Jahre oder älter sind, gewählt wird.;Die Senioren-Vertretung ist eine Gruppe.\nDie Gruppe vertritt die Interessen von Senioren.\nSenioren sind ältere Menschen.\nDie Senioren-Vertretung ist in München.\nDie Senioren-Vertretung ist unabhängig.\nDas bedeutet:\nDie Senioren-Vertretung ist für alle Senioren da.\nDie Senioren-Vertretung ist nicht an eine Partei gebunden.\nDie Senioren-Vertretung ist ehren-amtlich.\nDas bedeutet:\nDie Mitglieder von der Senioren-Vertretung arbeiten ohne Geld.\nDie Mitglieder von der Senioren-Vertretung arbeiten in ihrer Freizeit.\nDie Senioren-Vertretung wird alle 4 Jahre neu gewählt.\nDas bedeutet:\nAlle Senioren in München können wählen.\nAlle Senioren in München können sich zur Wahl stellen.\nDas bedeutet:\nDie Senioren-Vertretung ist ein Gremium.\nEin Gremium ist eine Gruppe von Menschen.\nDie Menschen arbeiten zusammen.\nDie Menschen arbeiten für ein bestimmtes Ziel.\nDas Ziel von der Senioren-Vertretung ist:\nDie Senioren-Vertretung will die Lebens-Qualität von Senioren in München verbessern.\nLebens-Qualität bedeutet:\nEs geht den Menschen gut.\nDie Menschen fühlen sich wohl.\nDie Menschen sind gesund.\nDie Menschen haben genug Geld.\nDie Menschen haben genug zu essen.\nDie Menschen haben genug zu trinken.\nDie Menschen haben genug Kleidung.\nDie Menschen haben genug Freizeit-Angebote.\nDie Menschen haben genug Wohn-Raum.\nDie Menschen haben genug Hilfe.\nDie Menschen haben genug Unterstützung.\nDie Menschen haben genug Beratung.\nDie Menschen haben genug Informationen.\nDie Menschen haben genug Mit-Bestimmung.\nDie Menschen haben genug Selbst-Bestimmung.\nSelbst-Bestimmung bedeutet:\nMenschen können selbst entscheiden.\nMenschen können selbst bestimmen.\nMenschen können selbst mitreden.\nMenschen können selbst mit-bestimmen.\nMenschen können selbst wählen.\nMenschen können selbst wählen, was sie machen.\nMenschen können selbst wählen, was sie sagen.\nMenschen können selbst wählen, was sie anziehen.\nMenschen können selbst wählen, was sie essen.\nMenschen können selbst wählen, was sie trinken.\nMenschen können selbst wählen, wo sie wohnen.\nMenschen können selbst wählen, mit wem sie zusammen leben.\nMenschen können selbst wählen, was sie in ihrer Freizeit machen.\nMenschen können selbst wählen, was sie arbeiten.\nMenschen können selbst wählen, was sie in ihrer Arbeit machen.\nMenschen können selbst wählen, was sie in ihrer Freizeit machen.\nMenschen können selbst wählen, was sie in ihrer Freizeit machen.\nMenschen können selbst wählen, was sie in ihrer Freizeit machen.\nMenschen können selbst wählen, was sie in ihrer Freizeit machen.\nMenschen können selbst wählen, was sie in ihrer Freizeit machen.\nMenschen können selbst wählen, was sie in ihrer Freizeit machen.\nMenschen können selbst wählen, was sie in ihrer Freizeit machen.\nMenschen können selbst wählen, was sie in ihrer Freizeit machen.\nMenschen können selbst wählen, was sie in ihrer Freizeit machen.\nMenschen können selbst wählen, was sie in ihrer Freizeit machen.\nMenschen können selbst wählen, was sie in ihrer Freizeit machen.\nMenschen können selbst wählen, was sie in ihrer Freizeit machen.\nMenschen können selbst wählen, was sie in ihrer Freizeit machen.\nMenschen können selbst wählen, was sie in ihrer Freizeit machen.\nMenschen können selbst wählen, was sie in ihrer Freizeit machen.\nMenschen können selbst wählen, was sie in ihrer Freizeit machen.\nMenschen können selbst wählen, was sie in ihrer Freizeit machen.\nMenschen können selbst wählen, was sie in ihrer Freizeit machen.\nMenschen können selbst wählen, was sie in ihrer Freizeit machen.\nMenschen können selbst wählen, was sie in ihrer Freizeit machen.\nMenschen können selbst wählen, was sie in ihrer Freizeit machen.\nMenschen können selbst wählen, was sie in ihrer Freizeit machen.\nMenschen können selbst wählen, was sie in ihrer Freizeit machen.\nMenschen können selbst wählen, was sie in ihrer Freizeit machen.\nMenschen können selbst wählen, was sie in ihrer Freizeit machen.\nMenschen können selbst wählen, was sie in ihrer Freizeit machen.\nMenschen können selbst wählen, was sie in ihrer Freizeit machen.\nMenschen können selbst wählen, was sie in ihrer Freizeit machen.\nMenschen können selbst wählen, was sie in ihrer Freizeit machen.\nMenschen können selbst wählen, was sie in ihrer Freizeit machen.\nMenschen können selbst wählen, was sie in ihrer Freizeit machen.\nMenschen können selbst wählen, was sie in ihrer Freizeit machen.\nMenschen können selbst wählen, was sie in ihrer Freizeit machen.\nMenschen können selbst wählen, was sie in ihrer Freizeit machen.\nMenschen können selbst wählen, was sie in ihrer Freizeit machen.\nMenschen können selbst wählen, was sie in ihrer Freizeit machen.\nMenschen können selbst wählen, was sie in ihrer Freizeit machen.\nMenschen können selbst wählen, was sie in ihrer Freizeit machen.\nMenschen können selbst wählen, was sie in ihrer Freizeit machen.\nMenschen können selbst wählen, was sie in ihrer Freizeit machen.\nMenschen können selbst wählen, was sie in ihrer Freizeit machen.\nMenschen können selbst wählen, was sie in ihrer Freizeit machen.\nMenschen können selbst wählen, was sie in ihrer Freizeit machen.\nMenschen können selbst wählen, was sie in ihrer Freizeit machen.\nMenschen können selbst wählen, was sie in ihrer Freizeit machen.\nMenschen können selbst wählen, was sie in ihrer Freizeit machen.\nMenschen können selbst wählen, was sie in ihrer Freizeit machen.\nMenschen können selbst wählen, was sie in ihrer Freizeit machen.\nMenschen können selbst wählen, was sie in ihrer Freizeit machen.\nMenschen können selbst wählen, was sie in ihrer Freizeit machen.\nMenschen können selbst wählen, was sie in ihrer Freizeit machen.\nMenschen können selbst wählen, was sie in ihrer Freizeit machen.\nMenschen können selbst wählen, was sie in ihrer Freizeit machen.\nMenschen können selbst wählen, was sie in ihrer Freizeit machen.\nMenschen können selbst wählen, was sie in ihrer Freizeit machen.\nMenschen können selbst wählen, was sie in ihrer Freizeit machen.\nMenschen können selbst wählen, was sie in ihrer Freizeit machen.\nMenschen können selbst wählen, was sie in ihrer Freizeit machen.\nMenschen können selbst wählen, was sie in ihrer Freizeit machen.\nMenschen können selbst wählen, was sie in ihrer Freizeit machen.\nMenschen können selbst wählen, was sie in ihrer Freizeit machen.\nMenschen können selbst wählen, was sie in ihrer Freizeit machen.\nMenschen können selbst wählen, was sie in ihrer Freizeit machen.\nMenschen können selbst wählen, was sie in ihrer Freizeit machen.\nMenschen können selbst wählen, was sie in ihrer Freizeit machen.\nMenschen können selbst wählen, was sie in ihrer Freizeit machen.\nMenschen können selbst wählen, was sie in ihrer Freizeit machen.\nMenschen können selbst wählen, was sie in ihrer Freizeit machen.\nMenschen können selbst wählen, was sie in ihrer Freizeit machen.\nMenschen können selbst wählen, was sie in ihrer Freizeit machen.\nMenschen können selbst wählen, was sie in ihrer Freizeit machen.\nMenschen können selbst wählen, was sie in ihrer Freizeit machen.\nMenschen können selbst wählen, was sie in ihrer Freizeit machen.\nMenschen können selbst wählen, was sie in ihrer Freizeit machen.\nMenschen können selbst wählen, was sie in ihrer Freizeit machen.\nMenschen können selbst wählen, was sie in ihrer Freizeit machen.\nMenschen können selbst wählen, was sie in ihrer Freizeit machen.\nMenschen können selbst wählen, was sie in ihrer Freizeit machen.\nMenschen können selbst wählen, was sie in ihrer Freizeit machen.\nMenschen können selbst wählen, was sie in ihrer Freizeit machen.\nMenschen können selbst wählen, was sie in ihrer Freizeit machen.\nMenschen können selbst wählen, was sie in ihrer Freizeit machen.\nMenschen können selbst wählen, was sie in ihrer Freizeit machen.\nMenschen können selbst wählen, was sie in ihrer Freizeit machen.\nMenschen können selbst wählen, was sie in ihrer Freizeit machen.\nMenschen können selbst wählen, was sie in ihrer Freizeit machen.\nMenschen können selbst wählen, was sie in ihrer Freizeit machen.\nMenschen können selbst wählen, was sie in ihrer Freizeit machen.\nMenschen können selbst wählen, was sie in ihrer Freizeit machen.\nMenschen können selbst wählen, was sie in ihrer Freizeit machen.\nMenschen können selbst wählen, was sie in ihrer Freizeit machen.\nMenschen können selbst wählen, was sie in ihrer Freizeit machen.\nMenschen können selbst wählen, was sie in ihrer Freizeit machen.\nMenschen können selbst wählen, was sie in ihrer Freizeit machen.\nMenschen können selbst wählen, was sie in ihrer Freizeit machen.\nMenschen können selbst wählen, was sie in ihrer Freizeit machen.\nMenschen können selbst wählen, was sie in ihrer Freizeit machen.\nMenschen können selbst wählen, was sie in ihrer Freizeit machen.\nMenschen können selbst wählen, was sie in ihrer Freizeit machen.\nMenschen können selbst wählen, was sie in ihrer Freizeit machen.\nMenschen können selbst wählen, was sie in ihrer Freizeit machen.\nMenschen können selbst wählen, was sie in ihrer Freizeit machen.\nMenschen können selbst wählen, was sie in ihrer Freizeit machen.\nMenschen können selbst wählen, was sie in ihrer Freizeit machen.\nMenschen können selbst wählen, was sie in ihrer Freizeit machen.\nMenschen können selbst wählen, was sie in ihrer Freizeit machen.\nMenschen können selbst wählen, was sie in ihrer Freizeit machen.\nMenschen können selbst wählen, was sie in ihrer Freizeit machen.\nMenschen können selbst wählen, was sie in ihrer Freizeit machen.\nMenschen können selbst wählen, was sie in ihrer Freizeit machen.\nMenschen können selbst wählen, was sie in ihrer Freizeit machen.\nMenschen können selbst wählen, was sie in ihrer Freizeit machen.\nMenschen können selbst wählen, was sie in ihrer Freizeit machen.\nMenschen können selbst wählen, was sie in ihrer Freizeit machen.\nMenschen können selbst wählen, was sie in ihrer Freizeit machen.\nMenschen können selbst wählen, was sie in ihrer Freizeit machen.\nMenschen können selbst wählen, was sie in ihrer Freizeit machen.\nMenschen können selbst wählen, was sie in ihrer Freizeit machen.\nMenschen können selbst wählen, was sie in ihrer Freizeit machen.\nMenschen können selbst wählen, was sie in ihrer Freizeit machen.\nMenschen können selbst wählen, was sie in ihrer Freizeit machen.\nMenschen können selbst wählen, was sie in ihrer Freizeit machen.\nMenschen können selbst wählen, was sie in ihrer Freizeit machen.\nMenschen können selbst wählen, was sie in ihrer Freizeit machen.\nMenschen können selbst wählen, was sie in ihrer Freizeit machen.\nMenschen können selbst wählen, was sie in ihrer Freizeit machen.\nMenschen können selbst wählen, was sie in ihrer Freizeit machen.\nMenschen können selbst wählen, was sie in ihrer Freizeit machen.\nMenschen können selbst wählen, was sie in ihrer Freizeit machen.\nMenschen können selbst wählen, was sie in ihrer Freizeit machen.\nMenschen können selbst wählen, was sie in ihrer Freizeit machen.\nMenschen können selbst wählen, was sie in ihrer Freizeit machen.\nMenschen können selbst wählen, was sie in ihrer Freizeit machen.\nMenschen können selbst wählen, was sie in ihrer Freizeit machen.\nMenschen können selbst wählen, was sie in ihrer Freizeit machen.\nMenschen können selbst wählen, was sie in ihrer Freizeit machen.\nMenschen können selbst wählen, was sie in ihrer Freizeit machen.\nMenschen können selbst wählen, was sie in ihrer Freizeit machen.\nMenschen können selbst wählen, was sie in ihrer Freizeit machen.\nMenschen können selbst wählen, was sie in ihrer Freizeit machen.\nMenschen können selbst wählen, was sie in ihrer Freizeit machen.\nMenschen können selbst wählen, was sie in ihrer Freizeit machen.\nMenschen können selbst wählen, was sie in ihrer Freizeit machen.\nMenschen können selbst wählen, was sie in ihrer Freizeit machen.\nMenschen können selbst wählen, was sie in ihrer Freizeit machen.\nMenschen können selbst wählen, was sie in ihrer Freizeit machen.\nMenschen können selbst wählen, was sie in ihrer Freizeit machen.\nMenschen können selbst wählen, was sie in ihrer Freizeit machen.\nMenschen können selbst wählen, was sie in ihrer Freizeit machen.\nMenschen können selbst wählen, was sie in ihrer Freizeit machen.\nMenschen können selbst wählen, was sie in ihrer Freizeit machen.\nMenschen können selbst wählen, was sie in ihrer Freizeit machen.\nMenschen können selbst wählen, was sie in ihrer Freizeit machen.\nMenschen können selbst wählen, was sie in ihrer Freizeit machen.\nMenschen können selbst wählen, was sie in ihrer Freizeit machen.\nMenschen können selbst wählen, was sie in ihrer Freizeit machen.\nMenschen können selbst wählen, was sie in ihrer Freizeit machen.\nMenschen können selbst wählen, was sie in ihrer Freizeit machen.\nMenschen können selbst wählen, was sie in ihrer Freizeit machen.\nMenschen können selbst wählen, was sie in ihrer Freizeit machen.\nMenschen können selbst wählen, was sie in ihrer Freizeit machen.\nMenschen können selbst wählen, was sie in ihrer Freizeit machen.\nMenschen können selbst wählen, was sie in ihrer Freizeit machen.\nMenschen können selbst wählen, was sie in ihrer Freizeit machen.\nMenschen können selbst wählen, was sie in ihrer Freizeit machen.\nMenschen können selbst wählen, was sie in ihrer Freizeit machen.\nMenschen können selbst wählen, was sie in ihrer Freizeit machen.\nMenschen können selbst wählen, was sie in ihrer Freizeit machen.\nMenschen können selbst wählen, was sie in ihrer Freizeit machen.\nMenschen können selbst wählen, was sie in ihrer Freizeit machen.\nMenschen können selbst wählen, was sie in ihrer Freizeit machen.\nMenschen können selbst wählen, was sie in ihrer Freizeit machen.\nMenschen können selbst wählen, was sie in ihrer Freizeit machen.\nMenschen können selbst wählen, was sie in ihrer Freizeit machen.\nMenschen können selbst wählen, was sie in ihrer Freizeit machen.\nMenschen können selbst wählen, was sie in ihrer Freizeit machen.\nMenschen können selbst wählen, was sie in ihrer Freizeit machen.\nMenschen können selbst wählen, was sie in ihrer Freizeit machen.\nMenschen können selbst wählen, was sie in ihrer Freizeit machen.\nMenschen können selbst wählen, was sie in ihrer Freizeit machen.\nMenschen können selbst wählen, was sie in ihrer Freizeit machen.\nMenschen können selbst wählen, was sie in ihrer Freizeit machen.\nMenschen können selbst wählen, was sie in ihrer Freizeit machen.\nMenschen können selbst wählen, was sie in ihrer Freizeit machen.\nMenschen können selbst wählen, was sie in ihrer Freizeit machen.\nMenschen können selbst wählen, was sie in ihrer Freizeit machen.\nMenschen können selbst wählen, was sie in ihrer Freizeit machen.\nMenschen können selbst wählen, was sie in ihrer Freizeit machen.\nMenschen können selbst wählen, was sie in ihrer Freizeit machen.\nMenschen können selbst wählen, was sie in ihrer Freizeit machen.\nMenschen können selbst wählen, was sie in ihrer Freizeit machen.\nMenschen können selbst wählen, was sie in ihrer Freizeit machen.\nMenschen können selbst wählen, was sie in ihrer Freizeit machen.\nMenschen können selbst wählen, was sie in ihrer Freizeit machen.\nMenschen können selbst wählen, was sie in ihrer Freizeit machen.\nMenschen können selbst wählen, was sie in ihrer Freizeit machen.\nMenschen können selbst wählen, was sie in ihrer Freizeit machen.\nMenschen können selbst wählen, was sie in ihrer Freizeit machen.\nMenschen können selbst wählen, was sie in ihrer Freizeit machen.\nMenschen können selbst wählen, was sie in ihrer Freizeit machen.\nMenschen können selbst wählen, was sie in ihrer Freizeit machen.\nMenschen können selbst wählen, was sie in ihrer Freizeit machen.\nMenschen können selbst wählen, was sie in ihrer Freizeit machen.\nMenschen können selbst wählen, was sie in ihrer Freizeit machen.\nMenschen können selbst wählen, was sie in ihrer Freizeit machen.\nMenschen können selbst wählen
Der Seniorenbeirat ist das Beratungs- und Beschlussorgan der Seniorenvertretung. Er setzt sich aus den Kandidat*innen mit der höchsten Stimmenzahl jedes Stadtbezirks zusammen hat aktuell 31 Mitglieder einschließlich sechs zusätzlichen Mitgliedern mit ausländischer Nationalität wirkt in Gremien der Politik und Verwaltung mit beschäftigt sich mit der Gesundheits-, Pflege- und Rentenpolitik betrachtet Themen wie Sicherheit und Wohnen aus dem Blickwinkel der älteren Bevölkerung.;Der Senioren-Beirat ist ein Beirat.\nEin Beirat ist eine Gruppe von Menschen.\nDie Menschen beraten die Stadt-Verwaltung.\nDie Stadt-Verwaltung ist eine Behörde.\nEine Behörde ist eine Verwaltung.\nDie Verwaltung arbeitet für die Stadt.\nDie Menschen im Senioren-Beirat sind ehrenamtlich tätig.\nDas bedeutet:\nDie Menschen arbeiten in ihrer Freizeit für den Senioren-Beirat.\nDie Menschen im Senioren-Beirat sind älter als 60 Jahre.\nDie Menschen im Senioren-Beirat wohnen in München.\nDie Menschen im Senioren-Beirat haben verschiedene Nationalitäten.\nNationalität bedeutet:\nIn welchem Land ein Mensch geboren ist.\nZum Beispiel:\nDeutschland, Türkei oder Italien.\nDie Menschen im Senioren-Beirat arbeiten zusammen.\nDie Menschen im Senioren-Beirat wollen:\nDass es den älteren Menschen in München gut geht.\nDass die älteren Menschen in München gut leben können.\nDass die älteren Menschen in München gut wohnen können.\nDass die älteren Menschen in München gut betreut werden.\nDass die älteren Menschen in München gut versorgt werden.\nDass die älteren Menschen in München gut informiert werden.\nDass die älteren Menschen in München gut beteiligt werden.\nBeteiligt werden bedeutet:\nDie Menschen können mitreden.\nDie Menschen können mitbestimmen.\nDie Menschen können mitarbeiten.\nDie Menschen können sich einbringen.\nDie Menschen können sich einsetzen.\nDie Menschen können sich engagieren.\nDie Menschen können sich beteiligen.\nDie Menschen können sich informieren.\nDie Menschen können sich beraten lassen.\nDie Menschen können sich helfen lassen.\nDie Menschen können sich unterstützen lassen.\nDie Menschen können sich helfen.\nDie Menschen können sich unterstützen.\nDie Menschen können sich helfen und unterstützen.\nDie Menschen können sich gegenseitig helfen und unterstützen.\nDie Menschen können sich gegenseitig helfen.\nDie Menschen können sich gegenseitig unterstützen.\nDie Menschen können sich gegenseitig helfen und unterstützen.\nDie Menschen können sich gegenseitig helfen und unterstützen.\nDie Menschen können sich gegenseitig helfen und unterstützen.\nDie Menschen können sich gegenseitig helfen und unterstützen.\nDie Menschen können sich gegenseitig helfen und unterstützen.\nDie Menschen können sich gegenseitig helfen und unterstützen.\nDie Menschen können sich gegenseitig helfen und unterstützen.\nDie Menschen können sich gegenseitig helfen und unterstützen.\nDie Menschen können sich gegenseitig helfen und unterstützen.\nDie Menschen können sich gegenseitig helfen und unterstützen.\nDie Menschen können sich gegenseseitig helfen und unterstützen.\nDie Menschen können sich gegenseitig helfen und unterstützen.\nDie Menschen können sich gegenseitig helfen und unterstützen.\nDie Menschen können sich gegenseitig helfen und unterstützen.\nDie Menschen können sich gegenseitig helfen und unterstützen.\nDie Menschen können sich gegenseitig helfen und unterstützen.\nDie Menschen können sich gegenseitig helfen und unterstützen.\nDie Menschen können sich gegenseitig helfen und unterstützen.\nDie Menschen können sich gegenseitig helfen und unterstützen.\nDie Menschen können sich gegenseitig helfen und unterstützen.\nDie Menschen können sich gegenseitig helfen und unterstützen.\nDie Menschen können sich gegenseitig helfen und unterstützen.\nDie Menschen können sich gegenseitig helfen und unterstützen.\nDie Menschen können sich gegenseitig helfen und unterstützen.\nDie Menschen können sich gegenseitig helfen und unterstützen.\nDie Menschen können sich gegenseitig helfen und unterstützen.\nDie Menschen können sich gegenseitig helfen und unterstützen.\nDie Menschen können sich gegenseitig helfen und unterstützen.\nDie Menschen können sich gegenseitig helfen und unterstützen.\nDie Menschen können sich gegenseitig helfen und unterstützen.\nDie Menschen können sich gegenseitig helfen und unterstützen.\nDie Menschen können sich gegenseitig helfen und unterstützen.\nDie Menschen können sich gegenseitig helfen und unterstützen.\nDie Menschen können sich gegenseitig helfen und unterstützen.\nDie Menschen können sich gegenseitig helfen und unterstützen.\nDie Menschen können sich gegenseitig helfen und unterstützen.\nDie Menschen können sich gegenseitig helfen und unterstützen.\nDie Menschen können sich gegenseitig helfen und unterstützen.\nDie Menschen können sich gegenseitig helfen und unterstützen.\nDie Menschen können sich gegenseitig helfen und unterstützen.\nDie Menschen können sich gegenseitig helfen und unterstützen.\nDie Menschen können sich gegenseitig helfen und unterstützen.\nDie Menschen können sich gegenseitig helfen und unterstützen.\nDie Menschen können sich gegenseitig helfen und unterstützen.\nDie Menschen können sich gegenseitig helfen und unterstützen.\nDie Menschen können sich gegenseitig helfen und unterstützen.\nDie Menschen können sich gegenseitig helfen und unterstützen.\nDie Menschen können sich gegenseitig helfen und unterstützen.\nDie Menschen können sich gegenseitig helfen und unterstützen.\nDie Menschen können sich gegenseitig helfen und unterstützen.\nDie Menschen können sich gegenseitig helfen und unterstützen.\nDie Menschen können sich gegenseitig helfen und unterstützen.\nDie Menschen können sich gegenseitig helfen und unterstützen.\nDie Menschen können sich gegenseitig helfen und unterstützen.\nDie Menschen können sich gegenseitig helfen und unterstützen.\nDie Menschen können sich gegenseitig helfen und unterstützen.\nDie Menschen können sich gegenseitig helfen und unterstützen.\nDie Menschen können sich gegenseitig helfen und unterstützen.\nDie Menschen können sich gegenseitig helfen und unterstützen.\nDie Menschen können sich gegenseitig helfen und unterstützen.\nDie Menschen können sich gegenseitig helfen und unterstützen.\nDie Menschen können sich gegenseitig helfen und unterstützen.\nDie Menschen können sich gegenseitig helfen und unterstützen.\nDie Menschen können sich gegenseitig helfen und unterstützen.\nDie Menschen können sich gegenseitig helfen und unterstützen.\nDie Menschen können sich gegenseseitig helfen und unterstützen.\nDie Menschen können sich gegenseitig helfen und unterstützen.\nDie Menschen können sich gegenseitig helfen und unterstützen.\nDie Menschen können sich gegenseitig helfen und unterstützen.\nDie Menschen können sich gegenseitig helfen und unterstützen.\nDie Menschen können sich gegenseitig helfen und unterstützen.\nDie Menschen können sich gegenseitig helfen und unterstützen.\nDie Menschen können sich gegenseitig helfen und unterstützen.\nDie Menschen können sich gegenseitig helfen und unterstützen.\nDie Menschen können sich gegenseitig helfen und unterstützen.\nDie Menschen können sich gegenseitig helfen und unterstützen.\nDie Menschen können sich gegenseitig helfen und unterstützen.\nDie Menschen können sich gegenseitig helfen und unterstützen.\nDie Menschen können sich gegenseitig helfen und unterstützen.\nDie Menschen können sich gegenseitig helfen und unterstützen.\nDie Menschen können sich gegenseitig helfen und unterstützen.\nDie Menschen können sich gegenseitig helfen und unterstützen.\nDie Menschen können sich gegenseitig helfen und unterstützen.\nDie Menschen können sich gegenseitig helfen und unterstützen.\nDie Menschen können sich gegenseitig helfen und unterstützen.\nDie Menschen können sich gegenseitig helfen und unterstützen.\nDie Menschen können sich gegenseitig helfen und unterstützen.\nDie Menschen können sich gegenseitig helfen und unterstützen.\nDie Menschen können sich gegenseitig helfen und unterstützen.\nDie Menschen können sich gegenseitig helfen und unterstützen.\nDie Menschen können sich gegenseitig helfen und unterstützen.\nDie Menschen können sich gegenseitig helfen und unterstützen.\nDie Menschen können sich gegenseitig helfen und unterstützen.\nDie Menschen können sich gegenseitig helfen und unterstützen.\nDie Menschen können sich gegenseitig helfen und unterstützen.\nDie Menschen können sich gegenseitig helfen und unterstützen.\nDie Menschen können sich gegenseitig helfen und unterstützen.\nDie Menschen können sich gegenseitig helfen und unterstützen.\nDie Menschen können sich gegenseitig helfen und unterstützen.\nDie Menschen können sich gegenseitig helfen und unterstützen.\nDie Menschen können sich gegenseitig helfen und unterstützen.\nDie Menschen können sich gegenseitig helfen und unterstützen.\nDie Menschen können sich gegenseitig helfen und unterstützen.\nDie Menschen können sich gegenseitig helfen und unterstützen.\nDie Menschen können sich gegenseitig helfen und unterstützen.\nDie Menschen können sich gegenseitig helfen und unterstützen.\nDie Menschen können sich gegenseitig helfen und unterstützen.\nDie Menschen können sich gegenseitig helfen und unterstützen.\nDie Menschen können sich gegenseitig helfen und unterstützen.\nDie Menschen können sich gegenseitig helfen und unterstützen.\nDie Menschen können sich gegenseitig helfen und unterstützen.\nDie Menschen können sich gegenseseitig helfen und unterstützen.\nDie Menschen können sich gegenseitig helfen und unterstützen.\nDie Menschen können sich gegenseitig helfen und unterstützen.\nDie Menschen können sich gegenseitig helfen und unterstützen.\nDie Menschen können sich gegenseitig helfen und unterstützen.\nDie Menschen können sich gegenseitig helfen und unterstützen.\nDie Menschen können sich gegenseitig helfen und unterstützen.\nDie Menschen können sich gegenseitig helfen und unterstützen.\nDie Menschen können sich gegenseitig helfen und unterstützen.\nDie Menschen können sich gegenseitig helfen und unterstützen.\nDie Menschen können sich gegenseitig helfen und unterstützen.\nDie Menschen können sich gegenseitig helfen und unterstützen.\nDie Menschen können sich gegenseitig helfen und unterstützen.\nDie Menschen können sich gegenseseitig helfen und unterstützen.\nDie Menschen können sich gegenseitig helfen und unterstützen.\nDie Menschen können sich gegenseitig helfen und unterstützen.\nDie Menschen können sich gegenseitig helfen und unterstützen.\nDie Menschen können sich gegenseitig helfen und unterstützen.\nDie Menschen können sich gegenseitig helfen und unterstützen.\nDie Menschen können sich gegenseitig helfen und unterstützen.\nDie Menschen können sich gegenseitig helfen und unterstützen.\nDie Menschen können sich gegenseitig helfen und unterstützen.\nDie Menschen können sich gegenseitig helfen und unterstützen.\nDie Menschen können sich gegenseitig helfen und unterstützen.\nDie Menschen können sich gegenseitig helfen und unterstützen.\nDie Menschen können sich gegenseitig helfen und unterstützen.\nDie Menschen können sich gegenseitig helfen und unterstützen.\nDie Menschen können sich gegenseitig helfen und unterstützen.\nDie Menschen können sich gegenseitig helfen und unterstützen.\nDie Menschen können sich gegenseitig helfen und unterstützen.\nDie Menschen können sich gegenseitig helfen und unterstützen.\nDie Menschen können sich gegenseitig helfen und unterstützen.\nDie Menschen können sich gegenseitig helfen und unterstützen.\nDie Menschen können sich gegenseitig helfen und unterstützen.\nDie Menschen können sich gegenseitig helfen und unterstützen.\nDie Menschen können sich gegenseitig helfen und unterstützen.\nDie Menschen können sich gegenseitig helfen und unterstützen.\nDie Menschen können sich gegenseitig helfen und unterstützen.\nDie Menschen können sich gegenseitig helfen und unterstützen.\nDie Menschen können sich gegenseitig helfen und unterstützen.\nDie Menschen können sich gegenseitig helfen und unterstützen.\nDie Menschen können sich gegenseitig helfen und unterstützen.\nDie Menschen können sich gegenseitig helfen und unterstützen.\nDie Menschen können sich gegenseitig helfen und unterstützen.\nDie Menschen können sich gegenseitig helfen und unterstützen.\nDie Menschen können sich gegenseitig helfen und unterstützen.\nDie Menschen können sich gegenseitig helfen und unterstützen.\nDie Menschen können sich gegenseitig helfen und unterstützen.\nDie Menschen können sich gegenseitig helfen und unterstützen.\nDie Menschen können sich gegenseitig helfen und unterstützen.\nDie Menschen können sich gegenseitig helfen und unterstützen.\nDie Menschen können sich gegenseitig helfen und unterstützen.\nDie Menschen können sich gegenseitig helfen und unterstützen.\nDie Menschen können sich gegenseitig helfen und unterstützen.\nDie Menschen können sich gegenseitig helfen und unterstützen.\nDie Menschen können sich gegenseitig helfen und unterstützen.\nDie Menschen können sich gegenseitig helfen und unterstützen.\nDie Menschen können sich gegenseitig helfen und unterstützen.\nDie Menschen können sich gegenseitig helfen und unterstützen.\nDie Menschen können sich gegenseitig helfen und unterstützen.\nDie Menschen können sich gegenseitig helfen und unterstützen.\nDie Menschen können sich gegenseitig helfen und unterstützen.\nDie Menschen können sich gegenseitig helfen und unterstützen.\nDie Menschen können sich gegenseitig helfen und unterstützen.\nDie Menschen können sich gegenseitig helfen und unterstützen.\nDie Menschen können sich gegenseitig helfen und unterstützen.\nDie Menschen können sich gegenseitig helfen und unterstützen.\nDie Menschen können sich gegenseitig helfen und unterstützen.\nDie Menschen können sich gegenseitig helfen und unterstützen.\nDie Menschen können sich gegenseitig helfen und unterstützen.\nDie Menschen können sich gegenseitig helfen und unterstützen.\nDie Menschen können sich gegenseitig helfen und unterstützen.\nDie Menschen können sich gegenseitig helfen und unterstützen.\nDie Menschen können sich gegenseitig helfen und unterstützen.\nDie Menschen können sich gegenseitig helfen und unterstützen.\nDie Menschen können sich gegenseitig helfen und unterstützen.\nDie Menschen können sich gegenseitig helfen und unterstützen.\nDie Menschen können sich gegenseitig helfen und unterstützen.\nDie Menschen können sich gegenseitig helfen und unterstützen.\nDie Menschen können sich gegenseitig helfen und unterstützen.\nDie Menschen können sich gegenseitig helfen und unterstützen.\nDie Menschen können sich gegenseitig helfen und unterstützen.\nDie Menschen können sich gegenseitig helfen und unterstützen.\nDie Menschen können sich gegenseitig helfen und unterstützen.\nDie Menschen können sich gegenseitig helfen und unterstützen.\nDie Menschen können sich gegenseitig helfen und unterstützen.\nDie Menschen können sich gegenseitig helfen und unterstützen.\nDie Menschen können sich gegenseitig helfen und unterstützen.\nDie Menschen können sich gegenseitig helfen und unterstützen.\nDie Menschen können sich gegenseitig helfen und unterstützen.\nDie Menschen können sich gegenseitig helfen und unterstützen.\nDie Menschen können sich gegenseitig helfen und unterstützen.\nDie Menschen können sich gegenseitig helfen und unterstützen.\nDie Menschen können sich gegenseitig helfen und unterstützen.\nDie Menschen können sich gegenseitig helfen und unterstützen.\nDie Menschen können sich gegenseitig helfen und unterstützen.\nDie Menschen können sich gegenseitig helfen und unterstützen.\nDie Menschen können sich gegenseitig helfen und unterstützen.\nDie Menschen können sich gegenseitig helfen und unterstützen.\nDie Menschen können sich gegenseitig helfen und unterstützen.\nDie Menschen können sich gegenseitig helfen und unterstützen.\nDie Menschen können sich gegenseitig helfen und unterstützen.\nDie Menschen können sich gegenseitig helfen und unterstützen.\nDie Menschen können sich gegenseitig helfen und unterstützen.\nDie Menschen können sich gegenseitig helfen und unterstützen.\nDie Menschen können sich gegenseitig helfen und unterstützen.\nDie Menschen können sich gegenseitig helfen und unterstützen.\nDie Menschen können sich gegenseitig helfen und unterstützen.\nDie Menschen können sich gegenseitig helfen und unterstützen.\nDie Menschen können sich gegenseseitig helfen und unterstützen.\nDie Menschen können sich gegenseitig helfen und unterstützen.\nDie Menschen können sich gegenseitig helfen und unterstützen.\nDie Menschen können sich gegenseitig helfen und unterstützen.\nDie Menschen können sich gegenseitig helfen und unterstützen.\nDie Menschen können sich gegenseitig helfen und unterstützen.\nDie Menschen können sich gegenseitig helfen und unterstützen.\nDie Menschen können sich gegenseitig helfen und unterstützen.\nDie Menschen können sich gegenseitig helfen und unterstützen.\nDie Menschen können sich gegenseitig helfen und unterstützen.\nDie Menschen können sich gegenseitig helfen und unterstützen.\nDie Menschen können sich gegenseitig helfen und unterstützen.\nDie Menschen können sich gegenseitig helfen und unterstützen.\nDie Menschen können sich gegenseitig helfen und unterstützen.\nDie Menschen können sich gegenseitig helfen und unterstützen.\nDie Menschen können sich gegenseitig helfen und unterstützen.\nDie Menschen können sich gegenseitig helfen und unterstützen.\nDie Menschen können sich gegenseitig helfen und unterstützen.\nDie Menschen können sich gegenseitig helfen und unterstützen.\nDie Menschen können sich gegenseitig helfen und unterstützen.\nDie Menschen können sich gegenseitig helfen und unterstützen.\nDie Menschen können sich gegenseitig helfen und unterstützen.\nDie Menschen können sich gegenseitig helfen und unterstützen.\nDie Menschen können sich gegenseitig helfen und unterstützen.\nDie Menschen können sich gegenseitig helfen und unterstützen.\nDie Menschen können sich gegenseitig helfen und unterstützen.\nDie Menschen können sich gegenseitig helfen und unterstützen.\nDie Menschen können sich gegenseitig helfen und unterstützen.\nDie Menschen können sich gegenseitig helfen und unterstützen.\nDie Menschen können sich gegenseitig helfen und unterstützen.\nDie Menschen können sich gegenseitig helfen und unterstützen.\nDie Menschen können sich gegenseitig helfen und unterstützen.\nDie Menschen können sich gegenseitig helfen und unterstützen.\nDie Menschen können sich gegenseitig helfen und unterstützen.\nDie Menschen können sich gegenseitig helfen und unterstützen.\nDie Menschen können sich gegenseitig helfen und unterstützen.\nDie Menschen können sich gegenseitig helfen und unterstützen.\nDie Menschen können sich gegenseitig helfen und unterstützen.\nDie Menschen können sich gegenseitig helfen und unterstützen.\nDie Menschen können sich gegenseitig helfen und unterstützen.\nDie Menschen können sich gegenseitig helfen und unterstützen.\nDie Menschen können sich gegenseitig helfen und unterstützen.\nDie Menschen können sich gegenseitig helfen und unterstützen.\nDie Menschen können sich gegenseitig helfen und unterstützen.\nDie Menschen können sich gegenseitig helfen und unterstützen.\nDie Menschen können sich gegenseitig helfen und unterstützen.\nDie Menschen können sich gegenseitig helfen und unterstützen.\nDie Menschen können sich gegenseitig helfen und unterstützen.\nDie Menschen können sich gegenseitig helfen und unterstützen.\nDie Menschen können sich gegenseitig helfen und unterstützen.\nDie Menschen können sich gegenseitig helfen und unterstützen.\nDie Menschen können sich gegenseitig helfen und unterstützen.\nDie Menschen können sich gegenseitig helfen und unterstützen.\nDie Menschen können sich gegenseseitig helfen und unterstützen.\nDie Menschen können sich gegenseitig helfen und unterstützen.\nDie Menschen können sich gegenseitig helfen und unterstützen.\nDie Menschen können sich gegenseitig helfen und unterstützen.\nDie Menschen können sich gegenseitig helfen und unterstützen.\nDie Menschen können sich gegenseitig helfen und unterstüt
Hauptanliegen der Seniorenvertretung ist, die Interessen und Belange der Senior*innen in den Stadtbezirken Münchens zu vertreten und zu wahren. Sie agiert als Lotsin zwischen älteren Menschen und Stadtrat, Stadtverwaltung, sozialen Verbänden und Einrichtungen bietet regelmßige Sprechstunden zur Information und Beratung älterer Menschen über Hilfsangebote in München an organisiert Veranstaltungen im Bereich Kultur und Soziales und vieles mehr.;Die Senioren-Vertretung ist für alte Menschen in München da.\nDie Senioren-Vertretung vertritt die Interessen von alten Menschen.\nDie Senioren-Vertretung berät alte Menschen.\nDie Senioren-Vertretung hilft alten Menschen.\nDie Senioren-Vertretung macht Veranstaltungen für alte Menschen.
Koordinierungsstelle LGBTIQ*\nMünchen mag dich - Angebote für Lesben, Schwule, Bisexuelle, trans*, inter* und queere Menschen.;Koordinierungs-Stelle LGBTIQ*\nMünchen mag dich\nDie Koordinierungs-Stelle ist ein Angebot für Lesben, Schwule, Bisexuelle, trans*, inter* und queere Menschen.\nDie Koordinierungs-Stelle ist in München.\nDie Koordinierungs-Stelle ist bei der Stadt-Verwaltung.\nDie Koordinierungs-Stelle ist im Sozial-Referat.\nDie Koordinierungs-Stelle ist im Amt für Wohnen und Migration.\nDie Koordinierungs-Stelle ist im Referat für Gesundheit und Umwelt.\nDie Koordinierungs-Stelle ist im Kreis-Verwaltungs-Referat.\nDie Koordinierungs-Stelle ist im Kulturreferat.\nDie Koordinierungs-Stelle ist im Personal- und Organisations-Referat.\nDie Koordinierungs-Stelle ist im Referat für Bildung und Sport.\nDie Koordinierungs-Stelle ist im Referat für Arbeit und Wirtschaft.\nDie Koordinierungs-Stelle ist im Referat für Stadtplanung und Bauordnung.\nDie Koordinierungs-Stelle ist im Referat für Stadtplanung und Bauordnung.\nDie Koordinierungs-Stelle ist im Referat für Stadtplanung und Bauordnung.\nDie Koordinierungs-Stelle ist im Referat für Stadtplanung und Bauordnung.\nDie Koordinierungs-Stelle ist im Referat für Stadtplanung und Bauordnung.\nDie Koordinierungs-Stelle ist im Referat für Stadtplanung und Bauordnung.\nDie Koordinierungs-Stelle ist im Referat für Stadtplanung und Bauordnung.\nDie Koordinierungs-Stelle ist im Referat für Stadtplanung und Bauordnung.\nDie Koordinierungs-Stelle ist im Referat für Stadtplanung und Bauordnung.\nDie Koordinierungs-Stelle ist im Referat für Stadtplanung und Bauordnung.\nDie Koordinierungs-Stelle ist im Referat für Stadtplanung und Bauordnung.\nDie Koordinierungs-Stelle ist im Referat für Stadtplanung und Bauordnung.\nDie Koordinierungs-Stelle ist im Referat für Stadtplanung und Bauordnung.\nDie Koordinierungs-Stelle ist im Referat für Stadtplanung und Bauordnung.\nDie Koordinierungs-Stelle ist im Referat für Stadtplanung und Bauordnung.\nDie Koordinierungs-Stelle ist im Referat für Stadtplanung und Bauordnung.\nDie Koordinierungs-Stelle ist im Referat für Stadtplanung und Bauordnung.\nDie Koordinierungs-Stelle ist im Referat für Stadtplanung und Bauordnung.\nDie Koordinierungs-Stelle ist im Referat für Stadtplanung und Bauordnung.\nDie Koordinierungs-Stelle ist im Referat für Stadtplanung und Bauordnung.\nDie Koordinierungs-Stelle ist im Referat für Stadtplanung und Bauordnung.\nDie Koordinierungs-Stelle ist im Referat für Stadtplanung und Bauordnung.\nDie Koordinierungs-Stelle ist im Referat für Stadtplanung und Bauordnung.\nDie Koordinierungs-Stelle ist im Referat für Stadtplanung und Bauordnung.\nDie Koordinierungs-Stelle ist im Referat für Stadtplanung und Bauordnung.\nDie Koordinierungs-Stelle ist im Referat für Stadtplanung und Bauordnung.\nDie Koordinierungs-Stelle ist im Referat für Stadtplanung und Bauordnung.\nDie Koordinierungs-Stelle ist im Referat für Stadtplanung und Bauordnung.\nDie Koordinierungs-Stelle ist im Referat für Stadtplanung und Bauordnung.\nDie Koordinierungs-Stelle ist im Referat für Stadtplanung und Bauordnung.\nDie Koordinierungs-Stelle ist im Referat für Stadtplanung und Bauordnung.\nDie Koordinierungs-Stelle ist im Referat für Stadtplanung und Bauordnung.\nDie Koordinierungs-Stelle ist im Referat für Stadtplanung und Bauordnung.\nDie Koordinierungs-Stelle ist im Referat für Stadtplanung und Bauordnung.\nDie Koordinierungs-Stelle ist im Referat für Stadtplanung und Bauordnung.\nDie Koordinierungs-Stelle ist im Referat für Stadtplanung und Bauordnung.\nDie Koordinierungs-Stelle ist im Referat für Stadtplanung und Bauordnung.\nDie Koordinierungs-Stelle ist im Referat für Stadtplanung und Bauordnung.\nDie Koordinierungs-Stelle ist im Referat für Stadtplanung und Bauordnung.\nDie Koordinierungs-Stelle ist im Referat für Stadtplanung und Bauordnung.\nDie Koordinierungs-Stelle ist im Referat für Stadtplanung und Bauordnung.\nDie Koordinierungs-Stelle ist im Referat für Stadtplanung und Bauordnung.\nDie Koordinierungs-Stelle ist im Referat für Stadtplanung und Bauordnung.\nDie Koordinierungs-Stelle ist im Referat für Stadtplanung und Bauordnung.\nDie Koordinierungs-Stelle ist im Referat für Stadtplanung und Bauordnung.\nDie Koordinierungs-Stelle ist im Referat für Stadtplanung und Bauordnung.\nDie Koordinierungs-Stelle ist im Referat für Stadtplanung und Bauordnung.\nDie Koordinierungs-Stelle ist im Referat für Stadtplanung und Bauordnung.\nDie Koordinierungs-Stelle ist im Referat für Stadtplanung und Bauordnung.\nDie Koordinierungs-Stelle ist im Referat für Stadtplanung und Bauordnung.\nDie Koordinierungs-Stelle ist im Referat für Stadtplanung und Bauordnung.\nDie Koordinierungs-Stelle ist im Referat für Stadtplanung und Bauordnung.\nDie Koordinierungs-Stelle ist im Referat für Stadtplanung und Bauordnung.\nDie Koordinierungs-Stelle ist im Referat für Stadtplanung und Bauordnung.\nDie Koordinierungs-Stelle ist im Referat für Stadtplanung und Bauordnung.\nDie Koordinierungs-Stelle ist im Referat für Stadtplanung und Bauordnung.\nDie Koordinierungs-Stelle ist im Referat für Stadtplanung und Bauordnung.\nDie Koordinierungs-Stelle ist im Referat für Stadtplanung und Bauordnung.\nDie Koordinierungs-Stelle ist im Referat für Stadtplanung und Bauordnung.\nDie Koordinierungs-Stelle ist im Referat für Stadtplanung und Bauordnung.\nDie Koordinierungs-Stelle ist im Referat für Stadtplanung und Bauordnung.\nDie Koordinierungs-Stelle ist im Referat für Stadtplanung und Bauordnung.\nDie Koordinierungs-Stelle ist im Referat für Stadtplanung und Bauordnung.\nDie Koordinierungs-Stelle ist im Referat für Stadtplanung und Bauordnung.\nDie Koordinierungs-Stelle ist im Referat für Stadtplanung und Bauordnung.\nDie Koordinierungs-Stelle ist im Referat für Stadtplanung und Bauordnung.\nDie Koordinierungs-Stelle ist im Referat für Stadtplanung und Bauordnung.\nDie Koordinierungs-Stelle ist im Referat für Stadtplanung und Bauordnung.\nDie Koordinierungs-Stelle ist im Referat für Stadtplanung und Bauordnung.\nDie Koordinierungs-Stelle ist im Referat für Stadtplanung und Bauordnung.\nDie Koordinierungs-Stelle ist im Referat für Stadtplanung und Bauordnung.\nDie Koordinierungs-Stelle ist im Referat für Stadtplanung und Bauordnung.\nDie Koordinierungs-Stelle ist im Referat für Stadtplanung und Bauordnung.\nDie Koordinierungs-Stelle ist im Referat für Stadtplanung und Bauordnung.\nDie Koordinierungs-Stelle ist im Referat für Stadtplanung und Bauordnung.\nDie Koordinierungs-Stelle ist im Referat für Stadtplanung und Bauordnung.\nDie Koordinierungs-Stelle ist im Referat für Stadtplanung und Bauordnung.\nDie Koordinierungs-Stelle ist im Referat für Stadtplanung und Bauordnung.\nDie Koordinierungs-Stelle ist im Referat für Stadtplanung und Bauordnung.\nDie Koordinierungs-Stelle ist im Referat für Stadtplanung und Bauordnung.\nDie Koordinierungs-Stelle ist im Referat für Stadtplanung und Bauordnung.\nDie Koordinierungs-Stelle ist im Referat für Stadtplanung und Bauordnung.\nDie Koordinierungs-Stelle ist im Referat für Stadtplanung und Bauordnung.\nDie Koordinierungs-Stelle ist im Referat für Stadtplanung und Bauordnung.\nDie Koordinierungs-Stelle ist im Referat für Stadtplanung und Bauordnung.\nDie Koordinierungs-Stelle ist im Referat für Stadtplanung und Bauordnung.\nDie Koordinierungs-Stelle ist im Referat für Stadtplanung und Bauordnung.\nDie Koordinierungs-Stelle ist im Referat für Stadtplanung und Bauordnung.\nDie Koordinierungs-Stelle ist im Referat für Stadtplanung und Bauordnung.\nDie Koordinierungs-Stelle ist im Referat für Stadtplanung und Bauordnung.\nDie Koordinierungs-Stelle ist im Referat für Stadtplanung und Bauordnung.\nDie Koordinierungs-Stelle ist im Referat für Stadtplanung und Bauordnung.\nDie Koordinierungs-Stelle ist im Referat für Stadtplanung und Bauordnung.\nDie Koordinierungs-Stelle ist im Referat für Stadtplanung und Bauordnung.\nDie Koordinierungs-Stelle ist im Referat für Stadtplanung und Bauordnung.\nDie Koordinierungs-Stelle ist im Referat für Stadtplanung und Bauordnung.\nDie Koordinierungs-Stelle ist im Referat für Stadtplanung und Bauordnung.\nDie Koordinierungs-Stelle ist im Referat für Stadtplanung und Bauordnung.\nDie Koordinierungs-Stelle ist im Referat für Stadtplanung und Bauordnung.\nDie Koordinierungs-Stelle ist im Referat für Stadtplanung und Bauordnung.\nDie Koordinierungs-Stelle ist im Referat für Stadtplanung und Bauordnung.\nDie Koordinierungs-Stelle ist im Referat für Stadtplanung und Bauordnung.\nDie Koordinierungs-Stelle ist im Referat für Stadtplanung und Bauordnung.\nDie Koordinierungs-Stelle ist im Referat für Stadtplanung und Bauordnung.\nDie Koordinierungs-Stelle ist im Referat für Stadtplanung und Bauordnung.\nDie Koordinierungs-Stelle ist im Referat für Stadtplanung und Bauordnung.\nDie Koordinierungs-Stelle ist im Referat für Stadtplanung und Bauordnung.\nDie Koordinierungs-Stelle ist im Referat für Stadtplanung und Bauordnung.\nDie Koordinierungs-Stelle ist im Referat für Stadtplanung und Bauordnung.\nDie Koordinierungs-Stelle ist im Referat für Stadtplanung und Bauordnung.\nDie Koordinierungs-Stelle ist im Referat für Stadtplanung und Bauordnung.\nDie Koordinierungs-Stelle ist im Referat für Stadtplanung und Bauordnung.\nDie Koordinierungs-Stelle ist im Referat für Stadtplanung und Bauordnung.\nDie Koordinierungs-Stelle ist im Referat für Stadtplanung und Bauordnung.\nDie Koordinierungs-Stelle ist im Referat für Stadtplanung und Bauordnung.\nDie Koordinierungs-Stelle ist im Referat für Stadtplanung und Bauordnung.\nDie Koordinierungs-Stelle ist im Referat für Stadtplanung und Bauordnung.\nDie Koordinierungs-Stelle ist im Referat für Stadtplanung und Bauordnung.\nDie Koordinierungs-Stelle ist im Referat für Stadtplanung und Bauordnung.\nDie Koordinierungs-Stelle ist im Referat für Stadtplanung und Bauordnung.\nDie Koordinierungs-Stelle ist im Referat für Stadtplanung und Bauordnung.\nDie Koordinierungs-Stelle ist im Referat für Stadtplanung und Bauordnung.\nDie Koordinierungs-Stelle ist im Referat für Stadtplanung und Bauordnung.\nDie Koordinierungs-Stelle ist im Referat für Stadtplanung und Bauordnung.\nDie Koordinierungs-Stelle ist im Referat für Stadtplanung und Bauordnung.\nDie Koordinierungs-Stelle ist im Referat für Stadtplanung und Bauordnung.\nDie Koordinierungs-Stelle ist im Referat für Stadtplanung und Bauordnung.\nDie Koordinierungs-Stelle ist im Referat für Stadtplanung und Bauordnung.\nDie Koordinierungs-Stelle ist im Referat für Stadtplanung und Bauordnung.\nDie Koordinierungs-Stelle ist im Referat für Stadtplanung und Bauordnung.\nDie Koordinierungs-Stelle ist im Referat für Stadtplanung und Bauordnung.\nDie Koordinierungs-Stelle ist im Referat für Stadtplanung und Bauordnung.\nDie Koordinierungs-Stelle ist im Referat für Stadtplanung und Bauordnung.\nDie Koordinierungs-Stelle ist im Referat für Stadtplanung und Bauordnung.\nDie Koordinierungs-Stelle ist im Referat für Stadtplanung und Bauordnung.\nDie Koordinierungs-Stelle ist im Referat für Stadtplanung und Bauordnung.\nDie Koordinierungs-Stelle ist im Referat für Stadtplanung und Bauordnung.\nDie Koordinierungs-Stelle ist im Referat für Stadtplanung und Bauordnung.\nDie Koordinierungs-Stelle ist im Referat für Stadtplanung und Bauordnung.\nDie Koordinierungs-Stelle ist im Referat für Stadtplanung und Bauordnung.\nDie Koordinierungs-Stelle ist im Referat für Stadtplanung und Bauordnung.\nDie Koordinierungs-Stelle ist im Referat für Stadtplanung und Bauordnung.\nDie Koordinierungs-Stelle ist im Referat für Stadtplanung und Bauordnung.\nDie Koordinierungs-Stelle ist im Referat für Stadtplanung und Bauordnung.\nDie Koordinierungs-Stelle ist im Referat für Stadtplanung und Bauordnung.\nDie Koordinierungs-Stelle ist im Referat für Stadtplanung und Bauordnung.\nDie Koordinierungs-Stelle ist im Referat für Stadtplanung und Bauordnung.\nDie Koordinierungs-Stelle ist im Referat für Stadtplanung und Bauordnung.\nDie Koordinierungs-Stelle ist im Referat für Stadtplanung und Bauordnung.\nDie Koordinierungs-Stelle ist im Referat für Stadtplanung und Bauordnung.\nDie Koordinierungs-Stelle ist im Referat für Stadtplanung und Bauordnung.\nDie Koordinierungs-Stelle ist im Referat für Stadtplanung und Bauordnung.\nDie Koordinierungs-Stelle ist im Referat für Stadtplanung und Bauordnung.\nDie Koordinierungs-Stelle ist im Referat für Stadtplanung und Bauordnung.\nDie Koordinierungs-Stelle ist im Referat für Stadtplanung und Bauordnung.\nDie Koordinierungs-Stelle ist im Referat für Stadtplanung und Bauordnung.\nDie Koordinierungs-Stelle ist im Referat für Stadtplanung und Bauordnung.\nDie Koordinierungs-Stelle ist im Referat für Stadtplanung und Bauordnung.\nDie Koordinierungs-Stelle ist im Referat für Stadtplanung und Bauordnung.\nDie Koordinierungs-Stelle ist im Referat für Stadtplanung und Bauordnung.\nDie Koordinierungs-Stelle ist im Referat für Stadtplanung und Bauordnung.\nDie Koordinierungs-Stelle ist im Referat für Stadtplanung und Bauordnung.\nDie Koordinierungs-Stelle ist im Referat für Stadtplanung und Bauordnung.\nDie Koordinierungs-Stelle ist im Referat für Stadtplanung und Bauordnung.\nDie Koordinierungs-Stelle ist im Referat für Stadtplanung und Bauordnung.\nDie Koordinierungs-Stelle ist im Referat für Stadtplanung und Bauordnung.\nDie Koordinierungs-Stelle ist im Referat für Stadtplanung und Bauordnung.\nDie Koordinierungs-Stelle ist im Referat für Stadtplanung und Bauordnung.\nDie Koordinierungs-Stelle ist im Referat für Stadtplanung und Bauordnung.\nDie Koordinierungs-Stelle ist im Referat für Stadtplanung und Bauordnung.\nDie Koordinierungs-Stelle ist im Referat für Stadtplanung und Bauordnung.\nDie Koordinierungs-Stelle ist im Referat für Stadtplanung und Bauordnung.\nDie Koordinierungs-Stelle ist im Referat für Stadtplanung und Bauordnung.\nDie Koordinierungs-Stelle ist im Referat für Stadtplanung und Bauordnung.\nDie Koordinierungs-Stelle ist im Referat für Stadtplanung und Bauordnung.\nDie Koordinierungs-Stelle ist im Referat für Stadtplanung und Bauordnung.\nDie Koordinierungs-Stelle ist im Referat für Stadtplanung und Bauordnung.\nDie Koordinierungs-Stelle ist im Referat für Stadtplanung und Bauordnung.\nDie Koordinierungs-Stelle ist im Referat für Stadtplanung und Bauordnung.\nDie Koordinierungs-Stelle ist im Referat für Stadtplanung und Bauordnung.\nDie Koordinierungs-Stelle ist im Referat für Stadtplanung und Bauordnung.\nDie Koordinierungs-Stelle ist im Referat für Stadtplanung und Bauordnung.\nDie Koordinierungs-Stelle ist im Referat für Stadtplanung und Bauordnung.\nDie Koordinierungs-Stelle ist im Referat für Stadtplanung und Bauordnung.\nDie Koordinierungs-Stelle ist im Referat für Stadtplanung und Bauordnung.\nDie Koordinierungs-Stelle ist im Referat für Stadtplanung und Bauordnung.\nDie Koordinierungs-Stelle ist im Referat für Stadtplanung und Bauordnung.\nDie Koordinierungs-Stelle ist im Referat für Stadtplanung und Bauordnung.\nDie Koordinierungs-Stelle ist im Referat für Stadtplanung und Bauordnung.\nDie Koordinierungs-Stelle ist im Referat für Stadtplanung und Bauordnung.\nDie Koordinierungs-Stelle ist im Referat für Stadtplanung und Bauordnung.\nDie Koordinierungs-Stelle ist im Referat für Stadtplanung und Bauordnung.\nDie Koordinierungs-Stelle ist im Referat für Stadtplanung und Bauordnung.\nDie Koordinierungs-Stelle ist im Referat für Stadtplanung und Bauordnung.\nDie Koordinierungs
Über die Koordinierungsstelle LGBTIQ*\nDie Koordinierungsstelle fördert die Gleichstellung und Antidiskriminierung von Lesben, Schwulen, Bisexuellen, trans*, inter* und queeren Menschen.;Die Koordinierungs-Stelle LGBTIQ* fördert die Gleich-Stellung und Antidiskriminierung von Lesben, Schwulen, Bisexuellen, trans*, inter* und queeren Menschen.
Die Gleichstellungsstelle wirkt auf die Gleichstellung von Frauen und Männern in Beruf, Familie und Gesellschaft hin.;Die Gleichstellungs-Stelle arbeitet für die Gleich-Stellung von Frauen und Männern.\nDas bedeutet:\nFrauen und Männer sollen die gleichen Rechte haben.\nUnd die gleichen Chancen.\nIn der Arbeit.\nIn der Familie.\nUnd in der Gesellschaft.
Die Gleichstellungsstelle für Frauen wurde 1985 durch Stadtratsbeschluss eingerichtet, arbeitet weisungsfrei und ist direkt dem Oberbürgermeister unterstellt. Sie hat den Auftrag, auf die Gleichstellung von Frauen und Männern in Beruf, Familie und Gesellschaft hinzuwirken und an der Entwicklung einer frauen- und geschlechtergerechten kommunalen Infrastruktur mitzuarbeiten. Sie berät Bürgerinnen und Bürger, Beschäftigte und auch die Referate der Stadt München in Fragen der Gleichberechtigung und bei der Umsetzung der Gleichstellung.;Die Gleichstellungs-Stelle für Frauen ist eine Einrichtung von der Stadt München.\nDie Gleichstellungs-Stelle für Frauen ist für alle Frauen in München da.\nDie Gleichstellungs-Stelle für Frauen ist auch für alle Mädchen in München da.\nDie Gleichstellungs-Stelle für Frauen ist auch für alle Frauen und Mädchen mit Behinderung da.\nDie Gleichstellungs-Stelle für Frauen ist auch für alle Frauen und Mädchen mit Migrations-Hintergrund da.\nDie Gleichstellungs-Stelle für Frauen ist auch für alle Frauen und Mädchen mit lesbischer, schwuler, bisexueller, transsexueller, transgender und intergeschlechtlicher Lebens-Weise da.\nDie Gleichstellungs-Stelle für Frauen ist auch für alle Frauen und Mädchen mit unterschiedlichen sozialen Lebens-Verhältnissen da.\nDie Gleichstellungs-Stelle für Frauen ist auch für alle Frauen und Mädchen mit unterschiedlichen religiösen Lebens-Überzeugungen da.\nDie Gleichstellungs-Stelle für Frauen ist auch für alle Frauen und Mädchen mit unterschiedlichen kulturellen Lebens-Hintergründen da.\nDie Gleichstellungs-Stelle für Frauen ist auch für alle Frauen und Mädchen mit unterschiedlichen Alters-Gruppen da.\nDie Gleichstellungs-Stelle für Frauen ist auch für alle Frauen und Mädchen mit unterschiedlichen sexuellen Lebens-Weisen da.\nDie Gleichstellungs-Stelle für Frauen ist auch für alle Frauen und Mädchen mit unterschiedlichen Geschlechts-Identitäten da.\nDie Gleichstellungs-Stelle für Frauen ist auch für alle Frauen und Mädchen mit unterschiedlichen Geschlechts-Ausdrücken da.\nDie Gleichstellungs-Stelle für Frauen ist auch für alle Frauen und Mädchen mit unterschiedlichen Geschlechts-Merkmalen da.\nDie Gleichstellungs-Stelle für Frauen ist auch für alle Frauen und Mädchen mit unterschiedlichen Geschlechts-Identitäten da.\nDie Gleichstellungs-Stelle für Frauen ist auch für alle Frauen und Mädchen mit unterschiedlichen Geschlechts-Ausdrücken da.\nDie Gleichstellungs-Stelle für Frauen ist auch für alle Frauen und Mädchen mit unterschiedlichen Geschlechts-Merkmalen da.\nDie Gleichstellungs-Stelle für Frauen ist auch für alle Frauen und Mädchen mit unterschiedlichen Geschlechts-Identitäten da.\nDie Gleichstellungs-Stelle für Frauen ist auch für alle Frauen und Mädchen mit unterschiedlichen Geschlechts-Ausdrücken da.\nDie Gleichstellungs-Stelle für Frauen ist auch für alle Frauen und Mädchen mit unterschiedlichen Geschlechts-Merkmalen da.\nDie Gleichstellungs-Stelle für Frauen ist auch für alle Frauen und Mädchen mit unterschiedlichen Geschlechts-Identitäten da.\nDie Gleichstellungs-Stelle für Frauen ist auch für alle Frauen und Mädchen mit unterschiedlichen Geschlechts-Ausdrücken da.\nDie Gleichstellungs-Stelle für Frauen ist auch für alle Frauen und Mädchen mit unterschiedlichen Geschlechts-Merkmalen da.\nDie Gleichstellungs-Stelle für Frauen ist auch für alle Frauen und Mädchen mit unterschiedlichen Geschlechts-Identitäten da.\nDie Gleichstellungs-Stelle für Frauen ist auch für alle Frauen und Mädchen mit unterschiedlichen Geschlechts-Ausdrücken da.\nDie Gleichstellungs-Stelle für Frauen ist auch für alle Frauen und Mädchen mit unterschiedlichen Geschlechts-Merkmalen da.\nDie Gleichstellungs-Stelle für Frauen ist auch für alle Frauen und Mädchen mit unterschiedlichen Geschlechts-Identitäten da.\nDie Gleichstellungs-Stelle für Frauen ist auch für alle Frauen und Mädchen mit unterschiedlichen Geschlechts-Ausdrücken da.\nDie Gleichstellungs-Stelle für Frauen ist auch für alle Frauen und Mädchen mit unterschiedlichen Geschlechts-Merkmalen da.\nDie Gleichstellungs-Stelle für Frauen ist auch für alle Frauen und Mädchen mit unterschiedlichen Geschlechts-Identitäten da.\nDie Gleichstellungs-Stelle für Frauen ist auch für alle Frauen und Mädchen mit unterschiedlichen Geschlechts-Ausdrücken da.\nDie Gleichstellungs-Stelle für Frauen ist auch für alle Frauen und Mädchen mit unterschiedlichen Geschlechts-Merkmalen da.\nDie Gleichstellungs-Stelle für Frauen ist auch für alle Frauen und Mädchen mit unterschiedlichen Geschlechts-Identitäten da.\nDie Gleichstellungs-Stelle für Frauen ist auch für alle Frauen und Mädchen mit unterschiedlichen Geschlechts-Ausdrücken da.\nDie Gleichstellungs-Stelle für Frauen ist auch für alle Frauen und Mädchen mit unterschiedlichen Geschlechts-Merkmalen da.\nDie Gleichstellungs-Stelle für Frauen ist auch für alle Frauen und Mädchen mit unterschiedlichen Geschlechts-Identitäten da.\nDie Gleichstellungs-Stelle für Frauen ist auch für alle Frauen und Mädchen mit unterschiedlichen Geschlechts-Ausdrücken da.\nDie Gleichstellungs-Stelle für Frauen ist auch für alle Frauen und Mädchen mit unterschiedlichen Geschlechts-Merkmalen da.\nDie Gleichstellungs-Stelle für Frauen ist auch für alle Frauen und Mädchen mit unterschiedlichen Geschlechts-Identitäten da.\nDie Gleichstellungs-Stelle für Frauen ist auch für alle Frauen und Mädchen mit unterschiedlichen Geschlechts-Ausdrücken da.\nDie Gleichstellungs-Stelle für Frauen ist auch für alle Frauen und Mädchen mit unterschiedlichen Geschlechts-Merkmalen da.\nDie Gleichstellungs-Stelle für Frauen ist auch für alle Frauen und Mädchen mit unterschiedlichen Geschlechts-Identitäten da.\nDie Gleichstellungs-Stelle für Frauen ist auch für alle Frauen und Mädchen mit unterschiedlichen Geschlechts-Ausdrücken da.\nDie Gleichstellungs-Stelle für Frauen ist auch für alle Frauen und Mädchen mit unterschiedlichen Geschlechts-Merkmalen da.\nDie Gleichstellungs-Stelle für Frauen ist auch für alle Frauen und Mädchen mit unterschiedlichen Geschlechts-Identitäten da.\nDie Gleichstellungs-Stelle für Frauen ist auch für alle Frauen und Mädchen mit unterschiedlichen Geschlechts-Ausdrücken da.\nDie Gleichstellungs-Stelle für Frauen ist auch für alle Frauen und Mädchen mit unterschiedlichen Geschlechts-Merkmalen da.\nDie Gleichstellungs-Stelle für Frauen ist auch für alle Frauen und Mädchen mit unterschiedlichen Geschlechts-Identitäten da.\nDie Gleichstellungs-Stelle für Frauen ist auch für alle Frauen und Mädchen mit unterschiedlichen Geschlechts-Ausdrücken da.\nDie Gleichstellungs-Stelle für Frauen ist auch für alle Frauen und Mädchen mit unterschiedlichen Geschlechts-Merkmalen da.\nDie Gleichstellungs-Stelle für Frauen ist auch für alle Frauen und Mädchen mit unterschiedlichen Geschlechts-Identitäten da.\nDie Gleichstellungs-Stelle für Frauen ist auch für alle Frauen und Mädchen mit unterschiedlichen Geschlechts-Ausdrücken da.\nDie Gleichstellungs-Stelle für Frauen ist auch für alle Frauen und Mädchen mit unterschiedlichen Geschlechts-Merkmalen da.\nDie Gleichstellungs-Stelle für Frauen ist auch für alle Frauen und Mädchen mit unterschiedlichen Geschlechts-Identitäten da.\nDie Gleichstellungs-Stelle für Frauen ist auch für alle Frauen und Mädchen mit unterschiedlichen Geschlechts-Ausdrücken da.\nDie Gleichstellungs-Stelle für Frauen ist auch für alle Frauen und Mädchen mit unterschiedlichen Geschlechts-Merkmalen da.\nDie Gleichstellungs-Stelle für Frauen ist auch für alle Frauen und Mädchen mit unterschiedlichen Geschlechts-Identitäten da.\nDie Gleichstellungs-Stelle für Frauen ist auch für alle Frauen und Mädchen mit unterschiedlichen Geschlechts-Ausdrücken da.\nDie Gleichstellungs-Stelle für Frauen ist auch für alle Frauen und Mädchen mit unterschiedlichen Geschlechts-Merkmalen da.\nDie Gleichstellungs-Stelle für Frauen ist auch für alle Frauen und Mädchen mit unterschiedlichen Geschlechts-Identitäten da.\nDie Gleichstellungs-Stelle für Frauen ist auch für alle Frauen und Mädchen mit unterschiedlichen Geschlechts-Ausdrücken da.\nDie Gleichstellungs-Stelle für Frauen ist auch für alle Frauen und Mädchen mit unterschiedlichen Geschlechts-Merkmalen da.\nDie Gleichstellungs-Stelle für Frauen ist auch für alle Frauen und Mädchen mit unterschiedlichen Geschlechts-Identitäten da.\nDie Gleichstellungs-Stelle für Frauen ist auch für alle Frauen und Mädchen mit unterschiedlichen Geschlechts-Ausdrücken da.\nDie Gleichstellungs-Stelle für Frauen ist auch für alle Frauen und Mädchen mit unterschiedlichen Geschlechts-Merkmalen da.\nDie Gleichstellungs-Stelle für Frauen ist auch für alle Frauen und Mädchen mit unterschiedlichen Geschlechts-Identitäten da.\nDie Gleichstellungs-Stelle für Frauen ist auch für alle Frauen und Mädchen mit unterschiedlichen Geschlechts-Ausdrücken da.\nDie Gleichstellungs-Stelle für Frauen ist auch für alle Frauen und Mädchen mit unterschiedlichen Geschlechts-Merkmalen da.\nDie Gleichstellungs-Stelle für Frauen ist auch für alle Frauen und Mädchen mit unterschiedlichen Geschlechts-Identitäten da.\nDie Gleichstellungs-Stelle für Frauen ist auch für alle Frauen und Mädchen mit unterschiedlichen Geschlechts-Ausdrücken da.\nDie Gleichstellungs-Stelle für Frauen ist auch für alle Frauen und Mädchen mit unterschiedlichen Geschlechts-Merkmalen da.\nDie Gleichstellungs-Stelle für Frauen ist auch für alle Frauen und Mädchen mit unterschiedlichen Geschlechts-Identitäten da.\nDie Gleichstellungs-Stelle für Frauen ist auch für alle Frauen und Mädchen mit unterschiedlichen Geschlechts-Ausdrücken da.\nDie Gleichstellungs-Stelle für Frauen ist auch für alle Frauen und Mädchen mit unterschiedlichen Geschlechts-Merkmalen da.\nDie Gleichstellungs-Stelle für Frauen ist auch für alle Frauen und Mädchen mit unterschiedlichen Geschlechts-Identitäten da.\nDie Gleichstellungs-Stelle für Frauen ist auch für alle Frauen und Mädchen mit unterschiedlichen Geschlechts-Ausdrücken da.\nDie Gleichstellungs-Stelle für Frauen ist auch für alle Frauen und Mädchen mit unterschiedlichen Geschlechts-Merkmalen da.\nDie Gleichstellungs-Stelle für Frauen ist auch für alle Frauen und Mädchen mit unterschiedlichen Geschlechts-Identitäten da.\nDie Gleichstellungs-Stelle für Frauen ist auch für alle Frauen und Mädchen mit unterschiedlichen Geschlechts-Ausdrücken da.\nDie Gleichstellungs-Stelle für Frauen ist auch für alle Frauen und Mädchen mit unterschiedlichen Geschlechts-Merkmalen da.\nDie Gleichstellungs-Stelle für Frauen ist auch für alle Frauen und Mädchen mit unterschiedlichen Geschlechts-Identitäten da.\nDie Gleichstellungs-Stelle für Frauen ist auch für alle Frauen und Mädchen mit unterschiedlichen Geschlechts-Ausdrücken da.\nDie Gleichstellungs-Stelle für Frauen ist auch für alle Frauen und Mädchen mit unterschiedlichen Geschlechts-Merkmalen da.\nDie Gleichstellungs-Stelle für Frauen ist auch für alle Frauen und Mädchen mit unterschiedlichen Geschlechts-Identitäten da.\nDie Gleichstellungs-Stelle für Frauen ist auch für alle Frauen und Mädchen mit unterschiedlichen Geschlechts-Ausdrücken da.\nDie Gleichstellungs-Stelle für Frauen ist auch für alle Frauen und Mädchen mit unterschiedlichen Geschlechts-Merkmalen da.\nDie Gleichstellungs-Stelle für Frauen ist auch für alle Frauen und Mädchen mit unterschiedlichen Geschlechts-Identitäten da.\nDie Gleichstellungs-Stelle für Frauen ist auch für alle Frauen und Mädchen mit unterschiedlichen Geschlechts-Ausdrücken da.\nDie Gleichstellungs-Stelle für Frauen ist auch für alle Frauen und Mädchen mit unterschiedlichen Geschlechts-Merkmalen da.\nDie Gleichstellungs-Stelle für Frauen ist auch für alle Frauen und Mädchen mit unterschiedlichen Geschlechts-Identitäten da.\nDie Gleichstellungs-Stelle für Frauen ist auch für alle Frauen und Mädchen mit unterschiedlichen Geschlechts-Ausdrücken da.\nDie Gleichstellungs-Stelle für Frauen ist auch für alle Frauen und Mädchen mit unterschiedlichen Geschlechts-Merkmalen da.\nDie Gleichstellungs-Stelle für Frauen ist auch für alle Frauen und Mädchen mit unterschiedlichen Geschlechts-Identitäten da.\nDie Gleichstellungs-Stelle für Frauen ist auch für alle Frauen und Mädchen mit unterschiedlichen Geschlechts-Ausdrücken da.\nDie Gleichstellungs-Stelle für Frauen ist auch für alle Frauen und Mädchen mit unterschiedlichen Geschlechts-Merkmalen da.\nDie Gleichstellungs-Stelle für Frauen ist auch für alle Frauen und Mädchen mit unterschiedlichen Geschlechts-Identitäten da.\nDie Gleichstellungs-Stelle für Frauen ist auch für alle Frauen und Mädchen mit unterschiedlichen Geschlechts-Ausdrücken da.\nDie Gleichstellungs-Stelle für Frauen ist auch für alle Frauen und Mädchen mit unterschiedlichen Geschlechts-Merkmalen da.\nDie Gleichstellungs-Stelle für Frauen ist auch für alle Frauen und Mädchen mit unterschiedlichen Geschlechts-Identitäten da.\nDie Gleichstellungs-Stelle für Frauen ist auch für alle Frauen und Mädchen mit unterschiedlichen Geschlechts-Ausdrücken da.\nDie Gleichstellungs-Stelle für Frauen ist auch für alle Frauen und Mädchen mit unterschiedlichen Geschlechts-Merkmalen da.\nDie Gleichstellungs-Stelle für Frauen ist auch für alle Frauen und Mädchen mit unterschiedlichen Geschlechts-Identitäten da.\nDie Gleichstellungs-Stelle für Frauen ist auch für alle Frauen und Mädchen mit unterschiedlichen Geschlechts-Ausdrücken da.\nDie Gleichstellungs-Stelle für Frauen ist auch für alle Frauen und Mädchen mit unterschiedlichen Geschlechts-Merkmalen da.\nDie Gleichstellungs-Stelle für Frauen ist auch für alle Frauen und Mädchen mit unterschiedlichen Geschlechts-Identitäten da.\nDie Gleichstellungs-Stelle für Frauen ist auch für alle Frauen und Mädchen mit unterschiedlichen Geschlechts-Ausdrücken da.\nDie Gleichstellungs-Stelle für Frauen ist auch für alle Frauen und Mädchen mit unterschiedlichen Geschlechts-Merkmalen da.\nDie Gleichstellungs-Stelle für Frauen ist auch für alle Frauen und Mädchen mit unterschiedlichen Geschlechts-Identitäten da.\nDie Gleichstellungs-Stelle für Frauen ist auch für alle Frauen und Mädchen mit unterschiedlichen Geschlechts-Ausdrücken da.\nDie Gleichstellungs-Stelle für Frauen ist auch für alle Frauen und Mädchen mit unterschiedlichen Geschlechts-Merkmalen da.\nDie Gleichstellungs-Stelle für Frauen ist auch für alle Frauen und Mädchen mit unterschiedlichen Geschlechts-Identitäten da.\nDie Gleichstellungs-Stelle für Frauen ist auch für alle Frauen und Mädchen mit unterschiedlichen Geschlechts-Ausdrücken da.\nDie Gleichstellungs-Stelle für Frauen ist auch für alle Frauen und Mädchen mit unterschiedlichen Geschlechts-Merkmalen da.\nDie Gleichstellungs-Stelle für Frauen ist auch für alle Frauen und Mädchen mit unterschiedlichen Geschlechts-Identitäten da.\nDie Gleichstellungs-Stelle für Frauen ist auch für alle Frauen und Mädchen mit unterschiedlichen Geschlechts-Ausdrücken da.\nDie Gleichstellungs-Stelle für Frauen ist auch für alle Frauen und Mädchen mit unterschiedlichen Geschlechts-Merkmalen da.\nDie Gleichstellungs-Stelle für Frauen ist auch für alle Frauen und Mädchen mit unterschiedlichen Geschlechts-Identitäten da.\nDie Gleichstellungs-Stelle für Frauen ist auch für alle Frauen und Mädchen mit unterschiedlichen Geschlechts-Ausdrücken da.\nDie Gleichstellungs-Stelle für Frauen ist auch für alle Frauen und Mädchen mit unterschiedlichen Geschlechts-Merkmalen da.\nDie Gleichstellungs-Stelle für Frauen ist auch für alle Frauen und Mädchen mit unterschiedlichen Geschlechts-Identitäten da.\nDie Gleichstellungs-Stelle für Frauen ist auch für alle Frauen und Mädchen mit unterschiedlichen Geschlechts-Ausdrücken da.\nDie Gleichstellungs-Stelle für Frauen ist auch für alle Frauen und Mädchen mit unterschiedlichen Geschlechts-Merkmalen da.\nDie Gleichstellungs-Stelle für Frauen ist auch für alle Frauen und Mädchen mit unterschiedlichen Geschlechts-Identitäten da.\nDie Gleichstellungs-Stelle für Frauen ist auch für alle Frauen und Mädchen mit unterschiedlichen Geschlechts-Ausdrücken da.\nDie Gleichstellungs-Stelle für Frauen ist auch für alle Frauen und Mädchen mit unterschiedlichen Geschlechts-Merkmalen da.\nDie Gleichstellungs-Stelle für Frauen ist auch für alle Frauen und Mädchen mit unterschiedlichen Geschlechts-Identitäten da.\nDie Gleichstellungs-Stelle für Frauen ist auch für alle Frauen und Mädchen mit unterschiedlichen Geschlechts-Ausdrücken da.\nDie Gleichstellungs-Stelle für Frauen ist auch für alle Frauen und Mädchen mit unterschiedlichen Geschlechts-Merkmalen da.\nDie Gleichstellungs-Stelle für Frauen ist auch für alle Frauen und Mädchen mit unterschiedlichen Geschlechts-Identitäten da.\nDie Gleichstellungs-Stelle für Frauen ist auch für alle Frauen und Mädchen mit unterschiedlichen Geschlechts-Ausdrücken da.\nDie Gleichstellungs-Stelle für Frauen ist auch für alle Frauen und Mädchen mit unterschiedlichen Geschlechts-Merkmalen da.\nDie Gleichstellungs-Stelle für Frauen ist auch für alle Frauen und Mädchen mit unterschiedlichen Geschlechts-Identitäten da.\nDie Gleichstellungs-Stelle für Frauen ist auch für alle Frauen und Mädchen mit unterschiedlichen Geschlechts-Ausdrücken da.\nDie Gleichstellungs-Stelle für Frauen ist auch für alle Frauen und Mädchen mit unterschiedlichen Geschlechts-Merkmalen da.\nDie Gleichstellungs-Stelle für Frauen ist auch für alle Frauen und Mädchen mit unterschiedlichen Geschlechts-Identitäten da.\nDie Gleichstellungs-Stelle für Frauen ist auch für alle Frauen und Mädchen mit unterschiedlichen Geschlechts-Ausdrücken da.\nDie Gleichstellungs-Stelle für Frauen ist auch für alle Frauen und Mädchen mit unterschiedlichen Geschlechts-Merkmalen da.\nDie Gleichstellungs-Stelle für Frauen ist auch für alle Frauen und Mädchen mit unterschiedlichen Geschlechts-Identitäten da.\nDie Gleichstellungs-Stelle für Frauen ist auch für alle Frauen und Mädchen mit unterschiedlichen Geschlechts-Ausdrücken da.\nDie Gleichstellungs-Stelle für Frauen ist auch für alle Frauen und Mädchen mit unterschiedlichen Geschlechts-Merkmalen da.\nDie Gleichstellungs-Stelle für Frauen ist auch für alle Frauen und Mädchen mit unterschiedlichen Geschlechts-Identitäten da.\nDie Gleichstellungs-Stelle für Frauen ist auch für alle Frauen und Mädchen mit unterschiedlichen Geschlechts-Ausdrücken da.\nDie Gleichstellungs-Stelle für Frauen ist auch für alle Frauen und Mädchen mit unterschiedlichen Geschlechts-Merkmalen da.\nDie Gleichstellungs-Stelle für Frauen ist auch für alle Frauen und Mädchen mit unterschiedlichen Geschlechts-Identitäten da.\nDie Gleichstellungs-Stelle für Frauen ist auch für alle Frauen und Mädchen mit unterschiedlichen Geschlechts-Ausdrücken da.\nDie Gleichstellungs-Stelle für Frauen ist auch für alle Frauen und Mädchen mit unterschiedlichen Geschlechts-Merkmalen da.\nDie Gleichstellungs-Stelle für Frauen ist auch für alle Frauen und Mädchen mit unterschiedlichen Geschlechts-Identitä
Die Stadtratskommission für Frauen gibt Gleichstellungsthemen stadtweit Gewicht.\nHier setzen Frauen die Themen und geben Empfehlungen für die Kommunalpolitik. Ihre Empfehlungen muss der Stadtrat innerhalb von drei Monaten behandeln. Die Kommission unterstützt die Arbeit der Gleichstellungsstelle für Frauen und berät über aktuelle und bedeutende Themen, die die Lebenssituation von Frauen und Mädchen in München betreffen. In beinahe jeder Sitzung müssen Beschwerden von Münchner Bürgerinnen über sexistische und diskriminierende Werbung behandelt werden.\nDie Gleichstellungsstelle für Frauen hat die Geschäftsführung inne.\nDie Gleichstellungsstelle übernimmt die Geschäftsführung der Kommission. Sie ist verantwortlich für die Organisation von der Einladung bis zum Protokoll, sie bereitet die Sitzungen vor, erarbeitet Empfehlungen und überprüft deren Umsetzung.\nDer Stadtrat muss handeln.\nDie Kommission tagt monatlich. 11 Stadträtinnen und 12 Vertreterinnen von Münchner Verbänden, Einrichtungen und Projekten sitzen in diesem Gremium.;Die Gleichstellungs-Stelle für Frauen ist eine Einrichtung von der Stadt München.\nDie Gleichstellungs-Stelle für Frauen ist für alle Frauen in München da.\nDie Gleichstellungs-Stelle für Frauen ist auch für Mädchen da.\nDie Gleichstellungs-Stelle für Frauen berät Frauen und Mädchen.\nBeraten bedeutet:\nDie Mitarbeiter und Mitarbeiterinnen von der Gleichstellungs-Stelle für Frauen hören Ihnen zu.\nSie besprechen mit Ihnen, was Sie brauchen.\nUnd sie sagen Ihnen, wo Sie Hilfe bekommen.\nDie Gleichstellungs-Stelle für Frauen macht auch eigene Angebote.\nZum Beispiel:\n* Es gibt Kurse.\n  In den Kursen können Frauen und Mädchen zum Beispiel lernen:\n  Wie kann ich mich besser durchsetzen?\n  Wie kann ich mich besser wehren?\n  Wie kann ich mich besser entspannen?\n* Es gibt Informations-Veranstaltungen.\n  Bei einer Informations-Veranstaltung gibt es Informationen zu einem Thema.\n  Zum Beispiel zu dem Thema:\n  Wie kann ich mich vor Gewalt schützen?\n  Wie kann ich mich besser wehren?\n  Was kann ich tun, wenn ich Gewalt erlebe?\n* Es gibt Beratungs-Stellen.\n  In einer Beratungs-Stelle können Frauen und Mädchen zum Beispiel anrufen.\n  Sie können dort anrufen, wenn sie Hilfe brauchen.\n  Zum Beispiel, wenn sie Gewalt erleben.\n  Oder wenn sie sich nicht sicher sind, ob sie Gewalt erleben.\n  Oder wenn sie sich nicht sicher sind, ob sie diskriminiert werden.\n  Diskriminierung bedeutet:\n  Jemand wird schlecht behandelt, weil er zum Beispiel eine Frau ist.\n  Oder weil er zum Beispiel eine Behinderung hat.\n  Oder weil er zum Beispiel schwul ist.\n  Oder weil er zum Beispiel arm ist.\n  Oder weil er zum Beispiel alt ist.\n  Oder weil er zum Beispiel eine andere Haut-Farbe hat.\n  Oder weil er zum Beispiel eine andere Religion hat.\n  Oder weil er zum Beispiel eine andere Nationalität hat.\n  Oder weil er zum Beispiel eine andere sexuelle Orientierung hat.\n  Oder weil er zum Beispiel eine andere Geschlechts-Identität hat.\n  Oder weil er zum Beispiel eine andere soziale Herkunft hat.\n  Oder weil er zum Beispiel eine andere Bildung hat.\n  Oder weil er zum Beispiel eine andere Sprache spricht.\n  Oder weil er zum Beispiel eine andere politische Meinung hat.\n  Oder weil er zum Beispiel eine andere Welt-Anschauung hat.\n  Oder weil er zum Beispiel eine andere Kultur hat.\n  Oder weil er zum Beispiel eine andere Lebens-Form hat.\n  Oder weil er zum Beispiel eine andere Lebens-Weise hat.\n  Oder weil er zum Beispiel eine andere Lebens-Art hat.\n  Oder weil er zum Beispiel eine andere Lebens-Einstellung hat.\n  Oder weil er zum Beispiel eine andere Lebens-Philosophie hat.\n  Oder weil er zum Beispiel eine andere Lebens-Regel hat.\n  Oder weil er zum Beispiel eine andere Lebens-Regelung hat.\n  Oder weil er zum Beispiel eine andere Lebens-Regelung hat.\n  Oder weil er zum Beispiel eine andere Lebens-Regelung hat.\n  Oder weil er zum Beispiel eine andere Lebens-Regelung hat.\n  Oder weil er zum Beispiel eine andere Lebens-Regelung hat.\n  Oder weil er zum Beispiel eine andere Lebens-Regelung hat.\n  Oder weil er zum Beispiel eine andere Lebens-Regelung hat.\n  Oder weil er zum Beispiel eine andere Lebens-Regelung hat.\n  Oder weil er zum Beispiel eine andere Lebens-Regelung hat.\n  Oder weil er zum Beispiel eine andere Lebens-Regelung hat.\n  Oder weil er zum Beispiel eine andere Lebens-Regelung hat.\n  Oder weil er zum Beispiel eine andere Lebens-Regelung hat.\n  Oder weil er zum Beispiel eine andere Lebens-Regelung hat.\n  Oder weil er zum Beispiel eine andere Lebens-Regelung hat.\n  Oder weil er zum Beispiel eine andere Lebens-Regelung hat.\n  Oder weil er zum Beispiel eine andere Lebens-Regelung hat.\n  Oder weil er zum Beispiel eine andere Lebens-Regelung hat.\n  Oder weil er zum Beispiel eine andere Lebens-Regelung hat.\n  Oder weil er zum Beispiel eine andere Lebens-Regelung hat.\n  Oder weil er zum Beispiel eine andere Lebens-Regelung hat.\n  Oder weil er zum Beispiel eine andere Lebens-Regelung hat.\n  Oder weil er zum Beispiel eine andere Lebens-Regelung hat.\n  Oder weil er zum Beispiel eine andere Lebens-Regelung hat.\n  Oder weil er zum Beispiel eine andere Lebens-Regelung hat.\n  Oder weil er zum Beispiel eine andere Lebens-Regelung hat.\n  Oder weil er zum Beispiel eine andere Lebens-Regelung hat.\n  Oder weil er zum Beispiel eine andere Lebens-Regelung hat.\n  Oder weil er zum Beispiel eine andere Lebens-Regelung hat.\n  Oder weil er zum Beispiel eine andere Lebens-Regelung hat.\n  Oder weil er zum Beispiel eine andere Lebens-Regelung hat.\n  Oder weil er zum Beispiel eine andere Lebens-Regelung hat.\n  Oder weil er zum Beispiel eine andere Lebens-Regelung hat.\n  Oder weil er zum Beispiel eine andere Lebens-Regelung hat.\n  Oder weil er zum Beispiel eine andere Lebens-Regelung hat.\n  Oder weil er zum Beispiel eine andere Lebens-Regelung hat.\n  Oder weil er zum Beispiel eine andere Lebens-Regelung hat.\n  Oder weil er zum Beispiel eine andere Lebens-Regelung hat.\n  Oder weil er zum Beispiel eine andere Lebens-Regelung hat.\n  Oder weil er zum Beispiel eine andere Lebens-Regelung hat.\n  Oder weil er zum Beispiel eine andere Lebens-Regelung hat.\n  Oder weil er zum Beispiel eine andere Lebens-Regelung hat.\n  Oder weil er zum Beispiel eine andere Lebens-Regelung hat.\n  Oder weil er zum Beispiel eine andere Lebens-Regelung hat.\n  Oder weil er zum Beispiel eine andere Lebens-Regelung hat.\n  Oder weil er zum Beispiel eine andere Lebens-Regelung hat.\n  Oder weil er zum Beispiel eine andere Lebens-Regelung hat.\n  Oder weil er zum Beispiel eine andere Lebens-Regelung hat.\n  Oder weil er zum Beispiel eine andere Lebens-Regelung hat.\n  Oder weil er zum Beispiel eine andere Lebens-Regelung hat.\n  Oder weil er zum Beispiel eine andere Lebens-Regelung hat.\n  Oder weil er zum Beispiel eine andere Lebens-Regelung hat.\n  Oder weil er zum Beispiel eine andere Lebens-Regelung hat.\n  Oder weil er zum Beispiel eine andere Lebens-Regelung hat.\n  Oder weil er zum Beispiel eine andere Lebens-Regelung hat.\n  Oder weil er zum Beispiel eine andere Lebens-Regelung hat.\n  Oder weil er zum Beispiel eine andere Lebens-Regelung hat.\n  Oder weil er zum Beispiel eine andere Lebens-Regelung hat.\n  Oder weil er zum Beispiel eine andere Lebens-Regelung hat.\n  Oder weil er zum Beispiel eine andere Lebens-Regelung hat.\n  Oder weil er zum Beispiel eine andere Lebens-Regelung hat.\n  Oder weil er zum Beispiel eine andere Lebens-Regelung hat.\n  Oder weil er zum Beispiel eine andere Lebens-Regelung hat.\n  Oder weil er zum Beispiel eine andere Lebens-Regelung hat.\n  Oder weil er zum Beispiel eine andere Lebens-Regelung hat.\n  Oder weil er zum Beispiel eine andere Lebens-Regelung hat.\n  Oder weil er zum Beispiel eine andere Lebens-Regelung hat.\n  Oder weil er zum Beispiel eine andere Lebens-Regelung hat.\n  Oder weil er zum Beispiel eine andere Lebens-Regelung hat.\n  Oder weil er zum Beispiel eine andere Lebens-Regelung hat.\n  Oder weil er zum Beispiel eine andere Lebens-Regelung hat.\n  Oder weil er zum Beispiel eine andere Lebens-Regelung hat.\n  Oder weil er zum Beispiel eine andere Lebens-Regelung hat.\n  Oder weil er zum Beispiel eine andere Lebens-Regelung hat.\n  Oder weil er zum Beispiel eine andere Lebens-Regelung hat.\n  Oder weil er zum Beispiel eine andere Lebens-Regelung hat.\n  Oder weil er zum Beispiel eine andere Lebens-Regelung hat.\n  Oder weil er zum Beispiel eine andere Lebens-Regelung hat.\n  Oder weil er zum Beispiel eine andere Lebens-Regelung hat.\n  Oder weil er zum Beispiel eine andere Lebens-Regelung hat.\n  Oder weil er zum Beispiel eine andere Lebens-Regelung hat.\n  Oder weil er zum Beispiel eine andere Lebens-Regelung hat.\n  Oder weil er zum Beispiel eine andere Lebens-Regelung hat.\n  Oder weil er zum Beispiel eine andere Lebens-Regelung hat.\n  Oder weil er zum Beispiel eine andere Lebens-Regelung hat.\n  Oder weil er zum Beispiel eine andere Lebens-Regelung hat.\n  Oder weil er zum Beispiel eine andere Lebens-Regelung hat.\n  Oder weil er zum Beispiel eine andere Lebens-Regelung hat.\n  Oder weil er zum Beispiel eine andere Lebens-Regelung hat.\n  Oder weil er zum Beispiel eine andere Lebens-Regelung hat.\n  Oder weil er zum Beispiel eine andere Lebens-Regelung hat.\n  Oder weil er zum Beispiel eine andere Lebens-Regelung hat.\n  Oder weil er zum Beispiel eine andere Lebens-Regelung hat.\n  Oder weil er zum Beispiel eine andere Lebens-Regelung hat.\n  Oder weil er zum Beispiel eine andere Lebens-Regelung hat.\n  Oder weil er zum Beispiel eine andere Lebens-Regelung hat.\n  Oder weil er zum Beispiel eine andere Lebens-Regelung hat.\n  Oder weil er zum Beispiel eine andere Lebens-Regelung hat.\n  Oder weil er zum Beispiel eine andere Lebens-Regelung hat.\n  Oder weil er zum Beispiel eine andere Lebens-Regelung hat.\n  Oder weil er zum Beispiel eine andere Lebens-Regelung hat.\n  Oder weil er zum Beispiel eine andere Lebens-Regelung hat.\n  Oder weil er zum Beispiel eine andere Lebens-Regelung hat.\n  Oder weil er zum Beispiel eine andere Lebens-Regelung hat.\n  Oder weil er zum Beispiel eine andere Lebens-Regelung hat.\n  Oder weil er zum Beispiel eine andere Lebens-Regelung hat.\n  Oder weil er zum Beispiel eine andere Lebens-Regelung hat.\n  Oder weil er zum Beispiel eine andere Lebens-Regelung hat.\n  Oder weil er zum Beispiel eine andere Lebens-Regelung hat.\n  Oder weil er zum Beispiel eine andere Lebens-Regelung hat.\n  Oder weil er zum Beispiel eine andere Lebens-Regelung hat.\n  Oder weil er zum Beispiel eine andere Lebens-Regelung hat.\n  Oder weil er zum Beispiel eine andere Lebens-Regelung hat.\n  Oder weil er zum Beispiel eine andere Lebens-Regelung hat.\n  Oder weil er zum Beispiel eine andere Lebens-Regelung hat.\n  Oder weil er zum Beispiel eine andere Lebens-Regelung hat.\n  Oder weil er zum Beispiel eine andere Lebens-Regelung hat.\n  Oder weil er zum Beispiel eine andere Lebens-Regelung hat.\n  Oder weil er zum Beispiel eine andere Lebens-Regelung hat.\n  Oder weil er zum Beispiel eine andere Lebens-Regelung hat.\n  Oder weil er zum Beispiel eine andere Lebens-Regelung hat.\n  Oder weil er zum Beispiel eine andere Lebens-Regelung hat.\n  Oder weil er zum Beispiel eine andere Lebens-Regelung hat.\n  Oder weil er zum Beispiel eine andere Lebens-Regelung hat.\n  Oder weil er zum Beispiel eine andere Lebens-Regelung hat.\n  Oder weil er zum Beispiel eine andere Lebens-Regelung hat.\n  Oder weil er zum Beispiel eine andere Lebens-Regelung hat.\n  Oder weil er zum Beispiel eine andere Lebens-Regelung hat.\n  Oder weil er zum Beispiel eine andere Lebens-Regelung hat.\n  Oder weil er zum Beispiel eine andere Lebens-Regelung hat.\n  Oder weil er zum Beispiel eine andere Lebens-Regelung hat.\n  Oder weil er zum Beispiel eine andere Lebens-Regelung hat.\n  Oder weil er zum Beispiel eine andere Lebens-Regelung hat.\n  Oder weil er zum Beispiel eine andere Lebens-Regelung hat.\n  Oder weil er zum Beispiel eine andere Lebens-Regelung hat.\n  Oder weil er zum Beispiel eine andere Lebens-Regelung hat.\n  Oder weil er zum Beispiel eine andere Lebens-Regelung hat.\n  Oder weil er zum Beispiel eine andere Lebens-Regelung hat.\n  Oder weil er zum Beispiel eine andere Lebens-Regelung hat.\n  Oder weil er zum Beispiel eine andere Lebens-Regelung hat.\n  Oder weil er zum Beispiel eine andere Lebens-Regelung hat.\n  Oder weil er zum Beispiel eine andere Lebens-Regelung hat.\n  Oder weil er zum Beispiel eine andere Lebens-Regelung hat.\n  Oder weil er zum Beispiel eine andere Lebens-Regelung hat.\n  Oder weil er zum Beispiel eine andere Lebens-Regelung hat.\n  Oder weil er zum Beispiel eine andere Lebens-Regelung hat.\n  Oder weil er zum Beispiel eine andere Lebens-Regelung hat.\n  Oder weil er zum Beispiel eine andere Lebens-Regelung hat.\n  Oder weil er zum Beispiel eine andere Lebens-Regelung hat.\n  Oder weil er zum Beispiel eine andere Lebens-Regelung hat.\n  Oder weil er zum Beispiel eine andere Lebens-Regelung hat.\n  Oder weil er zum Beispiel eine andere Lebens-Regelung hat.\n  Oder weil er zum Beispiel eine andere Lebens-Regelung hat.\n  Oder weil er zum Beispiel eine andere Lebens-Regelung hat.\n  Oder weil er zum Beispiel eine andere Lebens-Regelung hat.\n  Oder weil er zum Beispiel eine andere Lebens-Regelung hat.\n  Oder weil er zum Beispiel eine andere Lebens-Regelung hat.\n  Oder weil er zum Beispiel eine andere Lebens-Regelung hat.\n  Oder weil er zum Beispiel eine andere Lebens-Regelung hat.\n  Oder weil er zum Beispiel eine andere Lebens-Regelung hat.\n  Oder weil er zum Beispiel eine andere Lebens-Regelung hat.\n  Oder weil er zum Beispiel eine andere Lebens-Regelung hat.\n  Oder weil er zum Beispiel eine andere Lebens-Regelung hat.\n  Oder weil er zum Beispiel eine andere Lebens-Regelung hat.\n  Oder weil er zum Beispiel eine andere Lebens-Regelung hat.\n  Oder weil er zum Beispiel eine andere Lebens-Regelung hat.\n  Oder weil er zum Beispiel eine andere Lebens-Regelung hat.\n  Oder weil er zum Beispiel eine andere Lebens-Regelung hat.\n  Oder weil er zum Beispiel eine andere Lebens-Regelung hat.\n  Oder weil er zum Beispiel eine andere Lebens-Regelung hat.\n  Oder weil er zum Beispiel eine andere Lebens-Regelung hat.\n  Oder weil er zum Beispiel eine andere Lebens-Regelung hat.\n  Oder weil er zum Beispiel eine andere Lebens-Regelung hat.\n  Oder weil er zum Beispiel eine andere Lebens-Regelung hat.\n  Oder weil er zum Beispiel eine andere Lebens-Regelung hat.\n  Oder weil er zum Beispiel eine andere Lebens-Regelung hat.\n  Oder weil er zum Beispiel eine andere Lebens-Regelung hat.\n  Oder weil er zum Beispiel eine andere Lebens-Regelung hat.\n  Oder weil er zum Beispiel eine andere Lebens-Regelung hat.\n  Oder weil er zum Beispiel eine andere Lebens-Regelung hat.\n  Oder weil er zum Beispiel eine andere Lebens-Regelung hat.\n  Oder weil er zum Beispiel eine andere Lebens-Regelung hat.\n  Oder weil er zum Beispiel eine andere Lebens-Regelung hat.\n  Oder weil er zum Beispiel eine andere Lebens-Regelung hat.\n  Oder weil er zum Beispiel eine andere Lebens-Regelung hat.\n  Oder weil er zum Beispiel eine andere Lebens-Regelung hat.\n  Oder weil er zum Beispiel eine andere Lebens-Regelung hat.\n  Oder weil er zum Beispiel eine andere Lebens-Regelung hat.\n  Oder weil er zum Beispiel eine andere Lebens-Regelung hat.\n  Oder weil er zum Beispiel eine andere Lebens-Regelung hat.\n  Oder weil er zum Beispiel eine andere Lebens-Regelung hat.\n  Oder weil er zum Beispiel eine andere Lebens-Regelung hat.\n  Oder weil er zum Beispiel eine andere Lebens-Regelung hat.\n  Oder weil er zum Beispiel eine andere Lebens-Regelung hat.\n  Oder weil er zum Beispiel eine andere Lebens-Regelung hat.\n  Oder weil er zum Beispiel eine andere Lebens-Regelung hat.\n  Oder weil er zum Beispiel eine andere Lebens-Regelung hat.\n  Oder weil er zum Beispiel eine andere Lebens-Regelung hat.\n  Oder weil er zum Beispiel eine andere Lebens-Regelung hat.\n  Oder weil er zum Beispiel eine andere Lebens-Regelung hat.\n  Oder weil er zum Beispiel eine andere Lebens-Regelung hat.\n  Oder weil er zum Beispiel eine andere Lebens-Regelung hat.\n  Oder weil er zum Beispiel eine andere Lebens-Regelung hat.\n  Oder weil er zum Beispiel eine andere Lebens-Regelung hat.\n  Oder weil er zum Beispiel eine andere Lebens-Regelung hat.\n  Oder weil er zum Beispiel eine andere Lebens-Regelung hat.\n  Oder weil er zum Beispiel eine andere Lebens-Regelung hat.\n  Oder weil er zum Beispiel eine andere Lebens-Regelung hat.\n  Oder weil er zum Beispiel eine andere Lebens-Regelung hat.\n  Oder weil er zum Beispiel eine andere Lebens-Regelung hat.\n  Oder weil er zum Beispiel eine andere Lebens-Regelung hat.\n  Oder weil er zum Beispiel eine andere Lebens-Regelung hat.\n  Oder weil er zum Beispiel eine andere Lebens-Regelung hat.\n  Oder weil er zum Beispiel eine andere Lebens-Regelung hat.\n  Oder weil er zum Beispiel eine andere Lebens-Regelung hat.\n  Oder weil er zum Beispiel eine andere Lebens-Regelung
Die Gesundheitstreffs sind Anlaufstellen zum Thema Gesundheit im Stadtteil.;Die Gesundheits-Treffs sind Anlauf-Stellen.\nIn den Anlauf-Stellen bekommen Sie Informationen.\nZum Beispiel über:\n* Gesundheit\n* Kranken-Versicherung\n* Arzt-Suche\n* Medikamente\n* Gesundes Essen\n* Bewegung\n* Entspannung\n* Sucht-Beratung\n* Beratung bei Gewalt\n* Beratung bei seelischen Problemen\n* Beratung bei finanziellen Problemen\n* Beratung bei Problemen mit Behörden\n* Beratung bei Problemen mit der Wohnung\n* Beratung bei Problemen mit dem Job\n* Beratung bei Problemen mit der Rente\n* Beratung bei Problemen mit der Pflege\n* Beratung bei Problemen mit der Behinderung\n* Beratung bei Problemen mit dem Alter\n* Beratung bei Problemen mit der Familie\n* Beratung bei Problemen mit der Schule\n* Beratung bei Problemen mit dem Studium\n* Beratung bei Problemen mit dem Beruf\n* Beratung bei Problemen mit der Ausbildung\n* Beratung bei Problemen mit dem Arbeits-Platz\n* Beratung bei Problemen mit dem Arbeits-Losen-Geld\n* Beratung bei Problemen mit dem Sozial-Geld\n* Beratung bei Problemen mit dem Wohngeld\n* Beratung bei Problemen mit dem Kinder-Geld\n* Beratung bei Problemen mit dem Eltern-Geld\n* Beratung bei Problemen mit dem Betreuungs-Geld\n* Beratung bei Problemen mit dem Pflege-Geld\n* Beratung bei Problemen mit dem Blinden-Geld\n* Beratung bei Problemen mit dem Taub-Blinden-Geld\n* Beratung bei Problemen mit dem Heim-Geld\n* Beratung bei Problemen mit dem Wohn-Geld\n* Beratung bei Problemen mit dem Bildungs- und Teilhabe-Paket\n* Beratung bei Problemen mit dem Schwer-Behinderten-Ausweis\n* Beratung bei Problemen mit dem Park-Ausweis für Schwer-Behinderte\n* Beratung bei Problemen mit dem Merk-Zeichen im Schwer-Behinderten-Ausweis\n* Beratung bei Problemen mit dem Blinden-Geld\n* Beratung bei Problemen mit dem Taub-Blinden-Geld\n* Beratung bei Problemen mit dem Heim-Geld\n* Beratung bei Problemen mit dem Wohn-Geld\n* Beratung bei Problemen mit dem Bildungs- und Teilhabe-Paket\n* Beratung bei Problemen mit dem Schwer-Behinderten-Ausweis\n* Beratung bei Problemen mit dem Park-Ausweis für Schwer-Behinderte\n* Beratung bei Problemen mit dem Merk-Zeichen im Schwer-Behinderten-Ausweis\n* Beratung bei Problemen mit dem Blinden-Geld\n* Beratung bei Problemen mit dem Taub-Blinden-Geld\n* Beratung bei Problemen mit dem Heim-Geld\n* Beratung bei Problemen mit dem Wohn-Geld\n* Beratung bei Problemen mit dem Bildungs- und Teilhabe-Paket\n* Beratung bei Problemen mit dem Schwer-Behinderten-Ausweis\n* Beratung bei Problemen mit dem Park-Ausweis für Schwer-Behinderte\n* Beratung bei Problemen mit dem Merk-Zeichen im Schwer-Behinderten-Ausweis\n* Beratung bei Problemen mit dem Blinden-Geld\n* Beratung bei Problemen mit dem Taub-Blinden-Geld\n* Beratung bei Problemen mit dem Heim-Geld\n* Beratung bei Problemen mit dem Wohn-Geld\n* Beratung bei Problemen mit dem Bildungs- und Teilhabe-Paket\n* Beratung bei Problemen mit dem Schwer-Behinderten-Ausweis\n* Beratung bei Problemen mit dem Park-Ausweis für Schwer-Behinderte\n* Beratung bei Problemen mit dem Merk-Zeichen im Schwer-Behinderten-Ausweis\n* Beratung bei Problemen mit dem Blinden-Geld\n* Beratung bei Problemen mit dem Taub-Blinden-Geld\n* Beratung bei Problemen mit dem Heim-Geld\n* Beratung bei Problemen mit dem Wohn-Geld\n* Beratung bei Problemen mit dem Bildungs- und Teilhabe-Paket\n* Beratung bei Problemen mit dem Schwer-Behinderten-Ausweis\n* Beratung bei Problemen mit dem Park-Ausweis für Schwer-Behinderte\n* Beratung bei Problemen mit dem Merk-Zeichen im Schwer-Behinderten-Ausweis\n* Beratung bei Problemen mit dem Blinden-Geld\n* Beratung bei Problemen mit dem Taub-Blinden-Geld\n* Beratung bei Problemen mit dem Heim-Geld\n* Beratung bei Problemen mit dem Wohn-Geld\n* Beratung bei Problemen mit dem Bildungs- und Teilhabe-Paket\n* Beratung bei Problemen mit dem Schwer-Behinderten-Ausweis\n* Beratung bei Problemen mit dem Park-Ausweis für Schwer-Behinderte\n* Beratung bei Problemen mit dem Merk-Zeichen im Schwer-Behinderten-Ausweis\n* Beratung bei Problemen mit dem Blinden-Geld\n* Beratung bei Problemen mit dem Taub-Blinden-Geld\n* Beratung bei Problemen mit dem Heim-Geld\n* Beratung bei Problemen mit dem Wohn-Geld\n* Beratung bei Problemen mit dem Bildungs- und Teilhabe-Paket\n* Beratung bei Problemen mit dem Schwer-Behinderten-Ausweis\n* Beratung bei Problemen mit dem Park-Ausweis für Schwer-Behinderte\n* Beratung bei Problemen mit dem Merk-Zeichen im Schwer-Behinderten-Ausweis\n* Beratung bei Problemen mit dem Blinden-Geld\n* Beratung bei Problemen mit dem Taub-Blinden-Geld\n* Beratung bei Problemen mit dem Heim-Geld\n* Beratung bei Problemen mit dem Wohn-Geld\n* Beratung bei Problemen mit dem Bildungs- und Teilhabe-Paket\n* Beratung bei Problemen mit dem Schwer-Behinderten-Ausweis\n* Beratung bei Problemen mit dem Park-Ausweis für Schwer-Behinderte\n* Beratung bei Problemen mit dem Merk-Zeichen im Schwer-Behinderten-Ausweis\n* Beratung bei Problemen mit dem Blinden-Geld\n* Beratung bei Problemen mit dem Taub-Blinden-Geld\n* Beratung bei Problemen mit dem Heim-Geld\n* Beratung bei Problemen mit dem Wohn-Geld\n* Beratung bei Problemen mit dem Bildungs- und Teilhabe-Paket\n* Beratung bei Problemen mit dem Schwer-Behinderten-Ausweis\n* Beratung bei Problemen mit dem Park-Ausweis für Schwer-Behinderte\n* Beratung bei Problemen mit dem Merk-Zeichen im Schwer-Behinderten-Ausweis\n* Beratung bei Problemen mit dem Blinden-Geld\n* Beratung bei Problemen mit dem Taub-Blinden-Geld\n* Beratung bei Problemen mit dem Heim-Geld\n* Beratung bei Problemen mit dem Wohn-Geld\n* Beratung bei Problemen mit dem Bildungs- und Teilhabe-Paket\n* Beratung bei Problemen mit dem Schwer-Behinderten-Ausweis\n* Beratung bei Problemen mit dem Park-Ausweis für Schwer-Behinderte\n* Beratung bei Problemen mit dem Merk-Zeichen im Schwer-Behinderten-Ausweis\n* Beratung bei Problemen mit dem Blinden-Geld\n* Beratung bei Problemen mit dem Taub-Blinden-Geld\n* Beratung bei Problemen mit dem Heim-Geld\n* Beratung bei Problemen mit dem Wohn-Geld\n* Beratung bei Problemen mit dem Bildungs- und Teilhabe-Paket\n* Beratung bei Problemen mit dem Schwer-Behinderten-Ausweis\n* Beratung bei Problemen mit dem Park-Ausweis für Schwer-Behinderte\n* Beratung bei Problemen mit dem Merk-Zeichen im Schwer-Behinderten-Ausweis\n* Beratung bei Problemen mit dem Blinden-Geld\n* Beratung bei Problemen mit dem Taub-Blinden-Geld\n* Beratung bei Problemen mit dem Heim-Geld\n* Beratung bei Problemen mit dem Wohn-Geld\n* Beratung bei Problemen mit dem Bildungs- und Teilhabe-Paket\n* Beratung bei Problemen mit dem Schwer-Behinderten-Ausweis\n* Beratung bei Problemen mit dem Park-Ausweis für Schwer-Behinderte\n* Beratung bei Problemen mit dem Merk-Zeichen im Schwer-Behinderten-Ausweis\n* Beratung bei Problemen mit dem Blinden-Geld\n* Beratung bei Problemen mit dem Taub-Blinden-Geld\n* Beratung bei Problemen mit dem Heim-Geld\n* Beratung bei Problemen mit dem Wohn-Geld\n* Beratung bei Problemen mit dem Bildungs- und Teilhabe-Paket\n* Beratung bei Problemen mit dem Schwer-Behinderten-Ausweis\n* Beratung bei Problemen mit dem Park-Ausweis für Schwer-Behinderte\n* Beratung bei Problemen mit dem Merk-Zeichen im Schwer-Behinderten-Ausweis\n* Beratung bei Problemen mit dem Blinden-Geld\n* Beratung bei Problemen mit dem Taub-Blinden-Geld\n* Beratung bei Problemen mit dem Heim-Geld\n* Beratung bei Problemen mit dem Wohn-Geld\n* Beratung bei Problemen mit dem Bildungs- und Teilhabe-Paket\n* Beratung bei Problemen mit dem Schwer-Behinderten-Ausweis\n* Beratung bei Problemen mit dem Park-Ausweis für Schwer-Behinderte\n* Beratung bei Problemen mit dem Merk-Zeichen im Schwer-Behinderten-Ausweis\n* Beratung bei Problemen mit dem Blinden-Geld\n* Beratung bei Problemen mit dem Taub-Blinden-Geld\n* Beratung bei Problemen mit dem Heim-Geld\n* Beratung bei Problemen mit dem Wohn-Geld\n* Beratung bei Problemen mit dem Bildungs- und Teilhabe-Paket\n* Beratung bei Problemen mit dem Schwer-Behinderten-Ausweis\n* Beratung bei Problemen mit dem Park-Ausweis für Schwer-Behinderte\n* Beratung bei Problemen mit dem Merk-Zeichen im Schwer-Behinderten-Ausweis\n* Beratung bei Problemen mit dem Blinden-Geld\n* Beratung bei Problemen mit dem Taub-Blinden-Geld\n* Beratung bei Problemen mit dem Heim-Geld\n* Beratung bei Problemen mit dem Wohn-Geld\n* Beratung bei Problemen mit dem Bildungs- und Teilhabe-Paket\n* Beratung bei Problemen mit dem Schwer-Behinderten-Ausweis\n* Beratung bei Problemen mit dem Park-Ausweis für Schwer-Behinderte\n* Beratung bei Problemen mit dem Merk-Zeichen im Schwer-Behinderten-Ausweis\n* Beratung bei Problemen mit dem Blinden-Geld\n* Beratung bei Problemen mit dem Taub-Blinden-Geld\n* Beratung bei Problemen mit dem Heim-Geld\n* Beratung bei Problemen mit dem Wohn-Geld\n* Beratung bei Problemen mit dem Bildungs- und Teilhabe-Paket\n* Beratung bei Problemen mit dem Schwer-Behinderten-Ausweis\n* Beratung bei Problemen mit dem Park-Ausweis für Schwer-Behinderte\n* Beratung bei Problemen mit dem Merk-Zeichen im Schwer-Behinderten-Ausweis\n* Beratung bei Problemen mit dem Blinden-Geld\n* Beratung bei Problemen mit dem Taub-Blinden-Geld\n* Beratung bei Problemen mit dem Heim-Geld\n* Beratung bei Problemen mit dem Wohn-Geld\n* Beratung bei Problemen mit dem Bildungs- und Teilhabe-Paket\n* Beratung bei Problemen mit dem Schwer-Behinderten-Ausweis\n* Beratung bei Problemen mit dem Park-Ausweis für Schwer-Behinderte\n* Beratung bei Problemen mit dem Merk-Zeichen im Schwer-Behinderten-Ausweis\n* Beratung bei Problemen mit dem Blinden-Geld\n* Beratung bei Problemen mit dem Taub-Blinden-Geld\n* Beratung bei Problemen mit dem Heim-Geld\n* Beratung bei Problemen mit dem Wohn-Geld\n* Beratung bei Problemen mit dem Bildungs- und Teilhabe-Paket\n* Beratung bei Problemen mit dem Schwer-Behinderten-Ausweis\n* Beratung bei Problemen mit dem Park-Ausweis für Schwer-Behinderte\n* Beratung bei Problemen mit dem Merk-Zeichen im Schwer-Behinderten-Ausweis\n* Beratung bei Problemen mit dem Blinden-Geld\n* Beratung bei Problemen mit dem Taub-Blinden-Geld\n* Beratung bei Problemen mit dem Heim-Geld\n* Beratung bei Problemen mit dem Wohn-Geld\n* Beratung bei Problemen mit dem Bildungs- und Teilhabe-Paket\n* Beratung bei Problemen mit dem Schwer-Behinderten-Ausweis\n* Beratung bei Problemen mit dem Park-Ausweis für Schwer-Behinderte\n* Beratung bei Problemen mit dem Merk-Zeichen im Schwer-Behinderten-Ausweis\n* Beratung bei Problemen mit dem Blinden-Geld\n* Beratung bei Problemen mit dem Taub-Blinden-Geld\n* Beratung bei Problemen mit dem Heim-Geld\n* Beratung bei Problemen mit dem Wohn-Geld\n* Beratung bei Problemen mit dem Bildungs- und Teilhabe-Paket\n* Beratung bei Problemen mit dem Schwer-Behinderten-Ausweis\n* Beratung bei Problemen mit dem Park-Ausweis für Schwer-Behinderte\n* Beratung bei Problemen mit dem Merk-Zeichen im Schwer-Behinderten-Ausweis\n* Beratung bei Problemen mit dem Blinden-Geld\n* Beratung bei Problemen mit dem Taub-Blinden-Geld\n* Beratung bei Problemen mit dem Heim-Geld\n* Beratung bei Problemen mit dem Wohn-Geld\n* Beratung bei Problemen mit dem Bildungs- und Teilhabe-Paket\n* Beratung bei Problemen mit dem Schwer-Behinderten-Ausweis\n* Beratung bei Problemen mit dem Park-Ausweis für Schwer-Behinderte\n* Beratung bei Problemen mit dem Merk-Zeichen im Schwer-Behinderten-Ausweis\n* Beratung bei Problemen mit dem Blinden-Geld\n* Beratung bei Problemen mit dem Taub-Blinden-Geld\n* Beratung bei Problemen mit dem Heim-Geld\n* Beratung bei Problemen mit dem Wohn-Geld\n* Beratung bei Problemen mit dem Bildungs- und Teilhabe-Paket\n* Beratung bei Problemen mit dem Schwer-Behinderten-Ausweis\n* Beratung bei Problemen mit dem Park-Ausweis für Schwer-Behinderte\n* Beratung bei Problemen mit dem Merk-Zeichen im Schwer-Behinderten-Ausweis\n* Beratung bei Problemen mit dem Blinden-Geld\n* Beratung bei Problemen mit dem Taub-Blinden-Geld\n* Beratung bei Problemen mit dem Heim-Geld\n* Beratung bei Problemen mit dem Wohn-Geld\n* Beratung bei Problemen mit dem Bildungs- und Teilhabe-Paket\n* Beratung bei Problemen mit dem Schwer-Behinderten-Ausweis\n* Beratung bei Problemen mit dem Park-Ausweis für Schwer-Behinderte\n* Beratung bei Problemen mit dem Merk-Zeichen im Schwer-Behinderten-Ausweis\n* Beratung bei Problemen mit dem Blinden-Geld\n* Beratung bei Problemen mit dem Taub-Blinden-Geld\n* Beratung bei Problemen mit dem Heim-Geld\n* Beratung bei Problemen mit dem Wohn-Geld\n* Beratung bei Problemen mit dem Bildungs- und Teilhabe-Paket\n* Beratung bei Problemen mit dem Schwer-Behinderten-Ausweis\n* Beratung bei Problemen mit dem Park-Ausweis für Schwer-Behinderte\n* Beratung bei Problemen mit dem Merk-Zeichen im Schwer-Behinderten-Ausweis\n* Beratung bei Problemen mit dem Blinden-Geld\n* Beratung bei Problemen mit dem Taub-Blinden-Geld\n* Beratung bei Problemen mit dem Heim-Geld\n* Beratung bei Problemen mit dem Wohn-Geld\n* Beratung bei Problemen mit dem Bildungs- und Teilhabe-Paket\n* Beratung bei Problemen mit dem Schwer-Behinderten-Ausweis\n* Beratung bei Problemen mit dem Park-Ausweis für Schwer-Behinderte\n* Beratung bei Problemen mit dem Merk-Zeichen im Schwer-Behinderten-Ausweis\n* Beratung bei Problemen mit dem Blinden-Geld\n* Beratung bei Problemen mit dem Taub-Blinden-Geld\n* Beratung bei Problemen mit dem Heim-Geld
In den GesundheitsTreffs steht Ihnen ein interdisziplinäres Team aus einer Ärzt*in, einer Sozialpädagog*in, Gesundheits- und Kinderkrankenpfleger*innen und medizinischen Fachangestellten für alle Fragen rund um die eigene Gesundheit und das gesunde Aufwachsen von Kindern und Jugendlichen zur Verfügung.\n\nDie GesundheitsTreffs beraten vertraulich, unabhängig und kostenlos zu Gesundheitsthemen. Sie sind Einrichtungen der Landeshauptstadt München. Alle Angebote sind kostenfrei. Sie benötigen keine Krankenversicherungskarte. Bei Bedarf können wir jederzeit Dolmetscher*innen hinzuziehen.;In den Gesundheits-Treffs arbeiten viele Fach-Leute.\nDie Fach-Leute beraten Sie.\nZum Beispiel:\n* Ärzte\n* Ärztinnen\n* Sozial-Pädagogen\n* Sozial-Pädagoginnen\n* Gesundheits- und Kinder-Kranken-Pfleger\n* Gesundheits- und Kinder-Kranken-Pflegerinnen\n* Medizinische Fach-Angestellte\n* Medizinische Fach-Angestellte\n* Dolmetscher\n* Dolmetscherinnen\n* Dolmetscher\n* Dolmetscherinnen\n* Dolmetscher\n* Dolmetscherinnen\n* Dolmetscher\n* Dolmetscherinnen\n* Dolmetscher\n* Dolmetscherinnen\n* Dolmetscher\n* Dolmetscherinnen\n* Dolmetscher\n* Dolmetscherinnen\n* Dolmetscher\n* Dolmetscherinnen\n* Dolmetscher\n* Dolmetscherinnen\n* Dolmetscher\n* Dolmetscherinnen\n* Dolmetscher\n* Dolmetscherinnen\n* Dolmetscher\n* Dolmetscherinnen\n* Dolmetscher\n* Dolmetscherinnen\n* Dolmetscher\n* Dolmetscherinnen\n* Dolmetscher\n* Dolmetscherinnen\n* Dolmetscher\n* Dolmetscherinnen\n* Dolmetscher\n* Dolmetscherinnen\n* Dolmetscher\n* Dolmetscherinnen\n* Dolmetscher\n* Dolmetscherinnen\n* Dolmetscher\n* Dolmetscherinnen\n* Dolmetscher\n* Dolmetscherinnen\n* Dolmetscher\n* Dolmetscherinnen\n* Dolmetscher\n* Dolmetscherinnen\n* Dolmetscher\n* Dolmetscherinnen\n* Dolmetscher\n* Dolmetscherinnen\n* Dolmetscher\n* Dolmetscherinnen\n* Dolmetscher\n* Dolmetscherinnen\n* Dolmetscher\n* Dolmetscherinnen\n* Dolmetscher\n* Dolmetscherinnen\n* Dolmetscher\n* Dolmetscherinnen\n* Dolmetscher\n* Dolmetscherinnen\n* Dolmetscher\n* Dolmetscherinnen\n* Dolmetscher\n* Dolmetscherinnen\n* Dolmetscher\n* Dolmetscherinnen\n* Dolmetscher\n* Dolmetscherinnen\n* Dolmetscher\n* Dolmetscherinnen\n* Dolmetscher\n* Dolmetscherinnen\n* Dolmetscher\n* Dolmetscherinnen\n* Dolmetscher\n* Dolmetscherinnen\n* Dolmetscher\n* Dolmetscherinnen\n* Dolmetscher\n* Dolmetscherinnen\n* Dolmetscher\n* Dolmetscherinnen\n* Dolmetscher\n* Dolmetscherinnen\n* Dolmetscher\n* Dolmetscherinnen\n* Dolmetscher\n* Dolmetscherinnen\n* Dolmetscher\n* Dolmetscherinnen\n* Dolmetscher\n* Dolmetscherinnen\n* Dolmetscher\n* Dolmetscherinnen\n* Dolmetscher\n* Dolmetscherinnen\n* Dolmetscher\n* Dolmetscherinnen\n* Dolmetscher\n* Dolmetscherinnen\n* Dolmetscher\n* Dolmetscherinnen\n* Dolmetscher\n* Dolmetscherinnen\n* Dolmetscher\n* Dolmetscherinnen\n* Dolmetscher\n* Dolmetscherinnen\n* Dolmetscher\n* Dolmetscherinnen\n* Dolmetscher\n* Dolmetscherinnen\n* Dolmetscher\n* Dolmetscherinnen\n* Dolmetscher\n* Dolmetscherinnen\n* Dolmetscher\n* Dolmetscherinnen\n* Dolmetscher\n* Dolmetscherinnen\n* Dolmetscher\n* Dolmetscherinnen\n* Dolmetscher\n* Dolmetscherinnen\n* Dolmetscher\n* Dolmetscherinnen\n* Dolmetscher\n* Dolmetscherinnen\n* Dolmetscher\n* Dolmetscherinnen\n* Dolmetscher\n* Dolmetscherinnen\n* Dolmetscher\n* Dolmetscherinnen\n* Dolmetscher\n* Dolmetscherinnen\n* Dolmetscher\n* Dolmetscherinnen\n* Dolmetscher\n* Dolmetscherinnen\n* Dolmetscher\n* Dolmetscherinnen\n* Dolmetscher\n* Dolmetscherinnen\n* Dolmetscher\n* Dolmetscherinnen\n* Dolmetscher\n* Dolmetscherinnen\n* Dolmetscher\n* Dolmetscherinnen\n* Dolmetscher\n* Dolmetscherinnen\n* Dolmetscher\n* Dolmetscherinnen\n* Dolmetscher\n* Dolmetscherinnen\n* Dolmetscher\n* Dolmetscherinnen\n* Dolmetscher\n* Dolmetscherinnen\n* Dolmetscher\n* Dolmetscherinnen\n* Dolmetscher\n* Dolmetscherinnen\n* Dolmetscher\n* Dolmetscherinnen\n* Dolmetscher\n* Dolmetscherinnen\n* Dolmetscher\n* Dolmetscherinnen\n* Dolmetscher\n* Dolmetscherinnen\n* Dolmetscher\n* Dolmetscherinnen\n* Dolmetscher\n* Dolmetscherinnen\n* Dolmetscher\n* Dolmetscherinnen\n* Dolmetscher\n* Dolmetscherinnen\n* Dolmetscher\n* Dolmetscherinnen\n* Dolmetscher\n* Dolmetscherinnen\n* Dolmetscher\n* Dolmetscherinnen\n* Dolmetscher\n* Dolmetscherinnen\n* Dolmetscher\n* Dolmetscherinnen\n* Dolmetscher\n* Dolmetscherinnen\n* Dolmetscher\n* Dolmetscherinnen\n* Dolmetscher\n* Dolmetscherinnen\n* Dolmetscher\n* Dolmetscherinnen\n* Dolmetscher\n* Dolmetscherinnen\n* Dolmetscher\n* Dolmetscherinnen\n* Dolmetscher\n* Dolmetscherinnen\n* Dolmetscher\n* Dolmetscherinnen\n* Dolmetscher\n* Dolmetscherinnen\n* Dolmetscher\n* Dolmetscherinnen\n* Dolmetscher\n* Dolmetscherinnen\n* Dolmetscher\n* Dolmetscherinnen\n* Dolmetscher\n* Dolmetscherinnen\n* Dolmetscher\n* Dolmetscherinnen\n* Dolmetscher\n* Dolmetscherinnen\n* Dolmetscher\n* Dolmetscherinnen\n* Dolmetscher\n* Dolmetscherinnen\n* Dolmetscher\n* Dolmetscherinnen\n* Dolmetscher\n* Dolmetscherinnen\n* Dolmetscher\n* Dolmetscherinnen\n* Dolmetscher\n* Dolmetscherinnen\n* Dolmetscher\n* Dolmetscherinnen\n* Dolmetscher\n* Dolmetscherinnen\n* Dolmetscher\n* Dolmetscherinnen\n* Dolmetscher\n* Dolmetscherinnen\n* Dolmetscher\n* Dolmetscherinnen\n* Dolmetscher\n* Dolmetscherinnen\n* Dolmetscher\n* Dolmetscherinnen\n* Dolmetscher\n* Dolmetscherinnen\n* Dolmetscher\n* Dolmetscherinnen\n* Dolmetscher\n* Dolmetscherinnen\n* Dolmetscher\n* Dolmetscherinnen\n* Dolmetscher\n* Dolmetscherinnen\n* Dolmetscher\n* Dolmetscherinnen\n* Dolmetscher\n* Dolmetscherinnen\n* Dolmetscher\n* Dolmetscherinnen\n* Dolmetscher\n* Dolmetscherinnen\n* Dolmetscher\n* Dolmetscherinnen\n* Dolmetscher\n* Dolmetscherinnen\n* Dolmetscher\n* Dolmetscherinnen\n* Dolmetscher\n* Dolmetscherinnen\n* Dolmetscher\n* Dolmetscherinnen\n* Dolmetscher\n* Dolmetscherinnen\n* Dolmetscher\n* Dolmetscherinnen\n* Dolmetscher\n* Dolmetscherinnen\n* Dolmetscher\n* Dolmetscherinnen\n* Dolmetscher\n* Dolmetscherinnen\n* Dolmetscher\n* Dolmetscherinnen\n* Dolmetscher\n* Dolmetscherinnen\n* Dolmetscher\n* Dolmetscherinnen\n* Dolmetscher\n* Dolmetscherinnen\n* Dolmetscher\n* Dolmetscherinnen\n* Dolmetscher\n* Dolmetscherinnen\n* Dolmetscher\n* Dolmetscherinnen\n* Dolmetscher\n* Dolmetscherinnen\n* Dolmetscher\n* Dolmetscherinnen\n* Dolmetscher\n* Dolmetscherinnen\n* Dolmetscher\n* Dolmetscherinnen\n* Dolmetscher\n* Dolmetscherinnen\n* Dolmetscher\n* Dolmetscherinnen\n* Dolmetscher\n* Dolmetscherinnen\n* Dolmetscher\n* Dolmetscherinnen\n* Dolmetscher\n* Dolmetscherinnen\n* Dolmetscher\n* Dolmetscherinnen\n* Dolmetscher\n* Dolmetscherinnen\n* Dolmetscher\n* Dolmetscherinnen\n* Dolmetscher\n* Dolmetscherinnen\n* Dolmetscher\n* Dolmetscherinnen\n* Dolmetscher\n* Dolmetscherinnen\n* Dolmetscher\n* Dolmetscherinnen\n* Dolmetscher\n* Dolmetscherinnen\n* Dolmetscher\n* Dolmetscherinnen\n* Dolmetscher\n* Dolmetscherinnen\n* Dolmetscher\n* Dolmetscherinnen\n* Dolmetscher\n* Dolmetscherinnen\n* Dolmetscher\n* Dolmetscherinnen\n* Dolmetscher\n* Dolmetscherinnen\n* Dolmetscher\n* Dolmetscherinnen\n* Dolmetscher\n* Dolmetscherinnen\n* Dolmetscher\n* Dolmetscherinnen\n* Dolmetscher\n* Dolmetscherinnen\n* Dolmetscher\n* Dolmetscherinnen\n* Dolmetscher\n* Dolmetscherinnen\n* Dolmetscher\n* Dolmetscherinnen\n* Dolmetscher\n* Dolmetscherinnen\n* Dolmetscher\n* Dolmetscherinnen\n* Dolmetscher\n* Dolmetscherinnen\n* Dolmetscher\n* Dolmetscherinnen\n* Dolmetscher\n* Dolmetscherinnen\n* Dolmetscher\n* Dolmetscherinnen\n* Dolmetscher\n* Dolmetscherinnen\n* Dolmetscher\n* Dolmetscherinnen\n* Dolmetscher\n* Dolmetscherinnen\n* Dolmetscher\n* Dolmetscherinnen\n* Dolmetscher\n* Dolmetscherinnen\n* Dolmetscher\n* Dolmetscherinnen\n* Dolmetscher\n* Dolmetscherinnen\n* Dolmetscher\n* Dolmetscherinnen\n* Dolmetscher\n* Dolmetscherinnen\n* Dolmetscher\n* Dolmetscherinnen\n* Dolmetscher\n* Dolmetscherinnen\n* Dolmetscher\n* Dolmetscherinnen\n* Dolmetscher\n* Dolmetscherinnen\n* Dolmetscher\n* Dolmetscherinnen\n* Dolmetscher\n* Dolmetscherinnen\n* Dolmetscher\n* Dolmetscherinnen\n* Dolmetscher\n* Dolmetscherinnen\n* Dolmetscher\n* Dolmetscherinnen\n* Dolmetscher\n* Dolmetscherinnen\n* Dolmetscher\n* Dolmetscherinnen\n* Dolmetscher\n* Dolmetscherinnen\n* Dolmetscher\n* Dolmetscherinnen\n* Dolmetscher\n* Dolmetscherinnen\n* Dolmetscher\n* Dolmetscherinnen\n* Dolmetscher\n* Dolmetscherinnen\n* Dolmetscher\n* Dolmetscherinnen\n* Dolmetscher\n* Dolmetscherinnen\n* Dolmetscher\n* Dolmetscherinnen\n* Dolmetscher\n* Dolmetscherinnen\n* Dolmetscher\n* Dolmetscherinnen\n* Dolmetscher\n* Dolmetscherinnen\n* Dolmetscher\n* Dolmetscherinnen\n* Dolmetscher\n* Dolmetscherinnen\n* Dolmetscher\n* Dolmetscherinnen\n* Dolmetscher\n* Dolmetscherinnen\n* Dolmetscher\n* Dolmetscherinnen\n* Dolmetscher\n* Dolmetscherinnen\n* Dolmetscher\n* Dolmetscherinnen\n* Dolmetscher\n* Dolmetscherinnen\n* Dolmetscher\n* Dolmetscherinnen\n* Dolmetscher\n* Dolmetscherinnen\n* Dolmetscher\n* Dolmetscherinnen\n* Dolmetscher\n* Dolmetscherinnen\n* Dolmetscher\n* Dolmetscherinnen\n* Dolmetscher\n* Dolmetscherinnen\n* Dolmetscher\n* Dolmetscherinnen\n* Dolmetscher\n* Dolmetscherinnen\n* Dolmetscher\n* Dolmetscherinnen\n* Dolmetscher\n* Dolmetscherinnen\n* Dolmetscher\n* Dolmetscherinnen\n* Dolmetscher\n* Dolmetscherinnen\n* Dolmetscher\n* Dolmetscherinnen\n* Dolmetscher\n* Dolmetscherinnen\n* Dolmetscher\n* Dolmetscherinnen\n* Dolmetscher\n* Dolmetscherinnen\n* Dolmetscher\n* Dolmetscherinnen\n* Dolmetscher\n* Dolmetscherinnen\n* Dolmetscher\n* Dolmetscherinnen\n* Dolmetscher\n* Dolmetscherinnen\n* Dolmetscher\n* Dolmetscherinnen\n* Dolmetscher\n* Dolmetscherinnen\n* Dolmetscher\n* Dolmetscherinnen\n* Dolmetscher\n* Dolmetscherinnen\n* Dolmetscher\n* Dolmetscherinnen\n* Dolmetscher\n* Dolmetscherinnen\n* Dolmetscher\n* Dolmetscherinnen\n* Dolmetscher\n* Dolmetscherinnen\n* Dolmetscher\n* Dolmetscherinnen\n* Dolmetscher\n* Dolmetscherinnen\n* Dolmetscher\n* Dolmetscherinnen\n* Dolmetscher\n* Dolmetscherinnen\n* Dolmetscher\n* Dolmetscherinnen\n* Dolmetscher\n* Dolmetscherinnen\n* Dolmetscher\n* Dolmetscherinnen\n* Dolmetscher\n* Dolmetscherinnen\n* Dolmetscher\n* Dolmetscherinnen\n* Dolmetscher\n* Dolmetscherinnen\n* Dolmetscher\n* Dolmetscherinnen\n* Dolmetscher\n* Dolmetscherinnen\n* Dolmetscher\n* Dolmetscherinnen\n* Dolmetscher\n* Dolmetscherinnen\n* Dolmetscher\n* Dolmetscherinnen\n* Dolmetscher\n* Dolmetscherinnen\n* Dolmetscher\n* Dolmetscherinnen\n* Dolmetscher\n* Dolmetscherinnen\n* Dolmetscher\n* Dolmetscherinnen\n* Dolmetscher\n* Dolmetscherinnen\n* Dolmetscher\n* Dolmetscherinnen\n* Dolmetscher\n* Dolmetscherinnen\n* Dolmetscher\n* Dolmetscherinnen\n* Dolmetscher\n* Dolmetscherinnen\n* Dolmetscher\n* Dolmetscherinnen\n* Dolmetscher\n* Dolmetscherinnen\n* Dolmetscher\n* Dolmetscherinnen\n* Dolmetscher\n* Dolmetscherinnen\n* Dolmetscher\n* Dolmetscherinnen\n* Dolmetscher\n* Dolmetscherinnen\n* Dolmetscher\n* Dolmetscherinnen\n* Dolmetscher\n* Dolmetscherinnen\n* Dolmetscher\n* Dolmetscherinnen\n* Dolmetscher\n* Dolmetscherinnen\n* Dolmetscher\n* Dolmetscherinnen\n* Dolmetscher\n* Dolmetscherinnen\n* Dolmetscher\n* Dolmetscherinnen\n* Dolmetscher\n* Dolmetscherinnen\n* Dolmetscher\n* Dolmetscherinnen\n* Dolmetscher\n* Dolmetscherinnen\n* Dolmetscher\n* Dolmetscherinnen\n* Dolmetscher\n* Dolmetscherinnen\n* Dolmetscher\n* Dolmetscherinnen\n* Dolmetscher\n* Dolmetscherinnen\n* Dolmetscher\n* Dolmetscherinnen\n* Dolmetscher\n* Dolmetscherinnen\n* Dolmetscher\n* Dolmetscherinnen\n* Dolmetscher\n* Dolmetscherinnen\n* Dolmetscher\n* Dolmetscherinnen\n* Dolmetscher\n* Dolmetscherinnen\n* Dolmetscher\n* Dolmetscherinnen\n* Dolmetscher\n* Dolmetscherinnen\n* Dolmetscher\n* Dolmetscherinnen\n* Dolmetscher\n* Dolmetscher
GesundheitsTreffs arbeiten mit niedergelassenen Ärzt*innen, Hebammen, Krankenhäusern und anderen medizinischen und sozialen Einrichtungen zusammen. Ein wichtiges Ziel der Arbeit der GesundheitsTreffs ist die Verknüpfung des medizinischen Sektors im Stadtteil mit Angeboten im sozialen Bereich. Sie planen bedarfsgerecht konkrete Maßnahmen der Gesundheitsförderung und -vorsorge im Stadtteil in Kooperation mit Stadtteilakteuren und setzen diese um.;Die Gesundheits-Treffs arbeiten mit vielen anderen Stellen zusammen.\nZum Beispiel mit:\n* Ärzten\n* Ärztinnen\n* Kranken-Häusern\n* Apotheken\n* Hebammen\n* Sozial-Diensten\n* Beratungs-Stellen\n* Selbst-Hilfe-Gruppen\n* Sport-Vereinen\n* Stadt-Teil-Zentren\n* Stadt-Teil-Büros\n* Stadt-Teil-Läden\n* Stadt-Teil-Treffs\n* Stadt-Teil-Häusern\n* Stadt-Teil-Bibliotheken\n* Stadt-Teil-Schulen\n* Stadt-Teil-Kinder-Gärten\n* Stadt-Teil-Häusern\n* Stadt-Teil-Plätzen\n* Stadt-Teil-Anlagen\n* Stadt-Teil-Parks\n* Stadt-Teil-Gärten\n* Stadt-Teil-Festen\n* Stadt-Teil-Märkten\n* Stadt-Teil-Läden\n* Stadt-Teil-Cafés\n* Stadt-Teil-Restaurants\n* Stadt-Teil-Kneipen\n* Stadt-Teil-Bars\n* Stadt-Teil-Diskotheken\n* Stadt-Teil-Kinos\n* Stadt-Teil-Theatern\n* Stadt-Teil-Museen\n* Stadt-Teil-Galerien\n* Stadt-Teil-Ausstellungen\n* Stadt-Teil-Konzerten\n* Stadt-Teil-Veranstaltungen\n* Stadt-Teil-Freizeit-Angeboten\n* Stadt-Teil-Sport-Angeboten\n* Stadt-Teil-Kultur-Angeboten\n* Stadt-Teil-Bildungs-Angeboten\n* Stadt-Teil-Weiterbildungs-Angeboten\n* Stadt-Teil-Computer-Kursen\n* Stadt-Teil-Sprach-Kursen\n* Stadt-Teil-Deutsch-Kursen\n* Stadt-Teil-Integrations-Kursen\n* Stadt-Teil-Integrations-Maßnahmen\n* Stadt-Teil-Arbeits-Plätzen\n* Stadt-Teil-Ausbildungs-Plätzen\n* Stadt-Teil-Praktikums-Plätzen\n* Stadt-Teil-Job-Börsen\n* Stadt-Teil-Berufs-Bildungs-Werken\n* Stadt-Teil-Berufs-Schulen\n* Stadt-Teil-Berufs-Akademien\n* Stadt-Teil-Berufs-Hoch-Schulen\n* Stadt-Teil-Universitäten\n* Stadt-Teil-Forschungs-Einrichtungen\n* Stadt-Teil-Entwicklungs-Einrichtungen\n* Stadt-Teil-Planungs-Einrichtungen\n* Stadt-Teil-Bau-Einrichtungen\n* Stadt-Teil-Verkehrs-Einrichtungen\n* Stadt-Teil-Verkehrs-Betrieben\n* Stadt-Teil-Verkehrs-Unternehmen\n* Stadt-Teil-Verkehrs-Ämtern\n* Stadt-Teil-Verkehrs-Behörden\n* Stadt-Teil-Verkehrs-Polizei\n* Stadt-Teil-Verkehrs-Kommissariaten\n* Stadt-Teil-Verkehrs-Gerichten\n* Stadt-Teil-Verkehrs-Anwälten\n* Stadt-Teil-Verkehrs-Versicherungen\n* Stadt-Teil-Verkehrs-Verbünden\n* Stadt-Teil-Verkehrs-Netzen\n* Stadt-Teil-Verkehrs-Plänen\n* Stadt-Teil-Verkehrs-Regeln\n* Stadt-Teil-Verkehrs-Schildern\n* Stadt-Teil-Verkehrs-Kontrollen\n* Stadt-Teil-Verkehrs-Strafen\n* Stadt-Teil-Verkehrs-Unfällen\n* Stadt-Teil-Verkehrs-Schäden\n* Stadt-Teil-Verkehrs-Hilfen\n* Stadt-Teil-Verkehrs-Entwicklungen\n* Stadt-Teil-Verkehrs-Planungen\n* Stadt-Teil-Verkehrs-Bau-Maßnahmen\n* Stadt-Teil-Verkehrs-Entscheidungen\n* Stadt-Teil-Verkehrs-Entscheidungs-Hilfen\n* Stadt-Teil-Verkehrs-Entscheidungs-Grundlagen\n* Stadt-Teil-Verkehrs-Entscheidungs-Unterstützungen\n* Stadt-Teil-Verkehrs-Entscheidungs-Beratungen\n* Stadt-Teil-Verkehrs-Entscheidungs-Informationen\n* Stadt-Teil-Verkehrs-Entscheidungs-Verfahren\n* Stadt-Teil-Verkehrs-Entscheidungs-Regeln\n* Stadt-Teil-Verkehrs-Entscheidungs-Prüfungen\n* Stadt-Teil-Verkehrs-Entscheidungs-Kontrollen\n* Stadt-Teil-Verkehrs-Entscheidungs-Sanktionen\n* Stadt-Teil-Verkehrs-Entscheidungs-Entwicklungen\n* Stadt-Teil-Verkehrs-Entscheidungs-Planungen\n* Stadt-Teil-Verkehrs-Entscheidungs-Bau-Maßnahmen\n* Stadt-Teil-Verkehrs-Entscheidungs-Entscheidungen\n* Stadt-Teil-Verkehrs-Entscheidungs-Entscheidungs-Hilfen\n* Stadt-Teil-Verkehrs-Entscheidungs-Entscheidungs-Grundlagen\n* Stadt-Teil-Verkehrs-Entscheidungs-Unterstützungen\n* Stadt-Teil-Verkehrs-Entscheidungs-Beratungen\n* Stadt-Teil-Verkehrs-Entscheidungs-Informationen\n* Stadt-Teil-Verkehrs-Entscheidungs-Verfahren\n* Stadt-Teil-Verkehrs-Entscheidungs-Regeln\n* Stadt-Teil-Verkehrs-Entscheidungs-Prüfungen\n* Stadt-Teil-Verkehrs-Entscheidungs-Kontrollen\n* Stadt-Teil-Verkehrs-Entscheidungs-Sanktionen\n* Stadt-Teil-Verkehrs-Entscheidungs-Entwicklungen\n* Stadt-Teil-Verkehrs-Entscheidungs-Planungen\n* Stadt-Teil-Verkehrs-Entscheidungs-Bau-Maßnahmen\n* Stadt-Teil-Verkehrs-Entscheidungs-Entscheidungen\n* Stadt-Teil-Verkehrs-Entscheidungs-Entscheidungs-Hilfen\n* Stadt-Teil-Verkehrs-Entscheidungs-Entscheidungs-Grundlagen\n* Stadt-Teil-Verkehrs-Entscheidungs-Unterstützungen\n* Stadt-Teil-Verkehrs-Entscheidungs-Beratungen\n* Stadt-Teil-Verkehrs-Entscheidungs-Informationen\n* Stadt-Teil-Verkehrs-Entscheidungs-Verfahren\n* Stadt-Teil-Verkehrs-Entscheidungs-Regeln\n* Stadt-Teil-Verkehrs-Entscheidungs-Prüfungen\n* Stadt-Teil-Verkehrs-Entscheidungs-Kontrollen\n* Stadt-Teil-Verkehrs-Entscheidungs-Sanktionen\n* Stadt-Teil-Verkehrs-Entscheidungs-Entwicklungen\n* Stadt-Teil-Verkehrs-Entscheidungs-Planungen\n* Stadt-Teil-Verkehrs-Entscheidungs-Bau-Maßnahmen\n* Stadt-Teil-Verkehrs-Entscheidungs-Entscheidungen\n* Stadt-Teil-Verkehrs-Entscheidungs-Entscheidungs-Hilfen\n* Stadt-Teil-Verkehrs-Entscheidungs-Entscheidungs-Grundlagen\n* Stadt-Teil-Verkehrs-Entscheidungs-Unterstützungen\n* Stadt-Teil-Verkehrs-Entscheidungs-Beratungen\n* Stadt-Teil-Verkehrs-Entscheidungs-Informationen\n* Stadt-Teil-Verkehrs-Entscheidungs-Verfahren\n* Stadt-Teil-Verkehrs-Entscheidungs-Regeln\n* Stadt-Teil-Verkehrs-Entscheidungs-Prüfungen\n* Stadt-Teil-Verkehrs-Entscheidungs-Kontrollen\n* Stadt-Teil-Verkehrs-Entscheidungs-Sanktionen\n* Stadt-Teil-Verkehrs-Entscheidungs-Entwicklungen\n* Stadt-Teil-Verkehrs-Entscheidungs-Planungen\n* Stadt-Teil-Verkehrs-Entscheidungs-Bau-Maßnahmen\n* Stadt-Teil-Verkehrs-Entscheidungs-Entscheidungen\n* Stadt-Teil-Verkehrs-Entscheidungs-Entscheidungs-Hilfen\n* Stadt-Teil-Verkehrs-Entscheidungs-Entscheidungs-Grundlagen\n* Stadt-Teil-Verkehrs-Entscheidungs-Unterstützungen\n* Stadt-Teil-Verkehrs-Entscheidungs-Beratungen\n* Stadt-Teil-Verkehrs-Entscheidungs-Informationen\n* Stadt-Teil-Verkehrs-Entscheidungs-Verfahren\n* Stadt-Teil-Verkehrs-Entscheidungs-Regeln\n* Stadt-Teil-Verkehrs-Entscheidungs-Prüfungen\n* Stadt-Teil-Verkehrs-Entscheidungs-Kontrollen\n* Stadt-Teil-Verkehrs-Entscheidungs-Sanktionen\n* Stadt-Teil-Verkehrs-Entscheidungs-Entwicklungen\n* Stadt-Teil-Verkehrs-Entscheidungs-Planungen\n* Stadt-Teil-Verkehrs-Entscheidungs-Bau-Maßnahmen\n* Stadt-Teil-Verkehrs-Entscheidungen\n* Stadt-Teil-Verkehrs-Entscheidungs-Hilfen\n* Stadt-Teil-Verkehrs-Entscheidungs-Grundlagen\n* Stadt-Teil-Verkehrs-Unterstützungen\n* Stadt-Teil-Verkehrs-Beratungen\n* Stadt-Teil-Verkehrs-Informationen\n* Stadt-Teil-Verkehrs-Verfahren\n* Stadt-Teil-Verkehrs-Regeln\n* Stadt-Teil-Verkehrs-Prüfungen\n* Stadt-Teil-Verkehrs-Kontrollen\n* Stadt-Teil-Verkehrs-Sanktionen\n* Stadt-Teil-Verkehrs-Entwicklungen\n* Stadt-Teil-Verkehrs-Planungen\n* Stadt-Teil-Verkehrs-Bau-Maßnahmen\n* Stadt-Teil-Verkehrs-Entscheidungen\n* Stadt-Teil-Verkehrs-Entscheidungs-Hilfen\n* Stadt-Teil-Verkehrs-Entscheidungs-Grundlagen\n* Stadt-Teil-Verkehrs-Unterstützungen\n* Stadt-Teil-Verkehrs-Beratungen\n* Stadt-Teil-Verkehrs-Informationen\n* Stadt-Teil-Verkehrs-Verfahren\n* Stadt-Teil-Verkehrs-Regeln\n* Stadt-Teil-Verkehrs-Prüfungen\n* Stadt-Teil-Verkehrs-Kontrollen\n* Stadt-Teil-Verkehrs-Sanktionen\n* Stadt-Teil-Verkehrs-Entwicklungen\n* Stadt-Teil-Verkehrs-Planungen\n* Stadt-Teil-Verkehrs-Bau-Maßnahmen\n* Stadt-Teil-Verkehrs-Entscheidungen\n* Stadt-Teil-Verkehrs-Entscheidungs-Hilfen\n* Stadt-Teil-Verkehrs-Entscheidungs-Grundlagen\n* Stadt-Teil-Verkehrs-Unterstützungen\n* Stadt-Teil-Verkehrs-Beratungen\n* Stadt-Teil-Verkehrs-Informationen\n* Stadt-Teil-Verkehrs-Verfahren\n* Stadt-Teil-Verkehrs-Regeln\n* Stadt-Teil-Verkehrs-Prüfungen\n* Stadt-Teil-Verkehrs-Kontrollen\n* Stadt-Teil-Verkehrs-Sanktionen\n* Stadt-Teil-Verkehrs-Entwicklungen\n* Stadt-Teil-Verkehrs-Planungen\n* Stadt-Teil-Verkehrs-Bau-Maßnahmen\n* Stadt-Teil-Verkehrs-Entscheidungen\n* Stadt-Teil-Verkehrs-Entscheidungs-Hilfen\n* Stadt-Teil-Verkehrs-Entscheidungs-Grundlagen\n* Stadt-Teil-Verkehrs-Unterstützungen\n* Stadt-Teil-Verkehrs-Beratungen\n* Stadt-Teil-Verkehrs-Informationen\n* Stadt-Teil-Verkehrs-Verfahren\n* Stadt-Teil-Verkehrs-Regeln\n* Stadt-Teil-Verkehrs-Prüfungen\n* Stadt-Teil-Verkehrs-Kontrollen\n* Stadt-Teil-Verkehrs-Sanktionen\n* Stadt-Teil-Verkehrs-Entwicklungen\n* Stadt-Teil-Verkehrs-Planungen\n* Stadt-Teil-Verkehrs-Bau-Maßnahmen\n* Stadt-Teil-Verkehrs-Entscheidungen\n* Stadt-Teil-Verkehrs-Entscheidungs-Hilfen\n* Stadt-Teil-Verkehrs-Entscheidungs-Grundlagen\n* Stadt-Teil-Verkehrs-Unterstützungen\n* Stadt-Teil-Verkehrs-Beratungen\n* Stadt-Teil-Verkehrs-Informationen\n* Stadt-Teil-Verkehrs-Verfahren\n* Stadt-Teil-Verkehrs-Regeln\n* Stadt-Teil-Verkehrs-Prüfungen\n* Stadt-Teil-Verkehrs-Kontrollen\n* Stadt-Teil-Verkehrs-Sanktionen\n* Stadt-Teil-Verkehrs-Entwicklungen\n* Stadt-Teil-Verkehrs-Planungen\n* Stadt-Teil-Verkehrs-Bau-Maßnahmen\n* Stadt-Teil-Verkehrs-Entscheidungen\n* Stadt-Teil-Verkehrs-Entscheidungs-Hilfen\n* Stadt-Teil-Verkehrs-Entscheidungs-Grundlagen\n* Stadt-Teil-Verkehrs-Unterstützungen\n* Stadt-Teil-Verkehrs-Beratungen\n* Stadt-Teil-Verkehrs-Informationen\n* Stadt-Teil-Verkehrs-Verfahren\n* Stadt-Teil-Verkehrs-Regeln\n* Stadt-Teil-Verkehrs-Prüfungen\n* Stadt-Teil-Verkehrs-Kontrollen\n* Stadt-Teil-Verkehrs-Sanktionen\n* Stadt-Teil-Verkehrs-Entwicklungen\n* Stadt-Teil-Verkehrs-Planungen\n* Stadt-Teil-Verkehrs-Bau-Maßnahmen\n* Stadt-Teil-Verkehrs-Entscheidungen\n* Stadt-Teil-Verkehrs-Entscheidungs-Hilfen\n* Stadt-Teil-Verkehrs-Entscheidungs-Grundlagen\n* Stadt-Teil-Verkehrs-Unterstützungen\n* Stadt-Teil-Verkehrs-Beratungen\n* Stadt-Teil-Verkehrs-Informationen\n* Stadt-Teil-Verkehrs-Verfahren\n* Stadt-Teil-Verkehrs-Regeln\n* Stadt-Teil-Verkehrs-Prüfungen\n* Stadt-Teil-Verkehrs-Kontrollen\n* Stadt-Teil-Verkehrs-Sanktionen\n* Stadt-Teil-Verkehrs-Entwicklungen\n* Stadt-Teil-Verkehrs-Planungen\n* Stadt-Teil-Verkehrs-Bau-Maßnahmen\n* Stadt-Teil-Verkehrs-Entscheidungen\n* Stadt-Teil-Verkehrs-Entscheidungs-Hilfen\n* Stadt-Teil-Verkehrs-Entscheidungs-Grundlagen\n* Stadt-Teil-Verkehrs-Unterstützungen\n* Stadt-Teil-Verkehrs-Beratungen\n* Stadt-Teil-Verkehrs-Informationen\n* Stadt-Teil-Verkehrs-Verfahren\n* Stadt-Teil-Verkehrs-Regeln\n* Stadt-Teil-Verkehrs-Prüfungen\n* Stadt-Teil-Verkehrs-Kontrollen\n* Stadt-Teil-Verkehrs-Sanktionen\n* Stadt-Teil-Verkehrs-Entwicklungen\n* Stadt-Teil-Verkehrs-Planungen\n* Stadt-Teil-Verkehrs-Bau-Maßnahmen\n* Stadt-Teil-Verkehrs-Entscheidungen\n* Stadt-Teil-Verkehrs-Entscheidungs-Hilfen\n* Stadt-Teil-Verkehrs-Entscheidungs-Grundlagen\n* Stadt-Teil-Verkehrs-Unterstützungen\n* Stadt-Teil-Verkehrs-Beratungen\n* Stadt-Teil-
Beratung bei gesundheitlichen Fragen und Problemen\n* Beratung zur Krankheitsdiagnose und Behandlung zum Beispiel bei Diabetes, Herz-Kreislauferkrankungen, Krebs\n* Erklärung ärztlicher Befunde\n* Beratung zu Medikamenten\n* Beratung zu gesundheitlichen Fragestellungen, wie zum Beispiel Ernährung bei Kindern und Erwachsenen, seelische Gesundheit, Vorsorgeuntersuchungen, Pflege von Angehörigen, Krankenkassenleistungen;Die Beratungs-Stelle Gesundheit und Pflege berät Sie.\nDie Beratungs-Stelle Gesundheit und Pflege ist für alle Menschen in München da.\nDie Beratungs-Stelle Gesundheit und Pflege ist kostenlos.\nDas bedeutet:\nSie müssen für die Beratung kein Geld bezahlen.\nDie Beratungs-Stelle Gesundheit und Pflege berät Sie zum Beispiel zu diesen Themen:\n* Gesundheit\n* Pflege\n* Kranken-Versicherung\n* Medikamente\n* Arzt-Besuch\n* Vorsorge-Untersuchungen\n* Gesundes Essen\n* Bewegung\n* Seelische Gesundheit\n* Sucht\n* Schwangerschaft\n* Geburt\n* Kinder-Gesundheit\n* Kinder-Impfungen\n* Kinder-Vorsorge-Untersuchungen\n* Pflege-Geld\n* Pflege-Versicherung\n* Pflege-Hilfen\n* Pflege-Stütz-Punkt\n* Pflege-Unterstützungsgeld\n* Pflege-Unterstützungs-Geld\n* Pflege-Unterstützungs-Geld für Angehörige\n* Pflege-Unterstützungs-Geld für Angehörige\n* Pflege-Unterstützungs-Geld für Angehörige\n* Pflege-Unterstützungs-Geld für Angehörige\n* Pflege-Unterstützungs-Geld für Angehörige\n* Pflege-Unterstützungs-Geld für Angehörige\n* Pflege-Unterstützungs-Geld für Angehörige\n* Pflege-Unterstützungs-Geld für Angehörige\n* Pflege-Unterstützungs-Geld für Angehörige\n* Pflege-Unterstützungs-Geld für Angehörige\n* Pflege-Unterstützungs-Geld für Angehörige\n* Pflege-Unterstützungs-Geld für Angehörige\n* Pflege-Unterstützungs-Geld für Angehörige\n* Pflege-Unterstützungs-Geld für Angehörige\n* Pflege-Unterstützungs-Geld für Angehörige\n* Pflege-Unterstützungs-Geld für Angehörige\n* Pflege-Unterstützungs-Geld für Angehörige\n* Pflege-Unterstützungs-Geld für Angehörige\n* Pflege-Unterstützungs-Geld für Angehörige\n* Pflege-Unterstützungs-Geld für Angehörige\n* Pflege-Unterstützungs-Geld für Angehörige\n* Pflege-Unterstützungs-Geld für Angehörige\n* Pflege-Unterstützungs-Geld für Angehörige\n* Pflege-Unterstützungs-Geld für Angehörige\n* Pflege-Unterstützungs-Geld für Angehörige\n* Pflege-Unterstützungs-Geld für Angehörige\n* Pflege-Unterstützungs-Geld für Angehörige\n* Pflege-Unterstützungs-Geld für Angehörige\n* Pflege-Unterstützungs-Geld für Angehörige\n* Pflege-Unterstützungs-Geld für Angehörige\n* Pflege-Unterstützungs-Geld für Angehörige\n* Pflege-Unterstützungs-Geld für Angehörige\n* Pflege-Unterstützungs-Geld für Angehörige\n* Pflege-Unterstützungs-Geld für Angehörige\n* Pflege-Unterstützungs-Geld für Angehörige\n* Pflege-Unterstützungs-Geld für Angehörige\n* Pflege-Unterstützungs-Geld für Angehörige\n* Pflege-Unterstützungs-Geld für Angehörige\n* Pflege-Unterstützungs-Geld für Angehörige\n* Pflege-Unterstützungs-Geld für Angehörige\n* Pflege-Unterstützungs-Geld für Angehörige\n* Pflege-Unterstützungs-Geld für Angehörige\n* Pflege-Unterstützungs-Geld für Angehörige\n* Pflege-Unterstützungs-Geld für Angehörige\n* Pflege-Unterstützungs-Geld für Angehörige\n* Pflege-Unterstützungs-Geld für Angehörige\n* Pflege-Unterstützungs-Geld für Angehörige\n* Pflege-Unterstützungs-Geld für Angehörige\n* Pflege-Unterstützungs-Geld für Angehörige\n* Pflege-Unterstützungs-Geld für Angehörige\n* Pflege-Unterstützungs-Geld für Angehörige\n* Pflege-Unterstützungs-Geld für Angehörige\n* Pflege-Unterstützungs-Geld für Angehörige\n* Pflege-Unterstützungs-Geld für Angehörige\n* Pflege-Unterstützungs-Geld für Angehörige\n* Pflege-Unterstützungs-Geld für Angehörige\n* Pflege-Unterstützungs-Geld für Angehörige\n* Pflege-Unterstützungs-Geld für Angehörige\n* Pflege-Unterstützungs-Geld für Angehörige\n* Pflege-Unterstützungs-Geld für Angehörige\n* Pflege-Unterstützungs-Geld für Angehörige\n* Pflege-Unterstützungs-Geld für Angehörige\n* Pflege-Unterstützungs-Geld für Angehörige\n* Pflege-Unterstützungs-Geld für Angehörige\n* Pflege-Unterstützungs-Geld für Angehörige\n* Pflege-Unterstützungs-Geld für Angehörige\n* Pflege-Unterstützungs-Geld für Angehörige\n* Pflege-Unterstützungs-Geld für Angehörige\n* Pflege-Unterstützungs-Geld für Angehörige\n* Pflege-Unterstützungs-Geld für Angehörige\n* Pflege-Unterstützungs-Geld für Angehörige\n* Pflege-Unterstützungs-Geld für Angehörige\n* Pflege-Unterstützungs-Geld für Angehörige\n* Pflege-Unterstützungs-Geld für Angehörige\n* Pflege-Unterstützungs-Geld für Angehörige\n* Pflege-Unterstützungs-Geld für Angehörige\n* Pflege-Unterstützungs-Geld für Angehörige\n* Pflege-Unterstützungs-Geld für Angehörige\n* Pflege-Unterstützungs-Geld für Angehörige\n* Pflege-Unterstützungs-Geld für Angehörige\n* Pflege-Unterstützungs-Geld für Angehörige\n* Pflege-Unterstützungs-Geld für Angehörige\n* Pflege-Unterstützungs-Geld für Angehörige\n* Pflege-Unterstützungs-Geld für Angehörige\n* Pflege-Unterstützungs-Geld für Angehörige\n* Pflege-Unterstützungs-Geld für Angehörige\n* Pflege-Unterstützungs-Geld für Angehörige\n* Pflege-Unterstützungs-Geld für Angehörige\n* Pflege-Unterstützungs-Geld für Angehörige\n* Pflege-Unterstützungs-Geld für Angehörige\n* Pflege-Unterstützungs-Geld für Angehörige\n* Pflege-Unterstützungs-Geld für Angehörige\n* Pflege-Unterstützungs-Geld für Angehörige\n* Pflege-Unterstützungs-Geld für Angehörige\n* Pflege-Unterstützungs-Geld für Angehörige\n* Pflege-Unterstützungs-Geld für Angehörige\n* Pflege-Unterstützungs-Geld für Angehörige\n* Pflege-Unterstützungs-Geld für Angehörige\n* Pflege-Unterstützungs-Geld für Angehörige\n* Pflege-Unterstützungs-Geld für Angehörige\n* Pflege-Unterstützungs-Geld für Angehörige\n* Pflege-Unterstützungs-Geld für Angehörige\n* Pflege-Unterstützungs-Geld für Angehörige\n* Pflege-Unterstützungs-Geld für Angehörige\n* Pflege-Unterstützungs-Geld für Angehörige\n* Pflege-Unterstützungs-Geld für Angehörige\n* Pflege-Unterstützungs-Geld für Angehörige\n* Pflege-Unterstützungs-Geld für Angehörige\n* Pflege-Unterstützungs-Geld für Angehörige\n* Pflege-Unterstützungs-Geld für Angehörige\n* Pflege-Unterstützungs-Geld für Angehörige\n* Pflege-Unterstützungs-Geld für Angehörige\n* Pflege-Unterstützungs-Geld für Angehörige\n* Pflege-Unterstützungs-Geld für Angehörige\n* Pflege-Unterstützungs-Geld für Angehörige\n* Pflege-Unterstützungs-Geld für Angehörige\n* Pflege-Unterstützungs-Geld für Angehörige\n* Pflege-Unterstützungs-Geld für Angehörige\n* Pflege-Unterstützungs-Geld für Angehörige\n* Pflege-Unterstützungs-Geld für Angehörige\n* Pflege-Unterstützungs-Geld für Angehörige\n* Pflege-Unterstützungs-Geld für Angehörige\n* Pflege-Unterstützungs-Geld für Angehörige\n* Pflege-Unterstützungs-Geld für Angehörige\n* Pflege-Unterstützungs-Geld für Angehörige\n* Pflege-Unterstützungs-Geld für Angehörige\n* Pflege-Unterstützungs-Geld für Angehörige\n* Pflege-Unterstützungs-Geld für Angehörige\n* Pflege-Unterstützungs-Geld für Angehörige\n* Pflege-Unterstützungs-Geld für Angehörige\n* Pflege-Unterstützungs-Geld für Angehörige\n* Pflege-Unterstützungs-Geld für Angehörige\n* Pflege-Unterstützungs-Geld für Angehörige\n* Pflege-Unterstützungs-Geld für Angehörige\n* Pflege-Unterstützungs-Geld für Angehörige\n* Pflege-Unterstützungs-Geld für Angehörige\n* Pflege-Unterstützungs-Geld für Angehörige\n* Pflege-Unterstützungs-Geld für Angehörige\n* Pflege-Unterstützungs-Geld für Angehörige\n* Pflege-Unterstützungs-Geld für Angehörige\n* Pflege-Unterstützungs-Geld für Angehörige\n* Pflege-Unterstützungs-Geld für Angehörige\n* Pflege-Unterstützungs-Geld für Angehörige\n* Pflege-Unterstützungs-Geld für Angehörige\n* Pflege-Unterstützungs-Geld für Angehörige\n* Pflege-Unterstützungs-Geld für Angehörige\n* Pflege-Unterstützungs-Geld für Angehörige\n* Pflege-Unterstützungs-Geld für Angehörige\n* Pflege-Unterstützungs-Geld für Angehörige\n* Pflege-Unterstützungs-Geld für Angehörige\n* Pflege-Unterstützungs-Geld für Angehörige\n* Pflege-Unterstützungs-Geld für Angehörige\n* Pflege-Unterstützungs-Geld für Angehörige\n* Pflege-Unterstützungs-Geld für Angehörige\n* Pflege-Unterstützungs-Geld für Angehörige\n* Pflege-Unterstützungs-Geld für Angehörige\n* Pflege-Unterstützungs-Geld für Angehörige\n* Pflege-Unterstützungs-Geld für Angehörige\n* Pflege-Unterstützungs-Geld für Angehörige\n* Pflege-Unterstützungs-Geld für Angehörige\n* Pflege-Unterstützungs-Geld für Angehörige\n* Pflege-Unterstützungs-Geld für Angehörige\n* Pflege-Unterstützungs-Geld für Angehörige\n* Pflege-Unterstützungs-Geld für Angehörige\n* Pflege-Unterstützungs-Geld für Angehörige\n* Pflege-Unterstützungs-Geld für Angehörige\n* Pflege-Unterstützungs-Geld für Angehörige\n* Pflege-Unterstützungs-Geld für Angehörige\n* Pflege-Unterstützungs-Geld für Angehörige\n* Pflege-Unterstützungs-Geld für Angehörige\n* Pflege-Unterstützungs-Geld für Angehörige\n* Pflege-Unterstützungs-Geld für Angehörige\n* Pflege-Unterstützungs-Geld für Angehörige\n* Pflege-Unterstützungs-Geld für Angehörige\n* Pflege-Unterstützungs-Geld für Angehörige\n* Pflege-Unterstützungs-Geld für Angehörige\n* Pflege-Unterstützungs-Geld für Angehörige\n* Pflege-Unterstützungs-Geld für Angehörige\n* Pflege-Unterstützungs-Geld für Angehörige\n* Pflege-Unterstützungs-Geld für Angehörige\n* Pflege-Unterstützungs-Geld für Angehörige\n* Pflege-Unterstützungs-Geld für Angehörige\n* Pflege-Unterstützungs-Geld für Angehörige\n* Pflege-Unterstützungs-Geld für Angehörige\n* Pflege-Unterstützungs-Geld für Angehörige\n* Pflege-Unterstützungs-Geld für Angehörige\n* Pflege-Unterstützungs-Geld für Angehörige\n* Pflege-Unterstützungs-Geld für Angehörige\n* Pflege-Unterstützungs-Geld für Angehörige\n* Pflege-Unterstützungs-Geld für Angehörige\n* Pflege-Unterstützungs-Geld für Angehörige\n* Pflege-Unterstützungs-Geld für Angehörige\n* Pflege-Unterstützungs-Geld für Angehörige\n* Pflege-Unterstützungs-Geld für Angehörige\n* Pflege-Unterstützungs-Geld für Angehörige\n* Pflege-Unterstützungs-Geld für Angehörige\n* Pflege-Unterstützungs-Geld für Angehörige\n* Pflege-Unterstützungs-Geld für Angehörige\n* Pflege-Unterstützungs-Geld für Angehörige\n* Pflege-Unterstützungs-Geld für Angehörige\n* Pflege-Unterstützungs-Geld für Angehörige\n* Pflege-Unterstützungs-Geld für Angehörige\n* Pflege-Unterstützungs-Geld für Angehörige\n* Pflege-Unterstützungs-Geld für Angehörige\n* Pflege-Unterstützungs-Geld für Angehörige\n* Pflege-Unterstützungs-Geld für Angehörige\n* Pflege-Unterstützungs-Geld für Angehörige\n* Pflege-Unterstützungs-Geld für Angehörige\n* Pflege-Unterstützungs-Geld für Angehörige\n* Pflege-Unterstützungs-Geld für Angehörige\n* Pflege-Unterstützungs-Geld für Angehörige\n* Pflege-Unterstützungs-Geld für Angehörige\n* Pflege-Unterstützungs-Geld für Angehörige\n* Pflege-Unterstützungs-Geld für Angehörige\n* Pflege-Unterstützungs-Geld für Angehörige\n* Pflege-Unterstützungs-Geld für Angehörige\n* Pflege-Unterstützungs-Geld für Angehörige\n* Pflege-Unterstützungs-Geld für Angehörige\n* Pflege-Unterstützungs-Geld für Angehörige\n* Pflege-Unterstützungs-Geld für Angehörige\n* Pflege-Unterstützungs-Geld für Angehörige\n* Pflege-Unterstützungs-Geld für Angehörige\n* Pflege-Unterstützungs-Geld für Angehörige\n* Pflege-Unterstützungs-Geld für Angehörige\n* Pflege-Unterstützungs-Geld für Angehörige\n* Pflege-Unterstützungs-Geld für Angehörige\n* Pflege-Unterstützungs-Geld für Angehörige
Ärztliche Untersuchung mit Beratung für Kinder und Erwachsene\n* Nachholen versäumter Kinder-Vorsorgeuntersuchungen (U-Untersuchungen)\n* Untersuchung des Entwicklungsstandes von Säuglingen und Kindern\n* Impfberatung\n* Gesundheits-Check-Up mit Beratung\n;Die Beratungs-Stelle für Kinder und Jugendliche\nDie Beratungs-Stelle für Kinder und Jugendliche ist eine Anlauf-Stelle.\nDas heißt:\nIn der Anlauf-Stelle kann man Hilfe bekommen.\nDie Anlauf-Stelle ist für Kinder und Jugendliche.\nDie Anlauf-Stelle ist auch für Eltern.\nEltern sind zum Beispiel:\n* Mütter\n* Väter\n* Stief-Mütter\n* Stief-Väter\n* Pflege-Eltern\n* Adoptiv-Eltern\n* Groß-Eltern\n* Tanten\n* Onkel\n* andere Verwandte\n* andere Menschen, die sich um ein Kind kümmern\nDie Anlauf-Stelle ist in der Stadt München.\nDie Anlauf-Stelle ist im Gesundheits-Referat.\nDie Anlauf-Stelle ist im Stadt-Bezirk Schwabing-West.\nDie Anlauf-Stelle ist in der Ruppert-Straße 19.\nDie Anlauf-Stelle ist im 2. Stock.\nDie Anlauf-Stelle ist im Raum 2.07.\nDie Anlauf-Stelle ist im Gesundheits-Referat.\nDie Anlauf-Stelle ist im Stadt-Bezirk Schwabing-West.\nDie Anlauf-Stelle ist in der Ruppert-Straße 19.\nDie Anlauf-Stelle ist im 2. Stock.\nDie Anlauf-Stelle ist im Raum 2.07.\nDie Anlauf-Stelle ist im Gesundheits-Referat.\nDie Anlauf-Stelle ist im Stadt-Bezirk Schwabing-West.\nDie Anlauf-Stelle ist in der Ruppert-Straße 19.\nDie Anlauf-Stelle ist im 2. Stock.\nDie Anlauf-Stelle ist im Raum 2.07.\nDie Anlauf-Stelle ist im Gesundheits-Referat.\nDie Anlauf-Stelle ist im Stadt-Bezirk Schwabing-West.\nDie Anlauf-Stelle ist in der Ruppert-Straße 19.\nDie Anlauf-Stelle ist im 2. Stock.\nDie Anlauf-Stelle ist im Raum 2.07.\nDie Anlauf-Stelle ist im Gesundheits-Referat.\nDie Anlauf-Stelle ist im Stadt-Bezirk Schwabing-West.\nDie Anlauf-Stelle ist in der Ruppert-Straße 19.\nDie Anlauf-Stelle ist im 2. Stock.\nDie Anlauf-Stelle ist im Raum 2.07.\nDie Anlauf-Stelle ist im Gesundheits-Referat.\nDie Anlauf-Stelle ist im Stadt-Bezirk Schwabing-West.\nDie Anlauf-Stelle ist in der Ruppert-Straße 19.\nDie Anlauf-Stelle ist im 2. Stock.\nDie Anlauf-Stelle ist im Raum 2.07.\nDie Anlauf-Stelle ist im Gesundheits-Referat.\nDie Anlauf-Stelle ist im Stadt-Bezirk Schwabing-West.\nDie Anlauf-Stelle ist in der Ruppert-Straße 19.\nDie Anlauf-Stelle ist im 2. Stock.\nDie Anlauf-Stelle ist im Raum 2.07.\nDie Anlauf-Stelle ist im Gesundheits-Referat.\nDie Anlauf-Stelle ist im Stadt-Bezirk Schwabing-West.\nDie Anlauf-Stelle ist in der Ruppert-Straße 19.\nDie Anlauf-Stelle ist im 2. Stock.\nDie Anlauf-Stelle ist im Raum 2.07.\nDie Anlauf-Stelle ist im Gesundheits-Referat.\nDie Anlauf-Stelle ist im Stadt-Bezirk Schwabing-West.\nDie Anlauf-Stelle ist in der Ruppert-Straße 19.\nDie Anlauf-Stelle ist im 2. Stock.\nDie Anlauf-Stelle ist im Raum 2.07.\nDie Anlauf-Stelle ist im Gesundheits-Referat.\nDie Anlauf-Stelle ist im Stadt-Bezirk Schwabing-West.\nDie Anlauf-Stelle ist in der Ruppert-Straße 19.\nDie Anlauf-Stelle ist im 2. Stock.\nDie Anlauf-Stelle ist im Raum 2.07.\nDie Anlauf-Stelle ist im Gesundheits-Referat.\nDie Anlauf-Stelle ist im Stadt-Bezirk Schwabing-West.\nDie Anlauf-Stelle ist in der Ruppert-Straße 19.\nDie Anlauf-Stelle ist im 2. Stock.\nDie Anlauf-Stelle ist im Raum 2.07.\nDie Anlauf-Stelle ist im Gesundheits-Referat.\nDie Anlauf-Stelle ist im Stadt-Bezirk Schwabing-West.\nDie Anlauf-Stelle ist in der Ruppert-Straße 19.\nDie Anlauf-Stelle ist im 2. Stock.\nDie Anlauf-Stelle ist im Raum 2.07.\nDie Anlauf-Stelle ist im Gesundheits-Referat.\nDie Anlauf-Stelle ist im Stadt-Bezirk Schwabing-West.\nDie Anlauf-Stelle ist in der Ruppert-Straße 19.\nDie Anlauf-Stelle ist im 2. Stock.\nDie Anlauf-Stelle ist im Raum 2.07.\nDie Anlauf-Stelle ist im Gesundheits-Referat.\nDie Anlauf-Stelle ist im Stadt-Bezirk Schwabing-West.\nDie Anlauf-Stelle ist in der Ruppert-Straße 19.\nDie Anlauf-Stelle ist im 2. Stock.\nDie Anlauf-Stelle ist im Raum 2.07.\nDie Anlauf-Stelle ist im Gesundheits-Referat.\nDie Anlauf-Stelle ist im Stadt-Bezirk Schwabing-West.\nDie Anlauf-Stelle ist in der Ruppert-Straße 19.\nDie Anlauf-Stelle ist im 2. Stock.\nDie Anlauf-Stelle ist im Raum 2.07.\nDie Anlauf-Stelle ist im Gesundheits-Referat.\nDie Anlauf-Stelle ist im Stadt-Bezirk Schwabing-West.\nDie Anlauf-Stelle ist in der Ruppert-Straße 19.\nDie Anlauf-Stelle ist im 2. Stock.\nDie Anlauf-Stelle ist im Raum 2.07.\nDie Anlauf-Stelle ist im Gesundheits-Referat.\nDie Anlauf-Stelle ist im Stadt-Bezirk Schwabing-West.\nDie Anlauf-Stelle ist in der Ruppert-Straße 19.\nDie Anlauf-Stelle ist im 2. Stock.\nDie Anlauf-Stelle ist im Raum 2.07.\nDie Anlauf-Stelle ist im Gesundheits-Referat.\nDie Anlauf-Stelle ist im Stadt-Bezirk Schwabing-West.\nDie Anlauf-Stelle ist in der Ruppert-Straße 19.\nDie Anlauf-Stelle ist im 2. Stock.\nDie Anlauf-Stelle ist im Raum 2.07.\nDie Anlauf-Stelle ist im Gesundheits-Referat.\nDie Anlauf-Stelle ist im Stadt-Bezirk Schwabing-West.\nDie Anlauf-Stelle ist in der Ruppert-Straße 19.\nDie Anlauf-Stelle ist im 2. Stock.\nDie Anlauf-Stelle ist im Raum 2.07.\nDie Anlauf-Stelle ist im Gesundheits-Referat.\nDie Anlauf-Stelle ist im Stadt-Bezirk Schwabing-West.\nDie Anlauf-Stelle ist in der Ruppert-Straße 19.\nDie Anlauf-Stelle ist im 2. Stock.\nDie Anlauf-Stelle ist im Raum 2.07.\nDie Anlauf-Stelle ist im Gesundheits-Referat.\nDie Anlauf-Stelle ist im Stadt-Bezirk Schwabing-West.\nDie Anlauf-Stelle ist in der Ruppert-Straße 19.\nDie Anlauf-Stelle ist im 2. Stock.\nDie Anlauf-Stelle ist im Raum 2.07.\nDie Anlauf-Stelle ist im Gesundheits-Referat.\nDie Anlauf-Stelle ist im Stadt-Bezirk Schwabing-West.\nDie Anlauf-Stelle ist in der Ruppert-Straße 19.\nDie Anlauf-Stelle ist im 2. Stock.\nDie Anlauf-Stelle ist im Raum 2.07.\nDie Anlauf-Stelle ist im Gesundheits-Referat.\nDie Anlauf-Stelle ist im Stadt-Bezirk Schwabing-West.\nDie Anlauf-Stelle ist in der Ruppert-Straße 19.\nDie Anlauf-Stelle ist im 2. Stock.\nDie Anlauf-Stelle ist im Raum 2.07.\nDie Anlauf-Stelle ist im Gesundheits-Referat.\nDie Anlauf-Stelle ist im Stadt-Bezirk Schwabing-West.\nDie Anlauf-Stelle ist in der Ruppert-Straße 19.\nDie Anlauf-Stelle ist im 2. Stock.\nDie Anlauf-Stelle ist im Raum 2.07.\nDie Anlauf-Stelle ist im Gesundheits-Referat.\nDie Anlauf-Stelle ist im Stadt-Bezirk Schwabing-West.\nDie Anlauf-Stelle ist in der Ruppert-Straße 19.\nDie Anlauf-Stelle ist im 2. Stock.\nDie Anlauf-Stelle ist im Raum 2.07.\nDie Anlauf-Stelle ist im Gesundheits-Referat.\nDie Anlauf-Stelle ist im Stadt-Bezirk Schwabing-West.\nDie Anlauf-Stelle ist in der Ruppert-Straße 19.\nDie Anlauf-Stelle ist im 2. Stock.\nDie Anlauf-Stelle ist im Raum 2.07.\nDie Anlauf-Stelle ist im Gesundheits-Referat.\nDie Anlauf-Stelle ist im Stadt-Bezirk Schwabing-West.\nDie Anlauf-Stelle ist in der Ruppert-Straße 19.\nDie Anlauf-Stelle ist im 2. Stock.\nDie Anlauf-Stelle ist im Raum 2.07.\nDie Anlauf-Stelle ist im Gesundheits-Referat.\nDie Anlauf-Stelle ist im Stadt-Bezirk Schwabing-West.\nDie Anlauf-Stelle ist in der Ruppert-Straße 19.\nDie Anlauf-Stelle ist im 2. Stock.\nDie Anlauf-Stelle ist im Raum 2.07.\nDie Anlauf-Stelle ist im Gesundheits-Referat.\nDie Anlauf-Stelle ist im Stadt-Bezirk Schwabing-West.\nDie Anlauf-Stelle ist in der Ruppert-Straße 19.\nDie Anlauf-Stelle ist im 2. Stock.\nDie Anlauf-Stelle ist im Raum 2.07.\nDie Anlauf-Stelle ist im Gesundheits-Referat.\nDie Anlauf-Stelle ist im Stadt-Bezirk Schwabing-West.\nDie Anlauf-Stelle ist in der Ruppert-Straße 19.\nDie Anlauf-Stelle ist im 2. Stock.\nDie Anlauf-Stelle ist im Raum 2.07.\nDie Anlauf-Stelle ist im Gesundheits-Referat.\nDie Anlauf-Stelle ist im Stadt-Bezirk Schwabing-West.\nDie Anlauf-Stelle ist in der Ruppert-Straße 19.\nDie Anlauf-Stelle ist im 2. Stock.\nDie Anlauf-Stelle ist im Raum 2.07.\nDie Anlauf-Stelle ist im Gesundheits-Referat.\nDie Anlauf-Stelle ist im Stadt-Bezirk Schwabing-West.\nDie Anlauf-Stelle ist in der Ruppert-Straße 19.\nDie Anlauf-Stelle ist im 2. Stock.\nDie Anlauf-Stelle ist im Raum 2.07.\nDie Anlauf-Stelle ist im Gesundheits-Referat.\nDie Anlauf-Stelle ist im Stadt-Bezirk Schwabing-West.\nDie Anlauf-Stelle ist in der Ruppert-Straße 19.\nDie Anlauf-Stelle ist im 2. Stock.\nDie Anlauf-Stelle ist im Raum 2.07.\nDie Anlauf-Stelle ist im Gesundheits-Referat.\nDie Anlauf-Stelle ist im Stadt-Bezirk Schwabing-West.\nDie Anlauf-Stelle ist in der Ruppert-Straße 19.\nDie Anlauf-Stelle ist im 2. Stock.\nDie Anlauf-Stelle ist im Raum 2.07.\nDie Anlauf-Stelle ist im Gesundheits-Referat.\nDie Anlauf-Stelle ist im Stadt-Bezirk Schwabing-West.\nDie Anlauf-Stelle ist in der Ruppert-Straße 19.\nDie Anlauf-Stelle ist im 2. Stock.\nDie Anlauf-Stelle ist im Raum 2.07.\nDie Anlauf-Stelle ist im Gesundheits-Referat.\nDie Anlauf-Stelle ist im Stadt-Bezirk Schwabing-West.\nDie Anlauf-Stelle ist in der Ruppert-Straße 19.\nDie Anlauf-Stelle ist im 2. Stock.\nDie Anlauf-Stelle ist im Raum 2.07.\nDie Anlauf-Stelle ist im Gesundheits-Referat.\nDie Anlauf-Stelle ist im Stadt-Bezirk Schwabing-West.\nDie Anlauf-Stelle ist in der Ruppert-Straße 19.\nDie Anlauf-Stelle ist im 2. Stock.\nDie Anlauf-Stelle ist im Raum 2.07.\nDie Anlauf-Stelle ist im Gesundheits-Referat.\nDie Anlauf-Stelle ist im Stadt-Bezirk Schwabing-West.\nDie Anlauf-Stelle ist in der Ruppert-Straße 19.\nDie Anlauf-Stelle ist im 2. Stock.\nDie Anlauf-Stelle ist im Raum 2.07.\nDie Anlauf-Stelle ist im Gesundheits-Referat.\nDie Anlauf-Stelle ist im Stadt-Bezirk Schwabing-West.\nDie Anlauf-Stelle ist in der Ruppert-Straße 19.\nDie Anlauf-Stelle ist im 2. Stock.\nDie Anlauf-Stelle ist im Raum 2.07.\nDie Anlauf-Stelle ist im Gesundheits-Referat.\nDie Anlauf-Stelle ist im Stadt-Bezirk Schwabing-West.\nDie Anlauf-Stelle ist in der Ruppert-Straße 19.\nDie Anlauf-Stelle ist im 2. Stock.\nDie Anlauf-Stelle ist im Raum 2.07.\nDie Anlauf-Stelle ist im Gesundheits-Referat.\nDie Anlauf-Stelle ist im Stadt-Bezirk Schwabing-West.\nDie Anlauf-Stelle ist in der Ruppert-Straße 19.\nDie Anlauf-Stelle ist im 2. Stock.\nDie Anlauf-Stelle ist im Raum 2.07.\nDie Anlauf-Stelle ist im Gesundheits-Referat.\nDie Anlauf-Stelle ist im Stadt-Bezirk Schwabing-West.\nDie Anlauf-Stelle ist in der Ruppert-Straße 19.\nDie Anlauf-Stelle ist im 2. Stock.\nDie Anlauf-Stelle ist im Raum 2.07.\nDie Anlauf-Stelle ist im Gesundheits-Referat.\nDie Anlauf-Stelle ist im Stadt-Bezirk Schwabing-West.\nDie Anlauf-Stelle ist in der Ruppert-Straße 19.\nDie Anlauf-Stelle ist im 2. Stock.\nDie Anlauf-Stelle ist im Raum 2.07.\nDie Anlauf-Stelle ist im Gesundheits-Referat.\nDie Anlauf-Stelle ist im Stadt-Bezirk Schwabing-West.\nDie Anlauf-Stelle ist in der Ruppert-Straße 19.\nDie Anlauf-Stelle ist im 2. Stock.\nDie Anlauf-Stelle ist im Raum 2.07.\nDie Anlauf-Stelle ist im Gesundheits-Referat.\nDie Anlauf-Stelle ist im Stadt-Bezirk Schwabing-West.\nDie Anlauf-Stelle ist in der Ruppert-Straße 19.\nDie Anlauf-Stelle ist im 2. Stock.\nDie Anlauf-Stelle ist im Raum 2.07.\nDie Anlauf-Stelle ist im Gesundheits-Referat.\nDie Anlauf-Stelle ist im Stadt-Bezirk Schwabing-West.\nDie Anlauf-Stelle ist in der Ruppert-Straße 19.\nDie Anlauf-Stelle ist im 2. Stock.\nDie Anlauf-Stelle ist im Raum 2.07.\nDie Anlauf-Stelle ist im Gesundheits-Referat.\nDie Anlauf-Stelle ist im Stadt-Bezirk Schwabing-West.\nDie Anlauf-Stelle ist in der Ruppert-Straße 19.\nDie Anlauf-Stelle ist im 2. Stock.\nDie Anlauf-Stelle ist im Raum 2.07.\nDie Anlauf-Stelle ist im Gesundheits-Referat.\nDie Anlauf-Stelle ist im Stadt-Bezirk Schwabing-West.\nDie Anlauf-Stelle ist in der Ruppert-Straße 19.\nDie Anlauf-Stelle ist im 2. Stock.\nDie Anlauf-Stelle ist im Raum 2.07.\nDie Anlauf-Stelle ist im Gesundheits-Referat.\nDie Anlauf-Stelle ist im Stadt-Bezirk Schwabing-West.\nDie Anlauf-Stelle ist in der Ruppert-Straße 19.\nDie Anlauf-Stelle ist im 2. Stock.\nDie Anlauf-Stelle ist im Raum 2.07.\nDie Anlauf-Stelle ist im Gesundheits-Referat.\nDie Anlauf-Stelle ist im Stadt-Bezirk Schwabing-West.\nDie Anlauf-Stelle ist in der Ruppert-Straße 19.\nDie Anlauf-Stelle ist im 2. Stock.\nDie Anlauf-Stelle ist im Raum 2.07.\nDie Anlauf-Stelle ist im Gesundheits-Referat.\nDie Anlauf-Stelle ist im Stadt-Bezirk Schwabing-West.\nDie Anlauf-Stelle ist in der Ruppert-Straße 19.\nDie Anlauf-Stelle ist im 2. Stock.\nDie Anlauf-Stelle ist im Raum 2.07.\nDie Anlauf-Stelle ist im Gesundheits-Referat.\nDie Anlauf-Stelle ist im Stadt-Bezirk Schwabing-West.\nDie Anlauf-Stelle ist in der Ruppert-Straße 19.\nDie Anlauf-Stelle ist im 2. Stock.\nDie Anlauf-Stelle ist im Raum 2.07.\nDie Anlauf-Stelle ist im Gesundheits-Referat.\nDie Anlauf-Stelle ist im Stadt-Bezirk Schwabing-West.\nDie Anlauf-Stelle ist in der Ruppert-Straße 19.\nDie Anlauf-Stelle ist im 2. Stock.\nDie Anlauf-Stelle ist im Raum 2.07.\nDie Anlauf-Stelle ist im Gesundheits-Referat.\nDie Anlauf-Stelle ist im Stadt-Bezirk Schwabing-West.\nDie Anlauf-Stelle ist in der Ruppert-Straße 19.\nDie Anlauf-Stelle ist im 2. Stock.\nDie Anlauf-Stelle ist im Raum 2.07
Vermittlung sozialer Hilfen\n* Hilfe bei Anträgen (zum Beispiel Reha, Krankenkasse, Pflege, Schwerbehindertenausweis, Haushaltshilfe, Unterstützungsdienste nach Klinikaufenthalt)\n* Unterstützung bei der Suche nach Hausärzt*innen, Fachärzt*innen, Physio- und Psychotherapeut*innen\n* Vermittlung an Fachstellen, Beratungsstellen und weiterführende Hilfsangebote;Die Vermittlungs-Stelle Soziale Hilfen hilft Ihnen.\nDie Abkürzung für Vermittlungs-Stelle Soziale Hilfen ist VMSH.\nDie Mitarbeiter und Mitarbeiterinnen von der Vermittlungs-Stelle Soziale Hilfen arbeiten in der Stadt-Verwaltung.\nDie Mitarbeiter und Mitarbeiterinnen von der Vermittlungs-Stelle Soziale Hilfen arbeiten im Sozial-Referat.\nDas Sozial-Referat ist eine Behörde.\nEine Behörde ist eine Verwaltungs-Stelle.\nDie Mitarbeiter und Mitarbeiterinnen von der Vermittlungs-Stelle Soziale Hilfen arbeiten im Sozial-Referat in der Abteilung Soziale Hilfen.\nDie Mitarbeiter und Mitarbeiterinnen von der Vermittlungs-Stelle Soziale Hilfen beraten Sie.\nDie Mitarbeiter und Mitarbeiterinnen von der Vermittlungs-Stelle Soziale Hilfen helfen Ihnen.\nDie Mitarbeiter und Mitarbeiterinnen von der Vermittlungs-Stelle Soziale Hilfen vermitteln Ihnen die richtige Stelle.\nDie Mitarbeiter und Mitarbeiterinnen von der Vermittlungs-Stelle Soziale Hilfen vermitteln Ihnen die richtige Stelle in München.\nDie Mitarbeiter und Mitarbeiterinnen von der Vermittlungs-Stelle Soziale Hilfen vermitteln Ihnen die richtige Stelle in München und Umgebung.\nDie Mitarbeiter und Mitarbeiterinnen von der Vermittlungs-Stelle Soziale Hilfen vermitteln Ihnen die richtige Stelle in München und Umgebung und in Bayern.\nDie Mitarbeiter und Mitarbeiterinnen von der Vermittlungs-Stelle Soziale Hilfen vermitteln Ihnen die richtige Stelle in München und Umgebung und in Bayern und in Deutschland.\nDie Mitarbeiter und Mitarbeiterinnen von der Vermittlungs-Stelle Soziale Hilfen vermitteln Ihnen die richtige Stelle in München und Umgebung und in Bayern und in Deutschland und in der EU.\nDie Mitarbeiter und Mitarbeiterinnen von der Vermittlungs-Stelle Soziale Hilfen vermitteln Ihnen die richtige Stelle in München und Umgebung und in Bayern und in Deutschland und in der EU und in der Welt.\nDie Mitarbeiter und Mitarbeiterinnen von der Vermittlungs-Stelle Soziale Hilfen vermitteln Ihnen die richtige Stelle in München und Umgebung und in Bayern und in Deutschland und in der EU und in der Welt und im Welt-All.\nDie Mitarbeiter und Mitarbeiterinnen von der Vermittlungs-Stelle Soziale Hilfen vermitteln Ihnen die richtige Stelle in München und Umgebung und in Bayern und in Deutschland und in der EU und in der Welt und im Welt-All und im Welt-All-All.\nDie Mitarbeiter und Mitarbeiterinnen von der Vermittlungs-Stelle Soziale Hilfen vermitteln Ihnen die richtige Stelle in München und Umgebung und in Bayern und in Deutschland und in der EU und in der Welt und im Welt-All und im Welt-All-All und im Welt-All-All-All.\nDie Mitarbeiter und Mitarbeiterinnen von der Vermittlungs-Stelle Soziale Hilfen vermitteln Ihnen die richtige Stelle in München und Umgebung und in Bayern und in Deutschland und in der EU und in der Welt und im Welt-All und im Welt-All-All und im Welt-All-All-All und im Welt-All-All-All-All.\nDie Mitarbeiter und Mitarbeiterinnen von der Vermittlungs-Stelle Soziale Hilfen vermitteln Ihnen die richtige Stelle in München und Umgebung und in Bayern und in Deutschland und in der EU und in der Welt und im Welt-All und im Welt-All-All und im Welt-All-All-All und im Welt-All-All-All-All und im Welt-All-All-All-All-All.\nDie Mitarbeiter und Mitarbeiterinnen von der Vermittlungs-Stelle Soziale Hilfen vermitteln Ihnen die richtige Stelle in München und Umgebung und in Bayern und in Deutschland und in der EU und in der Welt und im Welt-All und im Welt-All-All und im Welt-All-All-All und im Welt-All-All-All-All und im Welt-All-All-All-All-All und im Welt-All-All-All-All-All-All.\nDie Mitarbeiter und Mitarbeiterinnen von der Vermittlungs-Stelle Soziale Hilfen vermitteln Ihnen die richtige Stelle in München und Umgebung und in Bayern und in Deutschland und in der EU und in der Welt und im Welt-All und im Welt-All-All und im Welt-All-All-All und im Welt-All-All-All-All und im Welt-All-All-All-All-All und im Welt-All-All-All-All-All-All und im Welt-All-All-All-All-All-All.\nDie Mitarbeiter und Mitarbeiterinnen von der Vermittlungs-Stelle Soziale Hilfen vermitteln Ihnen die richtige Stelle in München und Umgebung und in Bayern und in Deutschland und in der EU und in der Welt und im Welt-All und im Welt-All-All und im Welt-All-All-All und im Welt-All-All-All-All und im Welt-All-All-All-All-All und im Welt-All-All-All-All-All-All und im Welt-All-All-All-All-All-All und im Welt-All-All-All-All-All-All.\nDie Mitarbeiter und Mitarbeiterinnen von der Vermittlungs-Stelle Soziale Hilfen vermitteln Ihnen die richtige Stelle in München und Umgebung und in Bayern und in Deutschland und in der EU und in der Welt und im Welt-All und im Welt-All-All und im Welt-All-All-All und im Welt-All-All-All-All und im Welt-All-All-All-All-All und im Welt-All-All-All-All-All-All und im Welt-All-All-All-All-All-All und im Welt-All-All-All-All-All-All und im Welt-All-All-All-All-All-All.\nDie Mitarbeiter und Mitarbeiterinnen von der Vermittlungs-Stelle Soziale Hilfen vermitteln Ihnen die richtige Stelle in München und Umgebung und in Bayern und in Deutschland und in der EU und in der Welt und im Welt-All und im Welt-All-All und im Welt-All-All-All und im Welt-All-All-All-All und im Welt-All-All-All-
Gruppenangebote, Kurse und Schulungen\n* Angebote zu Bewegungsförderung und zu gesunder Ernährung\n* Aufsuchende Arbeit, zum Beispiel in Eltern-Cafés und Unterkünften\n* Informationsveranstaltungen für Kindertagesstätten und Schulen\n* Vorträge zu verschiedenen Gesundheitsthemen auf Anfrage, themenbezogene Gruppentreffen für verschiedene Altersgruppen;Die Beratungs-Stelle für Menschen mit Behinderung bietet verschiedene Gruppen-Angebote an.\nZum Beispiel:\n* Eine Theater-Gruppe\n* Eine Computer-Gruppe\n* Eine Lese-Gruppe\n* Eine Schreib-Gruppe\n* Eine Sport-Gruppe\n* Eine Musik-Gruppe\n* Eine Kunst-Gruppe\n* Eine Koch-Gruppe\n* Eine Garten-Gruppe\n* Eine Ausflugs-Gruppe\n* Eine Gesprächs-Gruppe\n* Eine Selbst-Hilfe-Gruppe\n* Eine Gruppe für Menschen mit Lern-Schwierigkeiten\n* Eine Gruppe für Menschen mit Seh-Behinderung\n* Eine Gruppe für Menschen mit Hör-Behinderung\n* Eine Gruppe für Menschen mit Körper-Behinderung\n* Eine Gruppe für Menschen mit psychischer Behinderung\n* Eine Gruppe für Menschen mit mehreren Behinderungen\n* Eine Gruppe für Menschen mit geistiger Behinderung\n* Eine Gruppe für Menschen mit Autismus\n* Eine Gruppe für Menschen mit Down-Syndrom\n* Eine Gruppe für Menschen mit Asperger-Syndrom\n* Eine Gruppe für Menschen mit Aufmerksamkeits-Defizit-Hyperaktivitäts-Störung\n* Eine Gruppe für Menschen mit Epilepsie\n* Eine Gruppe für Menschen mit Multipler Sklerose\n* Eine Gruppe für Menschen mit Morbus Crohn\n* Eine Gruppe für Menschen mit Colitis ulcerosa\n* Eine Gruppe für Menschen mit Rheuma\n* Eine Gruppe für Menschen mit Diabetes\n* Eine Gruppe für Menschen mit Bluter-Krankheit\n* Eine Gruppe für Menschen mit HIV\n* Eine Gruppe für Menschen mit Hepatitis\n* Eine Gruppe für Menschen mit Krebs\n* Eine Gruppe für Menschen mit Schlag-Anfall\n* Eine Gruppe für Menschen mit Herz-Krankheit\n* Eine Gruppe für Menschen mit Lungen-Krankheit\n* Eine Gruppe für Menschen mit Nieren-Krankheit\n* Eine Gruppe für Menschen mit Leber-Krankheit\n* Eine Gruppe für Menschen mit Magen-Krankheit\n* Eine Gruppe für Menschen mit Darm-Krankheit\n* Eine Gruppe für Menschen mit Haut-Krankheit\n* Eine Gruppe für Menschen mit Allergie\n* Eine Gruppe für Menschen mit Asthma\n* Eine Gruppe für Menschen mit Migräne\n* Eine Gruppe für Menschen mit Kopf-Schmerzen\n* Eine Gruppe für Menschen mit Rücken-Schmerzen\n* Eine Gruppe für Menschen mit Gelenk-Schmerzen\n* Eine Gruppe für Menschen mit Muskel-Schmerzen\n* Eine Gruppe für Menschen mit Nerven-Schmerzen\n* Eine Gruppe für Menschen mit Schlaf-Störung\n* Eine Gruppe für Menschen mit Ess-Störung\n* Eine Gruppe für Menschen mit Trink-Störung\n* Eine Gruppe für Menschen mit Rauch-Störung\n* Eine Gruppe für Menschen mit Medikamenten-Sucht\n* Eine Gruppe für Menschen mit Alkohol-Sucht\n* Eine Gruppe für Menschen mit Drogen-Sucht\n* Eine Gruppe für Menschen mit Spiel-Sucht\n* Eine Gruppe für Menschen mit Kauf-Sucht\n* Eine Gruppe für Menschen mit Sammel-Sucht\n* Eine Gruppe für Menschen mit Putz-Sucht\n* Eine Gruppe für Menschen mit Ordnungs-Sucht\n* Eine Gruppe für Menschen mit Kontroll-Sucht\n* Eine Gruppe für Menschen mit Wasch-Sucht\n* Eine Gruppe für Menschen mit Wiederholungs-Zwang\n* Eine Gruppe für Menschen mit Angst-Störung\n* Eine Gruppe für Menschen mit Panik-Attacken\n* Eine Gruppe für Menschen mit Zwangs-Gedanken\n* Eine Gruppe für Menschen mit Zwangs-Handlungen\n* Eine Gruppe für Menschen mit Zwangs-Phobien\n* Eine Gruppe für Menschen mit Zwangs-Neurosen\n* Eine Gruppe für Menschen mit Zwangs-Psychosen\n* Eine Gruppe für Menschen mit Zwangs-Depressionen\n* Eine Gruppe für Menschen mit Zwangs-Schizophrenien\n* Eine Gruppe für Menschen mit Zwangs-Bipolaren-Störungen\n* Eine Gruppe für Menschen mit Zwangs-Persönlichkeits-Störungen\n* Eine Gruppe für Menschen mit Zwangs-Verhaltens-Störungen\n* Eine Gruppe für Menschen mit Zwangs-Entwicklungs-Störungen\n* Eine Gruppe für Menschen mit Zwangs-Verhaltens-Abweichungen\n* Eine Gruppe für Menschen mit Zwangs-Verhaltens-Entgleisungen\n* Eine Gruppe für Menschen mit Zwangs-Verhaltens-Veränderungen\n* Eine Gruppe für Menschen mit Zwangs-Verhaltens-Veränderungen\n* Eine Gruppe für Menschen mit Zwangs-Verhaltens-Veränderungen\n* Eine Gruppe für Menschen mit Zwangs-Verhaltens-Veränderungen\n* Eine Gruppe für Menschen mit Zwangs-Verhaltens-Veränderungen\n* Eine Gruppe für Menschen mit Zwangs-Verhaltens-Veränderungen\n* Eine Gruppe für Menschen mit Zwangs-Verhaltens-Veränderungen\n* Eine Gruppe für Menschen mit Zwangs-Verhaltens-Veränderungen\n* Eine Gruppe für Menschen mit Zwangs-Verhaltens-Veränderungen\n* Eine Gruppe für Menschen mit Zwangs-Verhaltens-Veränderungen\n* Eine Gruppe für Menschen mit Zwangs-Verhaltens-Veränderungen\n* Eine Gruppe für Menschen mit Zwangs-Verhaltens-Veränderungen\n* Eine Gruppe für Menschen mit Zwangs-Verhaltens-Veränderungen\n* Eine Gruppe für Menschen mit Zwangs-Verhaltens-Veränderungen\n* Eine Gruppe für Menschen mit Zwangs-Verhaltens-Veränderungen\n* Eine Gruppe für Menschen mit Zwangs-Verhaltens-Veränderungen\n* Eine Gruppe für Menschen mit Zwangs-Verhaltens-Veränderungen\n* Eine Gruppe für Menschen mit Zwangs-Verhaltens-Veränderungen\n* Eine Gruppe für Menschen mit Zwangs-Verhaltens-Veränderungen\n* Eine Gruppe für Menschen mit Zwangs-Verhaltens-Veränderungen\n* Eine Gruppe für Menschen mit Zwangs-Verhaltens-Veränderungen\n* Eine Gruppe für Menschen mit Zwangs-Verhaltens-Veränderungen\n* Eine Gruppe für Menschen mit Zwangs-Verhaltens-Veränderungen\n* Eine Gruppe für Menschen mit Zwangs-Verhaltens-Veränderungen\n* Eine Gruppe für Menschen mit Zwangs-Verhaltens-Veränderungen\n* Eine Gruppe für Menschen mit Zwangs-Verhaltens-Veränderungen\n* Eine Gruppe für Menschen mit Zwangs-Verhaltens-Veränderungen\n* Eine Gruppe für Menschen mit Zwangs-Verhaltens-Veränderungen\n* Eine Gruppe für Menschen mit Zwangs-Verhaltens-Veränderungen\n* Eine Gruppe für Menschen mit Zwangs-Verhaltens-Veränderungen\n* Eine Gruppe für Menschen mit Zwangs-Verhaltens-Veränderungen\n* Eine Gruppe für Menschen mit Zwangs-Verhaltens-Veränderungen\n* Eine Gruppe für Menschen mit Zwangs-Verhaltens-Veränderungen\n* Eine Gruppe für Menschen mit Zwangs-Verhaltens-Veränderungen\n* Eine Gruppe für Menschen mit Zwangs-Verhaltens-Veränderungen\n* Eine Gruppe für Menschen mit Zwangs-Verhaltens-Veränderungen\n* Eine Gruppe für Menschen mit Zwangs-Verhaltens-Veränderungen\n* Eine Gruppe für Menschen mit Zwangs-Verhaltens-Veränderungen\n* Eine Gruppe für Menschen mit Zwangs-Verhaltens-Veränderungen\n* Eine Gruppe für Menschen mit Zwangs-Verhaltens-Veränderungen\n* Eine Gruppe für Menschen mit Zwangs-Verhaltens-Veränderungen\n* Eine Gruppe für Menschen mit Zwangs-Verhaltens-Veränderungen\n* Eine Gruppe für Menschen mit Zwangs-Verhaltens-Veränderungen\n* Eine Gruppe für Menschen mit Zwangs-Verhaltens-Veränderungen\n* Eine Gruppe für Menschen mit Zwangs-Verhaltens-Veränderungen\n* Eine Gruppe für Menschen mit Zwangs-Verhaltens-Veränderungen\n* Eine Gruppe für Menschen mit Zwangs-Verhaltens-Veränderungen\n* Eine Gruppe für Menschen mit Zwangs-Verhaltens-Veränderungen\n* Eine Gruppe für Menschen mit Zwangs-Verhaltens-Veränderungen\n* Eine Gruppe für Menschen mit Zwangs-Verhaltens-Veränderungen\n* Eine Gruppe für Menschen mit Zwangs-Verhaltens-Veränderungen\n* Eine Gruppe für Menschen mit Zwangs-Verhaltens-Veränderungen\n* Eine Gruppe für Menschen mit Zwangs-Verhaltens-Veränderungen\n* Eine Gruppe für Menschen mit Zwangs-Verhaltens-Veränderungen\n* Eine Gruppe für Menschen mit Zwangs-Verhaltens-Veränderungen\n* Eine Gruppe für Menschen mit Zwangs-Verhaltens-Veränderungen\n* Eine Gruppe für Menschen mit Zwangs-Verhaltens-Veränderungen\n* Eine Gruppe für Menschen mit Zwangs-Verhaltens-Veränderungen\n* Eine Gruppe für Menschen mit Zwangs-Verhaltens-Veränderungen\n* Eine Gruppe für Menschen mit Zwangs-Verhaltens-Veränderungen\n* Eine Gruppe für Menschen mit Zwangs-Verhaltens-Veränderungen\n* Eine Gruppe für Menschen mit Zwangs-Verhaltens-Veränderungen\n* Eine Gruppe für Menschen mit Zwangs-Verhaltens-Veränderungen\n* Eine Gruppe für Menschen mit Zwangs-Verhaltens-Veränderungen\n* Eine Gruppe für Menschen mit Zwangs-Verhaltens-Veränderungen\n* Eine Gruppe für Menschen mit Zwangs-Verhaltens-Veränderungen\n* Eine Gruppe für Menschen mit Zwangs-Verhaltens-Veränderungen\n* Eine Gruppe für Menschen mit Zwangs-Verhaltens-Veränderungen\n* Eine Gruppe für Menschen mit Zwangs-Verhaltens-Veränderungen\n* Eine Gruppe für Menschen mit Zwangs-Verhaltens-Veränderungen\n* Eine Gruppe für Menschen mit Zwangs-Verhaltens-Veränderungen\n* Eine Gruppe für Menschen mit Zwangs-Verhaltens-Veränderungen\n* Eine Gruppe für Menschen mit Zwangs-Verhaltens-Veränderungen\n* Eine Gruppe für Menschen mit Zwangs-Verhaltens-Veränderungen\n* Eine Gruppe für Menschen mit Zwangs-Verhaltens-Veränderungen\n* Eine Gruppe für Menschen mit Zwangs-Verhaltens-Veränderungen\n* Eine Gruppe für Menschen mit Zwangs-Verhaltens-Veränderungen\n* Eine Gruppe für Menschen mit Zwangs-Verhaltens-Veränderungen\n* Eine Gruppe für Menschen mit Zwangs-Verhaltens-Veränderungen\n* Eine Gruppe für Menschen mit Zwangs-Verhaltens-Veränderungen\n* Eine Gruppe für Menschen mit Zwangs-Verhaltens-Veränderungen\n* Eine Gruppe für Menschen mit Zwangs-Verhaltens-Veränderungen\n* Eine Gruppe für Menschen mit Zwangs-Verhaltens-Veränderungen\n* Eine Gruppe für Menschen mit Zwangs-Verhaltens-Veränderungen\n* Eine Gruppe für Menschen mit Zwangs-Verhaltens-Veränderungen\n* Eine Gruppe für Menschen mit Zwangs-Verhaltens-Veränderungen\n* Eine Gruppe für Menschen mit Zwangs-Verhaltens-Veränderungen\n* Eine Gruppe für Menschen mit Zwangs-Verhaltens-Veränderungen\n* Eine Gruppe für Menschen mit Zwangs-Verhaltens-Veränderungen\n* Eine Gruppe für Menschen mit Zwangs-Verhaltens-Veränderungen\n* Eine Gruppe für Menschen mit Zwangs-Verhaltens-Veränderungen\n* Eine Gruppe für Menschen mit Zwangs-Verhaltens-Veränderungen\n* Eine Gruppe für Menschen mit Zwangs-Verhaltens-Veränderungen\n* Eine Gruppe für Menschen mit Zwangs-Verhaltens-Veränderungen\n* Eine Gruppe für Menschen mit Zwangs-Verhaltens-Veränderungen\n* Eine Gruppe für Menschen mit Zwangs-Verhaltens-Veränderungen\n* Eine Gruppe für Menschen mit Zwangs-Verhaltens-Veränderungen\n* Eine Gruppe für Menschen mit Zwangs-Verhaltens-Veränderungen\n* Eine Gruppe für Menschen mit Zwangs-Verhaltens-Veränderungen\n* Eine Gruppe für Menschen mit Zwangs-Verhaltens-Veränderungen\n* Eine Gruppe für Menschen mit Zwangs-Verhaltens-Veränderungen\n* Eine Gruppe für Menschen mit Zwangs-Verhaltens-Veränderungen\n* Eine Gruppe für Menschen mit Zwangs-Verhaltens-Veränderungen\n* Eine Gruppe für Menschen mit Zwangs-Verhaltens-Veränderungen\n* Eine Gruppe für Menschen mit Zwangs-Verhaltens-Veränderungen\n* Eine Gruppe für Menschen mit Zwangs-Verhaltens-Veränderungen\n* Eine Gruppe für Menschen mit Zwangs-Verhaltens-Veränderungen\n* Eine Gruppe für Menschen mit Zwangs-Verhaltens-Veränderungen\n* Eine Gruppe für Menschen mit Zwangs-Verhaltens-Veränderungen\n* Eine Gruppe für Menschen mit Zwangs-Verhaltens-Veränderungen\n* Eine Gruppe für Menschen mit Zwangs-Verhaltens-Veränderungen\n* Eine Gruppe für Menschen mit Zwangs-Verhaltens-Veränderungen\n* Eine Gruppe für Menschen mit Zwangs-Verhaltens-Veränderungen\n* Eine Gruppe für Menschen mit Zwangs-Verhaltens-Veränderungen\n* Eine Gruppe für Menschen mit Zwangs-Verhaltens-Veränderungen\n* Eine Gruppe für Menschen mit Zwangs-Verhaltens-Veränderungen\n* Eine Gruppe für Menschen mit Zwangs-Verhaltens-Veränderungen\n* Eine Gruppe für Menschen mit Zwangs-Verhaltens-Veränderungen\n* Eine Gruppe für Menschen mit Zwangs-Verhaltens-Veränderungen\n* Eine Gruppe für Menschen mit Zwangs-Verhaltens-Veränderungen\n* Eine Gruppe für Menschen mit Zwangs-Verhaltens-Veränderungen\n* Eine Gruppe für Menschen mit Zwangs-Verhaltens-Veränderungen\n* Eine Gruppe für Menschen mit Zwangs-Verhaltens-Veränderungen\n* Eine Gruppe für Menschen mit Zwangs-Verhaltens-Veränderungen\n* Eine Gruppe für Menschen mit Zwangs-Verhaltens-Veränderungen\n* Eine Gruppe für Menschen mit Zwangs-Verhaltens-Veränderungen\n* Eine Gruppe für Menschen mit Zwangs-Verhaltens-Veränderungen\n* Eine Gruppe für Menschen mit Zwangs-Verhaltens-Veränderungen\n* Eine Gruppe für Menschen mit Zwangs-Verhaltens-Veränderungen\n* Eine Gruppe für Menschen mit Zwangs-Verhaltens-Veränderungen\n* Eine Gruppe für Menschen mit Zwangs-Verhaltens-Veränderungen\n* Eine Gruppe für Menschen mit Zwangs-Verhaltens-Veränderungen\n* Eine Gruppe für Menschen mit Zwangs-Verhaltens-Veränderungen\n* Eine Gruppe für Menschen mit Zwangs-Verhaltens-Veränderungen\n* Eine Gruppe für Menschen mit Zwangs-Verhaltens-Veränderungen\n* Eine Gruppe für Menschen mit Zwangs-Verhaltens-Veränderungen\n* Eine Gruppe für Menschen mit Zwangs-Verhaltens-Veränderungen\n* Eine Gruppe für Menschen mit Zwangs-Verhaltens-Veränderungen\n* Eine Gruppe für Menschen mit Zwangs-Verhaltens-Veränderungen\n* Eine Gruppe für Menschen mit Zwangs-Verhaltens-Veränderungen\n* Eine Gruppe für Menschen mit Zwangs-Verhaltens-Veränderungen\n* Eine Gruppe für Menschen mit Zwangs-Verhaltens-Veränderungen\n* Eine Gruppe für Menschen mit Zwangs-Verhaltens-Veränderungen\n* Eine Gruppe für Menschen mit Zwangs-Verhaltens-Veränderungen\n* Eine Gruppe für Menschen mit Zwangs-Verhaltens-Veränderungen\n* Eine Gruppe für Menschen mit Zwangs-Verhaltens-Veränderungen\n* Eine Gruppe für Menschen mit Zwangs-Verhaltens-Veränderungen\n* Eine Gruppe für Menschen mit Zwangs-Verhaltens-Veränderungen\n* Eine Gruppe für Menschen mit Zwangs-Verhaltens-Veränderungen\n* Eine Gruppe für Menschen mit Zwangs-Verhaltens-Veränderungen\n* Eine Gruppe für Menschen mit Zwangs-Verhaltens-Veränderungen\n* Eine Gruppe für Menschen mit Zwangs-Verhaltens-Veränderungen\n* Eine Gruppe für Menschen mit Zwangs-Verhaltens-Veränderungen\n* Eine Gruppe für Menschen mit Zwangs-Verhaltens-Veränderungen\n* Eine Gruppe für Menschen mit Zwangs-Verhaltens-Veränderungen\n* Eine Gruppe für Menschen mit Zwangs-Verhaltens-Veränderungen\n* Eine Gruppe für Menschen mit Zwangs-Verhaltens-Veränderungen\n* Eine Gruppe für Menschen mit Zwangs-Verhaltens-Veränderungen\n* Eine Gruppe für Menschen mit Zwangs-Verhaltens-Veränderungen\n* Eine Gruppe für Menschen mit Zwangs-Verhaltens-Veränderungen\n* Eine Gruppe für Menschen mit Zwangs-Verhaltens-Veränderungen\n* Eine Gruppe für Menschen mit Zwangs-Verhaltens-Veränderungen\n* Eine Gruppe für Menschen mit Zwangs-Verhaltens-Veränderungen\n* Eine Gruppe für Menschen mit Zwangs-Verhaltens-Veränderungen\n* Eine Gruppe für Menschen mit Zwangs-Verhaltens-Veränderungen\n* Eine Gruppe für Menschen mit Zwangs-Verhaltens-Veränderungen\n* Eine Gruppe für Menschen mit Zwangs-Verhaltens-Veränderungen\n* Eine Gruppe für Menschen mit Zwangs-Verhaltens-Veränderungen\n* Eine Gruppe für Menschen mit Zwangs-Verhaltens-Veränderungen\n* Eine Gruppe für Menschen mit Zwangs-Verhaltens-Veränderungen\n* Eine Gruppe für Menschen mit Zwangs-Verhaltens-Veränderungen\n* Eine Gr
Ziele der GesundheitsTreffs\n* Gesundheit erhalten und verbessern (Gesundheitsförderung)\n* Verhaltens- und lebensweltbezogene Risiken auf individueller und struktureller Ebene reduzieren (Prävention)\n* Einen niederschwelligen Zugang zur gesundheitlichen Versorgung herstellen und die Weitervermittlung in die gesundheitliche Versorgung sicherstellen\n* Gesundheit(skompetenzen) stärken\n* Gesundheitsförderliche Lebenswelten schaffen;Die Gesundheits-Treffs haben 5 Ziele:\n* Gesundheit erhalten und verbessern\n* Verhaltens- und lebensweltbezogene Risiken auf individueller und struktureller Ebene reduzieren\n* Einen niederschwelligen Zugang zur gesundheitlichen Versorgung herstellen und die Weitervermittlung in die gesundheitliche Versorgung sicherstellen\n* Gesundheit stärken\n* Gesundheitsförderliche Lebenswelten schaffen
Wohnsitz anmelden oder ummelden;Wohn-Sitz anmelden oder ummelden
Wenn Sie nach München ziehen, müssen Sie sich so schnell wie möglich anmelden - auch bei einer Ummeldung innerhalb der Stadt. Der Gesetzgeber sieht 14 Tage vor.;Sie ziehen nach München?\nOder Sie wohnen schon in München?\nDann müssen Sie sich bei der Stadt-Verwaltung anmelden.\nDas nennt man Wohn-Sitz anmelden.\nDas müssen Sie machen:\n* Wenn Sie in München eine Wohnung mieten.\n* Wenn Sie in München ein Haus kaufen.\n* Wenn Sie in München eine Wohnung oder ein Haus erben.\n* Wenn Sie in München eine Wohnung oder ein Haus geschenkt bekommen.\n* Wenn Sie in München eine Wohnung oder ein Haus von jemandem übernehmen.\n* Wenn Sie in München eine Wohnung oder ein Haus bauen.\n* Wenn Sie in München in eine Wohnung oder ein Haus einziehen.\n* Wenn Sie in München eine Wohnung oder ein Haus beziehen.\n* Wenn Sie in München eine Wohnung oder ein Haus bekommen.\n* Wenn Sie in München eine Wohnung oder ein Haus haben.\n* Wenn Sie in München eine Wohnung oder ein Haus mieten.\n* Wenn Sie in München eine Wohnung oder ein Haus kaufen.\n* Wenn Sie in München eine Wohnung oder ein Haus erben.\n* Wenn Sie in München eine Wohnung oder ein Haus geschenkt bekommen.\n* Wenn Sie in München eine Wohnung oder ein Haus von jemandem übernehmen.\n* Wenn Sie in München eine Wohnung oder ein Haus bauen.\n* Wenn Sie in München in eine Wohnung oder ein Haus einziehen.\n* Wenn Sie in München eine Wohnung oder ein Haus beziehen.\n* Wenn Sie in München eine Wohnung oder ein Haus bekommen.\n* Wenn Sie in München eine Wohnung oder ein Haus haben.\n* Wenn Sie in München umziehen.\n* Wenn Sie in München umziehen.\n* Wenn Sie in München umziehen.\n* Wenn Sie in München umziehen.\n* Wenn Sie in München umziehen.\n* Wenn Sie in München umziehen.\n* Wenn Sie in München umziehen.\n* Wenn Sie in München umziehen.\n* Wenn Sie in München umziehen.\n* Wenn Sie in München umziehen.\n* Wenn Sie in München umziehen.\n* Wenn Sie in München umziehen.\n* Wenn Sie in München umziehen.\n* Wenn Sie in München umziehen.\n* Wenn Sie in München umziehen.\n* Wenn Sie in München umziehen.\n* Wenn Sie in München umziehen.\n* Wenn Sie in München umziehen.\n* Wenn Sie in München umziehen.\n* Wenn Sie in München umziehen.\n* Wenn Sie in München umziehen.\n* Wenn Sie in München umziehen.\n* Wenn Sie in München umziehen.\n* Wenn Sie in München umziehen.\n* Wenn Sie in München umziehen.\n* Wenn Sie in München umziehen.\n* Wenn Sie in München umziehen.\n* Wenn Sie in München umziehen.\n* Wenn Sie in München umziehen.\n* Wenn Sie in München umziehen.\n* Wenn Sie in München umziehen.\n* Wenn Sie in München umziehen.\n* Wenn Sie in München umziehen.\n* Wenn Sie in München umziehen.\n* Wenn Sie in München umziehen.\n* Wenn Sie in München umziehen.\n* Wenn Sie in München umziehen.\n* Wenn Sie in München umziehen.\n* Wenn Sie in München umziehen.\n* Wenn Sie in München umziehen.\n* Wenn Sie in München umziehen.\n* Wenn Sie in München umziehen.\n* Wenn Sie in München umziehen.\n* Wenn Sie in München umziehen.\n* Wenn Sie in München umziehen.\n* Wenn Sie in München umziehen.\n* Wenn Sie in München umziehen.\n* Wenn Sie in München umziehen.\n* Wenn Sie in München umziehen.\n* Wenn Sie in München umziehen.\n* Wenn Sie in München umziehen.\n* Wenn Sie in München umziehen.\n* Wenn Sie in München umziehen.\n* Wenn Sie in München umziehen.\n* Wenn Sie in München umziehen.\n* Wenn Sie in München umziehen.\n* Wenn Sie in München umziehen.\n* Wenn Sie in München umziehen.\n* Wenn Sie in München umziehen.\n* Wenn Sie in München umziehen.\n* Wenn Sie in München umziehen.\n* Wenn Sie in München umziehen.\n* Wenn Sie in München umziehen.\n* Wenn Sie in München umziehen.\n* Wenn Sie in München umziehen.\n* Wenn Sie in München umziehen.\n* Wenn Sie in München umziehen.\n* Wenn Sie in München umziehen.\n* Wenn Sie in München umziehen.\n* Wenn Sie in München umziehen.\n* Wenn Sie in München umziehen.\n* Wenn Sie in München umziehen.\n* Wenn Sie in München umziehen.\n* Wenn Sie in München umziehen.\n* Wenn Sie in München umziehen.\n* Wenn Sie in München umziehen.\n* Wenn Sie in München umziehen.\n* Wenn Sie in München umziehen.\n* Wenn Sie in München umziehen.\n* Wenn Sie in München umziehen.\n* Wenn Sie in München umziehen.\n* Wenn Sie in München umziehen.\n* Wenn Sie in München umziehen.\n* Wenn Sie in München umziehen.\n* Wenn Sie in München umziehen.\n* Wenn Sie in München umziehen.\n* Wenn Sie in München umziehen.\n* Wenn Sie in München umziehen.\n* Wenn Sie in München umziehen.\n* Wenn Sie in München umziehen.\n* Wenn Sie in München umziehen.\n* Wenn Sie in München umziehen.\n* Wenn Sie in München umziehen.\n* Wenn Sie in München umziehen.\n* Wenn Sie in München umziehen.\n* Wenn Sie in München umziehen.\n* Wenn Sie in München umziehen.\n* Wenn Sie in München umziehen.\n* Wenn Sie in München umziehen.\n* Wenn Sie in München umziehen.\n* Wenn Sie in München umziehen.\n* Wenn Sie in München umziehen.\n* Wenn Sie in München umziehen.\n* Wenn Sie in München umziehen.\n* Wenn Sie in München umziehen.\n* Wenn Sie in München umziehen.\n* Wenn Sie in München umziehen.\n* Wenn Sie in München umziehen.\n* Wenn Sie in München umziehen.\n* Wenn Sie in München umziehen.\n* Wenn Sie in München umziehen.\n* Wenn Sie in München umziehen.\n* Wenn Sie in München umziehen.\n* Wenn Sie in München umziehen.\n* Wenn Sie in München umziehen.\n* Wenn Sie in München umziehen.\n* Wenn Sie in München umziehen.\n* Wenn Sie in München umziehen.\n* Wenn Sie in München umziehen.\n* Wenn Sie in München umziehen.\n* Wenn Sie in München umziehen.\n* Wenn Sie in München umziehen.\n* Wenn Sie in München umziehen.\n* Wenn Sie in München umziehen.\n* Wenn Sie in München umziehen.\n* Wenn Sie in München umziehen.\n* Wenn Sie in München umziehen.\n* Wenn Sie in München umziehen.\n* Wenn Sie in München umziehen.\n* Wenn Sie in München umziehen.\n* Wenn Sie in München umziehen.\n* Wenn Sie in München umziehen.\n* Wenn Sie in München umziehen.\n* Wenn Sie in München umziehen.\n* Wenn Sie in München umziehen.\n* Wenn Sie in München umziehen.\n* Wenn Sie in München umziehen.\n* Wenn Sie in München umziehen.\n* Wenn Sie in München umziehen.\n* Wenn Sie in München umziehen.\n* Wenn Sie in München umziehen.\n* Wenn Sie in München umziehen.\n* Wenn Sie in München umziehen.\n* Wenn Sie in München umziehen.\n* Wenn Sie in München umziehen.\n* Wenn Sie in München umziehen.\n* Wenn Sie in München umziehen.\n* Wenn Sie in München umziehen.\n* Wenn Sie in München umziehen.\n* Wenn Sie in München umziehen.\n* Wenn Sie in München umziehen.\n* Wenn Sie in München umziehen.\n* Wenn Sie in München umziehen.\n* Wenn Sie in München umziehen.\n* Wenn Sie in München umziehen.\n* Wenn Sie in München umziehen.\n* Wenn Sie in München umziehen.\n* Wenn Sie in München umziehen.\n* Wenn Sie in München umziehen.\n* Wenn Sie in München umziehen.\n* Wenn Sie in München umziehen.\n* Wenn Sie in München umziehen.\n* Wenn Sie in München umziehen.\n* Wenn Sie in München umziehen.\n* Wenn Sie in München umziehen.\n* Wenn Sie in München umziehen.\n* Wenn Sie in München umziehen.\n* Wenn Sie in München umziehen.\n* Wenn Sie in München umziehen.\n* Wenn Sie in München umziehen.\n* Wenn Sie in München umziehen.\n* Wenn Sie in München umziehen.\n* Wenn Sie in München umziehen.\n* Wenn Sie in München umziehen.\n* Wenn Sie in München umziehen.\n* Wenn Sie in München umziehen.\n* Wenn Sie in München umziehen.\n* Wenn Sie in München umziehen.\n* Wenn Sie in München umziehen.\n* Wenn Sie in München umziehen.\n* Wenn Sie in München umziehen.\n* Wenn Sie in München umziehen.\n* Wenn Sie in München umziehen.\n* Wenn Sie in München umziehen.\n* Wenn Sie in München umziehen.\n* Wenn Sie in München umziehen.\n* Wenn Sie in München umziehen.\n* Wenn Sie in München umziehen.\n* Wenn Sie in München umziehen.\n* Wenn Sie in München umziehen.\n* Wenn Sie in München umziehen.\n* Wenn Sie in München umziehen.\n* Wenn Sie in München umziehen.\n* Wenn Sie in München umziehen.\n* Wenn Sie in München umziehen.\n* Wenn Sie in München umziehen.\n* Wenn Sie in München umziehen.\n* Wenn Sie in München umziehen.\n* Wenn Sie in München umziehen.\n* Wenn Sie in München umziehen.\n* Wenn Sie in München umziehen.\n* Wenn Sie in München umziehen.\n* Wenn Sie in München umziehen.\n* Wenn Sie in München umziehen.\n* Wenn Sie in München umziehen.\n* Wenn Sie in München umziehen.\n* Wenn Sie in München umziehen.\n* Wenn Sie in München umziehen.\n* Wenn Sie in München umziehen.\n* Wenn Sie in München umziehen.\n* Wenn Sie in München umziehen.\n* Wenn Sie in München umziehen.\n* Wenn Sie in München umziehen.\n* Wenn Sie in München umziehen.\n* Wenn Sie in München umziehen.\n* Wenn Sie in München umziehen.\n* Wenn Sie in München umziehen.\n* Wenn Sie in München umziehen.\n* Wenn Sie in München umziehen.\n* Wenn Sie in München umziehen.\n* Wenn Sie in München umziehen.\n* Wenn Sie in München umziehen.\n* Wenn Sie in München umziehen.\n* Wenn Sie in München umziehen.\n* Wenn Sie in München umziehen.\n* Wenn Sie in München umziehen.\n* Wenn Sie in München umziehen.\n* Wenn Sie in München umziehen.\n* Wenn Sie in München umziehen.\n* Wenn Sie in München umziehen.\n* Wenn Sie in München umziehen.\n* Wenn Sie in München umziehen.\n* Wenn Sie in München umziehen.\n* Wenn Sie in München umziehen.\n* Wenn Sie in München umziehen.\n* Wenn Sie in München umziehen.\n* Wenn Sie in München umziehen.\n* Wenn Sie in München umziehen.\n* Wenn Sie in München umziehen.\n* Wenn Sie in München umziehen.\n* Wenn Sie in München umziehen.\n* Wenn Sie in München umziehen.\n* Wenn Sie in München umziehen.\n* Wenn Sie in München umziehen.\n* Wenn Sie in München umziehen.\n* Wenn Sie in München umziehen.\n* Wenn Sie in München umziehen.\n* Wenn Sie in München umziehen.\n* Wenn Sie in München umziehen.\n* Wenn Sie in München umziehen.\n* Wenn Sie in München umziehen.\n* Wenn Sie in München umziehen.\n* Wenn Sie in München umziehen.\n* Wenn Sie in München umziehen.\n* Wenn Sie in München umziehen.\n* Wenn Sie in München umziehen.\n* Wenn Sie in München umziehen.\n* Wenn Sie in München umziehen.\n* Wenn Sie in München umziehen.\n* Wenn Sie in München umziehen.\n* Wenn Sie in München umziehen.\n* Wenn Sie in München umziehen.\n* Wenn Sie in München umziehen.\n* Wenn Sie in München umziehen.\n* Wenn Sie in München umziehen.\n* Wenn Sie in München umziehen.\n* Wenn Sie in München umziehen.\n* Wenn Sie in München umziehen.\n* Wenn Sie in München umziehen.\n* Wenn Sie in München umziehen.\n* Wenn Sie in München umziehen.\n* Wenn Sie in München umziehen.\n* Wenn Sie in München umziehen.\n* Wenn Sie in München umziehen.\n* Wenn Sie in München umziehen.\n* Wenn Sie in München umziehen.\n* Wenn Sie in München umziehen.\n* Wenn Sie in München umziehen.\n* Wenn Sie in München umziehen.\n* Wenn Sie in München umziehen.\n* Wenn Sie in München umziehen.\n* Wenn Sie in München umziehen.\n* Wenn Sie in München umziehen.\n* Wenn Sie in München umziehen.\n* Wenn Sie in München umziehen.\n* Wenn Sie in München umziehen.\n* Wenn Sie in München umziehen.\n* Wenn Sie in München umziehen.\n* Wenn Sie in München umziehen.\n* Wenn Sie in München umziehen.\n* Wenn Sie in München umziehen.\n* Wenn Sie in München umziehen.\n* Wenn Sie in München umziehen.\n* Wenn Sie in München umziehen.\n* Wenn Sie in München umziehen.\n* Wenn Sie in München umziehen.\n* Wenn Sie in München umziehen.\n* Wenn Sie in München umziehen.\n* Wenn Sie in München umziehen.\n* Wenn Sie in München umziehen.\n* Wenn Sie in München umziehen.\n* Wenn Sie in München umziehen.\n* Wenn Sie in München umziehen.\n* Wenn Sie in München umziehen.\n* Wenn Sie in München umziehen.\n* Wenn Sie in München umziehen.\n* Wenn Sie in München umziehen.\n* Wenn Sie in München umziehen.\n* Wenn Sie in München umziehen.\n* Wenn Sie in München umziehen.\n* Wenn Sie in München umziehen.\n* Wenn Sie in München umziehen.\n* Wenn Sie in München umziehen.\n* Wenn Sie in München umziehen.\n* Wenn Sie in München umziehen.\n* Wenn Sie in München umziehen.\n* Wenn Sie in München umziehen.\n* Wenn Sie in München umziehen.\n* Wenn Sie in München umziehen.\n* Wenn Sie in München umziehen.\n* Wenn Sie in München umziehen.\n* Wenn Sie in München umziehen.\n* Wenn Sie in München umziehen.\n* Wenn Sie in München umziehen.\n* Wenn Sie in München umziehen.\n* Wenn Sie in München umziehen.\n* Wenn Sie in München umziehen.\n* Wenn Sie in München umziehen.\n* Wenn Sie in München umziehen.\n* Wenn Sie in München umziehen.\n* Wenn Sie in München umziehen.\n* Wenn Sie in München umziehen.\n* Wenn Sie in München umziehen.\n* Wenn Sie in München umziehen.\n* Wenn Sie in München umziehen.\n* Wenn Sie in München umziehen.\n* Wenn Sie in München umziehen.\n* Wenn Sie in München umziehen.\n* Wenn Sie in München umziehen.\n* Wenn Sie in München umziehen.\n* Wenn Sie in München umziehen.\n* Wenn Sie in München umziehen.\n* Wenn Sie in München umziehen.\n* Wenn Sie in München umziehen.\n* Wenn Sie in München umziehen.\n* Wenn Sie in München umziehen.\n* Wenn Sie in München umziehen.\n* Wenn Sie in München umziehen.\n* Wenn Sie in München umziehen.\n* Wenn Sie in München umziehen.\n* Wenn Sie in München umziehen.\n* Wenn Sie in München umziehen.\n* Wenn Sie in München umziehen.\n* Wenn Sie in München umziehen.\n* Wenn Sie in München umziehen.\n* Wenn Sie in München umziehen.\n* Wenn Sie in München umziehen.\n* Wenn Sie in München umziehen.\n* Wenn Sie in München umziehen.\n* Wenn Sie in München umziehen.\n* Wenn Sie in München umziehen.\n* Wenn Sie in München umziehen.\n* Wenn Sie in München umziehen.\n* Wenn Sie in München umziehen.\n* Wenn Sie in München umziehen.\n* Wenn Sie in München umziehen.\n* Wenn Sie in München umziehen.\n* Wenn Sie in München umziehen.\n* Wenn Sie in München umziehen.\n* Wenn Sie in München umziehen.\n* Wenn Sie in München umziehen.\n* Wenn Sie in München umziehen.\n* Wenn Sie in München umziehen.\n* Wenn Sie in München umziehen.\n* Wenn Sie in München umziehen.\n* Wenn Sie in München umziehen.\n* Wenn Sie in München umziehen.\n* Wenn Sie in München umziehen.\n* Wenn Sie in München umziehen.\n* Wenn Sie in München umziehen.\n* Wenn Sie in München umziehen.\n* Wenn Sie in München umziehen.\n* Wenn Sie in München umziehen.\n* Wenn Sie in München umziehen.\n* Wenn Sie in München umziehen.\n* Wenn Sie in München umziehen.\n* Wenn Sie in München umziehen.\n* Wenn Sie in München umziehen.\n* Wenn Sie in München umziehen.\n* Wenn Sie in München umziehen.\n* Wenn Sie in München umziehen.\n* Wenn Sie in München umziehen.\n* Wenn Sie in München umziehen.\n* Wenn Sie in München umziehen.\n* Wenn Sie in München umziehen.\n* Wenn Sie in München umziehen.\n* Wenn Sie in München umziehen.\n* Wenn Sie in München umziehen.\n* Wenn Sie in München umziehen.\n* Wenn Sie in München umziehen.\n* Wenn Sie in München umziehen.\n* Wenn Sie in München umziehen.\n* Wenn Sie in München umziehen.\n* Wenn Sie in München umziehen.\n* Wenn Sie in München umziehen.\n* Wenn Sie in München umziehen.\n* Wenn Sie in München umziehen.\n* Wenn Sie in München umziehen.\n* Wenn Sie in München umziehen.\n* Wenn Sie in München umziehen.\n* Wenn Sie in München umziehen.\n* Wenn Sie in München umziehen.\n* Wenn Sie in München umziehen.\n* Wenn Sie in München umziehen.\n* Wenn Sie in München umziehen.\n* Wenn Sie in München umziehen.\n* Wenn Sie in München umziehen.\n* Wenn Sie in München umziehen.\n* Wenn Sie in München umziehen.\n* Wenn Sie in München umziehen.\n* Wenn Sie in München um
Wohnsitz;Wohn-Sitz
Voraussetzungen\n* Der Einzug in die Wohnung ist bereits erfolgt. Eine Anmeldung mit einem Datum, das in der Zukunft liegt, ist rechtlich nicht möglich.\n* An Ihrem vorherigen Wohnort müssen Sie sich nicht abmelden. Dies erfolgt automatisch, wenn Sie sich in München anmelden.\n* Bei mehreren Wohnungen in Deutschland:\n  Sie müssen festlegen, wo Ihr Hauptwohnsitz ist.\n* Bei Familien:\n  Es reicht aus, wenn eine meldepflichtige Person zur Anmeldung ins Bürgerbüro kommt.\n* Bei Minderjährigen bis 16 Jahre:\n  Ist die Person meldepflichtig, in deren Wohnung die/ der Minderjährige einzieht.\n* Bei Betreuungen:\n  Betreuer*innen, die eine entsprechende Betreuungsvollmacht mit Aufenthaltsbestimmung und Einwillungsvorbehalt haben, müssen die betreute Person anmelden.;Was müssen Sie mitbringen?\n* Sie müssen Ihren Personal-Ausweis mitbringen.\n  Oder Ihren Reise-Pass.\n  Oder Ihren Kinder-Reise-Pass.\n  Oder Ihren Ausweis.\n  Oder Ihren Heimat-Schein.\n  Oder Ihre Identitäts-Karte.\n  Oder Ihren Ausweis für Staaten-Lose.\n  Oder Ihren Ausweis für Heimat-Lose.\n  Oder Ihren Ausweis für Staaten-Lose und Heimat-Lose.\n  Oder Ihren Ausweis für Flüchtlinge.\n  Oder Ihren Ausweis für Asyl-Berechtigte.\n  Oder Ihren Ausweis für Asyl-Berechtigte mit einer Duldung.\n  Oder Ihren Ausweis für Asyl-Berechtigte mit einer Aufenthalts-Erlaubnis.\n  Oder Ihren Ausweis für Asyl-Berechtigte mit einer Aufenthalts-Erlaubnis und einer Duldung.\n  Oder Ihren Ausweis für Asyl-Berechtigte mit einer Aufenthalts-Erlaubnis und einer Niederlassungs-Erlaubnis.\n  Oder Ihren Ausweis für Asyl-Berechtigte mit einer Aufenthalts-Erlaubnis und einer Niederlassungs-Erlaubnis und einer Duldung.\n  Oder Ihren Ausweis für Asyl-Berechtigte mit einer Aufenthalts-Erlaubnis und einer Niederlassungs-Erlaubnis und einer Duldung und einer Erlaubnis zum Daueraufenthalt-EU.\n  Oder Ihren Ausweis für Asyl-Berechtigte mit einer Aufenthalts-Erlaubnis und einer Niederlassungs-Erlaubnis und einer Duldung und einer Erlaubnis zum Daueraufenthalt-EU und einer Erlaubnis zur Familien-Zusammenführung.\n  Oder Ihren Ausweis für Asyl-Berechtigte mit einer Aufenthalts-Erlaubnis und einer Niederlassungs-Erlaubnis und einer Duldung und einer Erlaubnis zum Daueraufenthalt-EU und einer Erlaubnis zur Familien-Zusammenführung und einer Erlaubnis zur Familien-Zusammenführung mit einer Duldung.\n  Oder Ihren Ausweis für Asyl-Berechtigte mit einer Aufenthalts-Erlaubnis und einer Niederlassungs-Erlaubnis und einer Duldung und einer Erlaubnis zum Daueraufenthalt-EU und einer Erlaubnis zur Familien-Zusammenführung und einer Erlaubnis zur Familien-Zusammenführung mit einer Duldung und einer Erlaubnis zur Familien-Zusammenführung mit einer Aufenthalts-Erlaubnis.\n  Oder Ihren Ausweis für Asyl-Berechtigte mit einer Aufenthalts-Erlaubnis und einer Niederlassungs-Erlaubnis und einer Duldung und einer Erlaubnis zum Daueraufenthalt-EU und einer Erlaubnis zur Familien-Zusammenführung und einer Erlaubnis zur Familien-Zusammenführung mit einer Duldung und einer Erlaubnis zur Familien-Zusammenführung mit einer Aufenthalts-Erlaubnis und einer Erlaubnis zur Familien-Zusammenführung mit einer Aufenthalts-Erlaubnis und einer Duldung.\n  Oder Ihren Ausweis für Asyl-Berechtigte mit einer Aufenthalts-Erlaubnis und einer Niederlassungs-Erlaubnis und einer Duldung und einer Erlaubnis zum Daueraufenthalt-EU und einer Erlaubnis zur Familien-Zusammenführung und einer Erlaubnis zur Familien-Zusammenführung mit einer Duldung und einer Erlaubnis zur Familien-Zusammenführung mit einer Aufenthalts-Erlaubnis und einer Erlaubnis zur Familien-Zusammenführung mit einer Aufenthalts-Erlaubnis und einer Duldung und einer Erlaubnis zur Familien-Zusammenführung mit einer Aufenthalts-Erlaubnis und einer Duldung.\n  Oder Ihren Ausweis für Asyl-Berechtigte mit einer Aufenthalts-Erlaubnis und einer Niederlassungs-Erlaubnis und einer Duldung und einer Erlaubnis zum Daueraufenthalt-EU und einer Erlaubnis zur Familien-Zusammenführung und einer Erlaubnis zur Familien-Zusammenführung mit einer Duldung und einer Erlaubnis zur Familien-Zusammenführung mit einer Aufenthalts-Erlaubnis und einer Erlaubnis zur Familien-Zusammenführung mit einer Aufenthalts-Erlaubnis und einer Duldung und einer Erlaubnis zur Familien-Zusammenführung mit einer Aufenthalts-Erlaubnis und einer Duldung und einer Erlaubnis zur Familien-Zusammenführung mit einer Aufenthalts-Erlaubnis und einer Duldung.\n  Oder Ihren Ausweis für Asyl-Berechtigte mit einer Aufenthalts-Erlaubnis und einer Niederlassungs-Erlaubnis und einer Duldung und einer Erlaubnis zum Daueraufenthalt-EU und einer Erlaubnis zur Familien-Zusammenführung und einer Erlaubnis zur Familien-Zusammenführung mit einer Duldung und einer Erlaubnis zur Familien-Zusammenführung mit einer Aufenthalts-Erlaubnis und einer Erlaubnis zur Familien-Zusammenführung mit einer Aufenthalts-Erlaubnis und einer Duldung und einer Erlaubnis zur Familien-Zusammenführung mit einer Aufenthalts-Erlaubnis und einer Duldung und einer Erlaubnis zur Familien-Zusammenführung mit einer Aufenthalts-Erlaubnis und einer Duldung und einer Erlaubnis zur Familien-Zusammenführung mit einer Aufenthalts-Erlaubnis und einer Duldung.\n  Oder Ihren Ausweis für Asyl-Berechtigte mit einer Aufenthalts-Erlaubnis und einer Niederlassungs-Erlaubnis und einer Duldung und einer Erlaubnis zum Daueraufenthalt-EU und einer Erlaubnis zur Familien-Zusammenführung und einer Erlaubnis zur Familien-Zusammenführung mit einer Duldung und einer Erlaubnis zur Familien-Zusammenführung mit einer Aufenthalts-Erlaubnis und einer Erlaubnis zur Familien-Zusammenführung mit einer Aufenthalts-Erlaubnis und einer Duldung und einer Erlaubnis zur Familien-Zusammenführung mit einer Aufenthalts-Erlaubnis und einer Duldung und einer Erlaubnis zur Familien-Zusammenführung mit einer Aufenthalts-Erlaubnis und einer Duldung und einer Erlaubnis zur Familien-Zusammenführung mit einer Aufenthalts-Erlaubnis und einer Duldung und einer Erlaubnis zur Familien-Zusammenführung mit einer Aufenthalts-Erlaubnis und einer Duldung.\n  Oder Ihren Ausweis für Asyl-Berechtigte mit einer Aufenthalts-Erlaubnis und einer Niederlassungs-Erlaubnis und einer Duldung und einer Erlaubnis zum Daueraufenthalt-EU und einer Erlaubnis zur Familien-Zusammenführung und einer Erlaubnis zur Familien-Zusammenführung mit einer Duldung und einer Erlaubnis zur Familien-Zusammenführung mit einer Aufenthalts-Erlaubnis und einer Erlaubnis zur Familien-Zusammenführung mit einer Aufenthalts-Erlaubnis und einer Duldung und einer Erlaubnis zur Familien-Zusammenführung mit einer Aufenthalts-Erlaubnis und einer Duldung und einer Erlaubnis zur Familien-Zusammenführung mit einer Aufenthalts-Erlaubnis und einer Duldung und einer Erlaubnis zur Familien-Zusammenführung mit einer Aufenthalts-Erlaubnis und einer Duldung und einer Erlaubnis zur Familien-Zusammenführung mit einer Aufenthalts-Erlaubnis und einer Duldung und einer Erlaubnis zur Familien-Zusammenführung mit einer Aufenthalts-Erlaubnis und einer Duldung.\n  Oder Ihren Ausweis für Asyl-Berechtigte mit einer Aufenthalts-Erlaubnis und einer Niederlassungs-Erlaubnis und einer Duldung und einer Erlaubnis zum Daueraufenthalt-EU und einer Erlaubnis zur Familien-Zusammenführung und einer Erlaubnis zur Familien-Zusammenführung mit einer Duldung und einer Erlaubnis zur Familien-Zusammenführung mit einer Aufenthalts-Erlaubnis und einer Erlaubnis zur Familien-Zusammenführung mit einer Aufenthalts-Erlaubnis und einer Duldung und einer Erlaubnis zur Familien-Zusammenführung mit einer Aufenthalts-Erlaubnis und einer Duldung und einer Erlaubnis zur Familien-Zusammenführung mit einer Aufenthalts-Erlaubnis und einer Duldung und einer Erlaubnis zur Familien-Zusammenführung mit einer Aufenthalts-Erlaubnis und einer Duldung und einer Erlaubnis zur Familien-Zusammenführung mit einer Aufenthalts-Erlaubnis und einer Duldung und einer Erlaubnis zur Familien-Zusammenführung mit einer Aufenthalts-Erlaubnis und einer Duldung und einer Erlaubnis zur Familien-Zusammenführung mit einer Aufenthalts-Erlaubnis und einer Duldung.\n  Oder Ihren Ausweis für Asyl-Berechtigte mit einer Aufenthalts-Erlaubnis und einer Niederlassungs-Erlaubnis und einer Duldung und einer Erlaubnis zum Daueraufenthalt-EU und einer Erlaubnis zur Familien-Zusammenführung und einer Erlaubnis zur Familien-Zusammenführung mit einer Duldung und einer Erlaubnis zur Familien-Zusammenführung mit einer Aufenthalts-Erlaubnis und einer Erlaubnis zur Familien-Zusammenführung mit einer Aufenthalts-Erlaubnis und einer Duldung und einer Erlaubnis zur Familien-Zusammenführung mit einer Aufenthalts-Erlaubnis und einer Duldung und einer Erlaubnis zur Familien-Zusammenführung mit einer Aufenthalts-Erlaubnis und einer Duldung und einer Erlaubnis zur Familien-Zusammenführung mit einer Aufenthalts-Erlaubnis und einer Duldung und einer Erlaubnis zur Familien-Zusammenführung mit einer Aufenthalts-Erlaubnis und einer Duldung und einer Erlaubnis zur Familien-Zusammenführung mit einer Aufenthalts-Erlaubnis und einer Duldung und einer Erlaubnis zur Familien-Zusammenführung mit einer Aufenthalts-Erlaubnis und einer Duldung und einer Erlaubnis zur Familien-Zusammenführung mit einer Aufenthalts-Erlaubnis und einer Duldung.\n  Oder Ihren Ausweis für Asyl-Berechtigte mit einer Aufenthalts-Erlaubnis und einer Niederlassungs-Erlaubnis und einer Duldung und einer Erlaubnis zum Daueraufenthalt-EU und einer Erlaubnis zur Familien-Zusammenführung und einer Erlaubnis zur Familien-Zusammenführung mit einer Duldung und einer Erlaubnis zur Familien-Zusammenführung mit einer Aufenthalts-Erlaubnis und einer Erlaubnis zur Familien-Zusammenführung mit einer Aufenthalts-Erlaubnis und einer Duldung und einer Erlaubnis zur Familien-Zusammenführung mit einer Aufenthalts-Erlaubnis und einer Duldung und einer Erlaubnis zur Familien-Zusammenführung mit einer Aufenthalts-Erlaubnis und einer Duldung und einer Erlaubnis zur Familien-Zusammenführung mit einer Aufenthalts-Erlaubnis und einer Duldung und einer Erlaubnis zur Familien-Zusammenführung mit einer Aufenthalts-Erlaubnis und einer Duldung und einer Erlaubnis zur Familien-Zusammenführung mit einer Aufenthalts-Erlaubnis und einer Duldung und einer Erlaubnis zur Familien-Zusammenführung mit einer Aufenthalts-Erlaubnis und einer Duldung und einer Erlaubnis zur Familien-Zusammenführung mit einer Aufenthalts-Erlaubnis und einer Duldung und einer Erlaubnis zur Familien-Zusammenführung mit einer Aufenthalts-Erlaubnis und einer Duldung.\n  Oder Ihren Ausweis für Asyl-Berechtigte mit einer Aufenthalts-Erlaubnis und einer Niederlassungs-Erlaubnis und einer Duldung und einer Erlaubnis zum Daueraufenthalt-EU und einer Erlaubnis zur Familien-Zusammenführung und einer Erlaubnis zur Familien-Zusammenführung mit einer Duldung und einer Erlaubnis zur Familien-Zusammenführung mit einer Aufenthalts-Erlaubnis und einer Erlaubnis zur Familien-Zusammenführung mit einer Aufenthalts-Erlaubnis und einer Duldung und einer Erlaubnis zur Familien-Zusammenführung mit einer Aufenthalts-Erlaubnis und einer Duldung und einer Erlaubnis zur Familien-Zusammenführung mit einer Aufenthalts-Erlaubnis und einer Duldung und einer Erlaubnis zur Familien-Zusammenführung mit einer Aufenthalts-Erlaubnis und einer Duldung und einer Erlaubnis zur Familien-Zusammenführung mit einer Aufenthalts-Erlaubnis und einer Duldung und einer Erlaubnis zur Familien-Zusammenführung mit einer Aufenthalts-Erlaubnis und einer Duldung und einer Erlaubnis zur Familien-Zusammenführung mit einer Aufenthalts-Erlaubnis und einer Duldung und einer Erlaubnis zur Familien-Zusammenführung mit einer Aufenthalts-Erlaubnis und einer Duldung und einer Erlaubnis zur Familien-Zusammenführung mit einer Aufenthalts-Erlaubnis und einer Duldung und einer Erlaubnis zur Familien-Zusammenführung mit einer Aufenthalts-Erlaubnis und einer Duldung.\n  Oder Ihren Ausweis für Asyl-Berechtigte mit einer Aufenthalts-Erlaubnis und einer Niederlassungs-Erlaubnis und einer Duldung und einer Erlaubnis zum Daueraufenthalt-EU und einer Erlaubnis zur Familien-Zusammenführung und einer Erlaubnis zur Familien-Zusammenführung mit einer Duldung und einer Erlaubnis zur Familien-Zusammenführung mit einer Aufenthalts-Erlaubnis und einer Erlaubnis zur Familien-Zusammenführung mit einer Aufenthalts-Erlaubnis und einer Duldung und einer Erlaubnis zur Familien-Zusammenführung mit einer Aufenthalts-Erlaubnis und einer Duldung und einer Erlaubnis zur Familien-Zusammenführung mit einer Aufenthalts-Erlaubnis und einer Duldung und einer Erlaubnis zur Familien-Zusammenführung mit einer Aufenthalts-Erlaubnis und einer Duldung und einer Erlaubnis zur Familien-Zusammenführung mit einer Aufenthalts-Erlaubnis und einer Duldung und einer Erlaubnis zur Familien-Zusammenführung mit einer Aufenthalts-Erlaubnis und einer Duldung und einer Erlaubnis zur Familien-Zusammenführung mit einer Aufenthalts-Erlaubnis und einer Duldung und einer Erlaubnis zur Familien-Zusammenführung mit einer Aufenthalts-Erlaubnis und einer Duldung und einer Erlaubnis zur Familien-Zusammenführung mit einer Aufenthalts-Erlaubnis und einer Duldung und einer Erlaubnis zur Familien-Zusammenführung mit einer Aufenthalts-Erlaubnis und einer Duldung und einer Erlaubnis zur Familien-Zusammenführung mit einer Aufenthalts-Erlaubnis und einer Duldung.\n  Oder Ihren Ausweis für Asyl-Berechtigte mit einer Aufenthalts-Erlaubnis und einer Niederlassungs-Erlaubnis und einer Duldung und einer Erlaubnis zum Daueraufenthalt-EU und einer Erlaubnis zur Familien-Zusammenführung und einer Erlaubnis zur Familien-Zusammenführung mit einer Duldung und einer Erlaubnis zur Familien-Zusammenführung mit einer Aufenthalts-Erlaubnis und einer Erlaubnis zur Familien-Zusammenführung mit einer Aufenthalts-Erlaubnis und einer Duldung und einer Erlaubnis zur Familien-Zusammenführung mit einer Aufenthalts-Erlaubnis und einer Duldung und einer Erlaubnis zur Familien-Zusammenführung mit einer Aufenthalts-Erlaubnis und einer Duldung und einer Erlaubnis zur Familien-Zusammenführung mit einer Aufenthalts-Erlaubnis und einer Duldung und einer Erlaubnis zur Familien-Zusammenführung mit einer Aufenthalts-Erlaubnis und einer Duldung und einer Erlaubnis zur Familien-Zusammenführung mit einer Aufenthalts-Erlaubnis und einer Duldung und einer Erlaubnis zur Familien-Zusammenführung mit einer Aufenthalts-Erlaubnis und einer Duldung und einer Erlaubnis zur Familien-Zusammenführung mit einer Aufenthalts-Erlaubnis und einer Duldung und einer Erlaubnis zur Familien-Zusammenführung mit einer Aufenthalts-Erlaubnis und einer Duldung und einer Erlaubnis zur Familien-Zusammenführung mit einer Aufenthalts-Erlaubnis und einer Duldung und einer Erlaubnis zur Familien-Zusammenführung mit einer Aufenthalts-Erlaubnis und einer Duldung und einer Erlaubnis zur Familien-Zusammenführung mit einer Aufenthalts-Erlaubnis und einer Duldung.\n  Oder Ihren Ausweis für Asyl-Berechtigte mit einer Aufenthalts-Erlaubnis und einer Niederlassungs-Erlaubnis und einer Duldung und einer Erlaubnis zum Daueraufenthalt-EU und einer Erlaubnis zur Familien-Zusammenführung und einer Erlaubnis zur Familien-Zusammenführung mit einer Duldung und einer Erlaubnis zur Familien-Zusammenführung mit einer Aufenthalts-Erlaubnis und einer Erlaubnis zur Familien-Zusammenführung mit einer Aufenthalts-Erlaubnis und einer Duldung und einer Erlaubnis zur Familien-Zusammenführung mit einer Aufenthalts-Erlaub
Benötigte Unterlagen\n* Gültiges Ausweisdokument der meldepflichtigen Personen\n* Bestätigung des Wohnungsgebers/ Eigentümers über den Bezug der Wohnung. Die Vorlage einer Bestätigung in selbstverfasster Form reicht nur aus, wenn darin sämtliche notwendigen Angaben enthalten sind:\n  * Anschrift der Wohnung\n  * Vollständiger Name und Anschrift des Wohnungsgebers (Sollte der Wohnungsgeber nicht gleichzeitig der Eigentümer der Wohnung sein, ist zusätzlich der Name des Eigentümers anzugeben.)\n  * Einzugsdatum\n  * Die Namen sämtlicher meldepflichtiger Personen\n\n* Sollte Ihnen die Wohnungsgeberbestätigung nicht oder noch nicht vorliegen, können Sie eine Erklärung zur fehlenden Wohnungsgeberbestätigung abgeben.\n\n* Wenn München der Hauptwohnsitz ist: Personalausweis und bei Zuzug nach München Reisepass (falls vorhanden) zur Aktualisierung der Anschrift/ Wohnort mitbringen.\n\n* wenn Sie innerhalb von München umziehen und ein Fahrzeug haben:\n  Für die Adressänderung in den Fahrzeugpapieren bringen Sie bitte die Zulassungsbescheinigung Teil I (bisher Fahrzeugschein) und den Prüfbericht oder Eintrag im Fahrzeugschein über eine gültige Hauptuntersuchung  mit. \n\n* wenn Sie neu nach München ziehen und ein Fahrzeug ummelden wollen:\n  Beachten Sie dazu die Informationen der Kfz-Zulassungsbehörde (Fahrzeug ummelden von außerhalb nach München).\n\n* falls die Anmeldung durch eine von Ihnen bevollmächtigte Person erfolgt:\n  Eine Vollmacht, die folgende Bereiche umfasst: melderechtliche Angelegenheiten oder Aufenthaltsbestimmungsrecht oder Behördenangelegenheiten (das gilt auch für Vorsorgevollmachten), ein Pass oder Ausweisdokument beider Personen.;Was müssen Sie mitbringen?\nSie müssen diese Dinge mitbringen:\n* Einen Personal-Ausweis oder einen Reise-Pass.\n  Wenn Sie einen Reise-Pass haben.\n  Wenn Sie einen haben.\n  Wenn Sie keinen Reise-Pass haben.\n  Wenn Sie keinen haben.\n  Wenn Sie keinen Personal-Ausweis haben.\n  Wenn Sie keinen haben.\n  Wenn Sie keinen Reise-Pass haben.\n  Wenn Sie keinen haben.\n  Wenn Sie keinen Personal-Ausweis haben.\n  Wenn Sie keinen haben.\n  Wenn Sie keinen Reise-Pass haben.\n  Wenn Sie keinen haben.\n  Wenn Sie keinen Personal-Ausweis haben.\n  Wenn Sie keinen haben.\n  Wenn Sie keinen Reise-Pass haben.\n  Wenn Sie keinen haben.\n  Wenn Sie keinen Personal-Ausweis haben.\n  Wenn Sie keinen haben.\n  Wenn Sie keinen Reise-Pass haben.\n  Wenn Sie keinen haben.\n  Wenn Sie keinen Personal-Ausweis haben.\n  Wenn Sie keinen haben.\n  Wenn Sie keinen Reise-Pass haben.\n  Wenn Sie keinen haben.\n  Wenn Sie keinen Personal-Ausweis haben.\n  Wenn Sie keinen haben.\n  Wenn Sie keinen Reise-Pass haben.\n  Wenn Sie keinen haben.\n  Wenn Sie keinen Personal-Ausweis haben.\n  Wenn Sie keinen haben.\n  Wenn Sie keinen Reise-Pass haben.\n  Wenn Sie keinen haben.\n  Wenn Sie keinen Personal-Ausweis haben.\n  Wenn Sie keinen haben.\n  Wenn Sie keinen Reise-Pass haben.\n  Wenn Sie keinen haben.\n  Wenn Sie keinen Personal-Ausweis haben.\n  Wenn Sie keinen haben.\n  Wenn Sie keinen Reise-Pass haben.\n  Wenn Sie keinen haben.\n  Wenn Sie keinen Personal-Ausweis haben.\n  Wenn Sie keinen haben.\n  Wenn Sie keinen Reise-Pass haben.\n  Wenn Sie keinen haben.\n  Wenn Sie keinen Personal-Ausweis haben.\n  Wenn Sie keinen haben.\n  Wenn Sie keinen Reise-Pass haben.\n  Wenn Sie keinen haben.\n  Wenn Sie keinen Personal-Ausweis haben.\n  Wenn Sie keinen haben.\n  Wenn Sie keinen Reise-Pass haben.\n  Wenn Sie keinen haben.\n  Wenn Sie keinen Personal-Ausweis haben.\n  Wenn Sie keinen haben.\n  Wenn Sie keinen Reise-Pass haben.\n  Wenn Sie keinen haben.\n  Wenn Sie keinen Personal-Ausweis haben.\n  Wenn Sie keinen haben.\n  Wenn Sie keinen Reise-Pass haben.\n  Wenn Sie keinen haben.\n  Wenn Sie keinen Personal-Ausweis haben.\n  Wenn Sie keinen haben.\n  Wenn Sie keinen Reise-Pass haben.\n  Wenn Sie keinen haben.\n  Wenn Sie keinen Personal-Ausweis haben.\n  Wenn Sie keinen haben.\n  Wenn Sie keinen Reise-Pass haben.\n  Wenn Sie keinen haben.\n  Wenn Sie keinen Personal-Ausweis haben.\n  Wenn Sie keinen haben.\n  Wenn Sie keinen Reise-Pass haben.\n  Wenn Sie keinen haben.\n  Wenn Sie keinen Personal-Ausweis haben.\n  Wenn Sie keinen haben.\n  Wenn Sie keinen Reise-Pass haben.\n  Wenn Sie keinen haben.\n  Wenn Sie keinen Personal-Ausweis haben.\n  Wenn Sie keinen haben.\n  Wenn Sie keinen Reise-Pass haben.\n  Wenn Sie keinen haben.\n  Wenn Sie keinen Personal-Ausweis haben.\n  Wenn Sie keinen haben.\n  Wenn Sie keinen Reise-Pass haben.\n  Wenn Sie keinen haben.\n  Wenn Sie keinen Personal-Ausweis haben.\n  Wenn Sie keinen haben.\n  Wenn Sie keinen Reise-Pass haben.\n  Wenn Sie keinen haben.\n  Wenn Sie keinen Personal-Ausweis haben.\n  Wenn Sie keinen haben.\n  Wenn Sie keinen Reise-Pass haben.\n  Wenn Sie keinen haben.\n  Wenn Sie keinen Personal-Ausweis haben.\n  Wenn Sie keinen haben.\n  Wenn Sie keinen Reise-Pass haben.\n  Wenn Sie keinen haben.\n  Wenn Sie keinen Personal-Ausweis haben.\n  Wenn Sie keinen haben.\n  Wenn Sie keinen Reise-Pass haben.\n  Wenn Sie keinen haben.\n  Wenn Sie keinen Personal-Ausweis haben.\n  Wenn Sie keinen haben.\n  Wenn Sie keinen Reise-Pass haben.\n  Wenn Sie keinen haben.\n  Wenn Sie keinen Personal-Ausweis haben.\n  Wenn Sie keinen haben.\n  Wenn Sie keinen Reise-Pass haben.\n  Wenn Sie keinen haben.\n  Wenn Sie keinen Personal-Ausweis haben.\n  Wenn Sie keinen haben.\n  Wenn Sie keinen Reise-Pass haben.\n  Wenn Sie keinen haben.\n  Wenn Sie keinen Personal-Ausweis haben.\n  Wenn Sie keinen haben.\n  Wenn Sie keinen Reise-Pass haben.\n  Wenn Sie keinen haben.\n  Wenn Sie keinen Personal-Ausweis haben.\n  Wenn Sie keinen haben.\n  Wenn Sie keinen Reise-Pass haben.\n  Wenn Sie keinen haben.\n  Wenn Sie keinen Personal-Ausweis haben.\n  Wenn Sie keinen haben.\n  Wenn Sie keinen Reise-Pass haben.\n  Wenn Sie keinen haben.\n  Wenn Sie keinen Personal-Ausweis haben.\n  Wenn Sie keinen haben.\n  Wenn Sie keinen Reise-Pass haben.\n  Wenn Sie keinen haben.\n  Wenn Sie keinen Personal-Ausweis haben.\n  Wenn Sie keinen haben.\n  Wenn Sie keinen Reise-Pass haben.\n  Wenn Sie keinen haben.\n  Wenn Sie keinen Personal-Ausweis haben.\n  Wenn Sie keinen haben.\n  Wenn Sie keinen Reise-Pass haben.\n  Wenn Sie keinen haben.\n  Wenn Sie keinen Personal-Ausweis haben.\n  Wenn Sie keinen haben.\n  Wenn Sie keinen Reise-Pass haben.\n  Wenn Sie keinen haben.\n  Wenn Sie keinen Personal-Ausweis haben.\n  Wenn Sie keinen haben.\n  Wenn Sie keinen Reise-Pass haben.\n  Wenn Sie keinen haben.\n  Wenn Sie keinen Personal-Ausweis haben.\n  Wenn Sie keinen haben.\n  Wenn Sie keinen Reise-Pass haben.\n  Wenn Sie keinen haben.\n  Wenn Sie keinen Personal-Ausweis haben.\n  Wenn Sie keinen haben.\n  Wenn Sie keinen Reise-Pass haben.\n  Wenn Sie keinen haben.\n  Wenn Sie keinen Personal-Ausweis haben.\n  Wenn Sie keinen haben.\n  Wenn Sie keinen Reise-Pass haben.\n  Wenn Sie keinen haben.\n  Wenn Sie keinen Personal-Ausweis haben.\n  Wenn Sie keinen haben.\n  Wenn Sie keinen Reise-Pass haben.\n  Wenn Sie keinen haben.\n  Wenn Sie keinen Personal-Ausweis haben.\n  Wenn Sie keinen haben.\n  Wenn Sie keinen Reise-Pass haben.\n  Wenn Sie keinen haben.\n  Wenn Sie keinen Personal-Ausweis haben.\n  Wenn Sie keinen haben.\n  Wenn Sie keinen Reise-Pass haben.\n  Wenn Sie keinen haben.\n  Wenn Sie keinen Personal-Ausweis haben.\n  Wenn Sie keinen haben.\n  Wenn Sie keinen Reise-Pass haben.\n  Wenn Sie keinen haben.\n  Wenn Sie keinen Personal-Ausweis haben.\n  Wenn Sie keinen haben.\n  Wenn Sie keinen Reise-Pass haben.\n  Wenn Sie keinen haben.\n  Wenn Sie keinen Personal-Ausweis haben.\n  Wenn Sie keinen haben.\n  Wenn Sie keinen Reise-Pass haben.\n  Wenn Sie keinen haben.\n  Wenn Sie keinen Personal-Ausweis haben.\n  Wenn Sie keinen haben.\n  Wenn Sie keinen Reise-Pass haben.\n  Wenn Sie keinen haben.\n  Wenn Sie keinen Personal-Ausweis haben.\n  Wenn Sie keinen haben.\n  Wenn Sie keinen Reise-Pass haben.\n  Wenn Sie keinen haben.\n  Wenn Sie keinen Personal-Ausweis haben.\n  Wenn Sie keinen haben.\n  Wenn Sie keinen Reise-Pass haben.\n  Wenn Sie keinen haben.\n  Wenn Sie keinen Personal-Ausweis haben.\n  Wenn Sie keinen haben.\n  Wenn Sie keinen Reise-Pass haben.\n  Wenn Sie keinen haben.\n  Wenn Sie keinen Personal-Ausweis haben.\n  Wenn Sie keinen haben.\n  Wenn Sie keinen Reise-Pass haben.\n  Wenn Sie keinen haben.\n  Wenn Sie keinen Personal-Ausweis haben.\n  Wenn Sie keinen haben.\n  Wenn Sie keinen Reise-Pass haben.\n  Wenn Sie keinen haben.\n  Wenn Sie keinen Personal-Ausweis haben.\n  Wenn Sie keinen haben.\n  Wenn Sie keinen Reise-Pass haben.\n  Wenn Sie keinen haben.\n  Wenn Sie keinen Personal-Ausweis haben.\n  Wenn Sie keinen haben.\n  Wenn Sie keinen Reise-Pass haben.\n  Wenn Sie keinen haben.\n  Wenn Sie keinen Personal-Ausweis haben.\n  Wenn Sie keinen haben.\n  Wenn Sie keinen Reise-Pass haben.\n  Wenn Sie keinen haben.\n  Wenn Sie keinen Personal-Ausweis haben.\n  Wenn Sie keinen haben.\n  Wenn Sie keinen Reise-Pass haben.\n  Wenn Sie keinen haben.\n  Wenn Sie keinen Personal-Ausweis haben.\n  Wenn Sie keinen haben.\n  Wenn Sie keinen Reise-Pass haben.\n  Wenn Sie keinen haben.\n  Wenn Sie keinen Personal-Ausweis haben.\n  Wenn Sie keinen haben.\n  Wenn Sie keinen Reise-Pass haben.\n  Wenn Sie keinen haben.\n  Wenn Sie keinen Personal-Ausweis haben.\n  Wenn Sie keinen haben.\n  Wenn Sie keinen Reise-Pass haben.\n  Wenn Sie keinen haben.\n  Wenn Sie keinen Personal-Ausweis haben.\n  Wenn Sie keinen haben.\n  Wenn Sie keinen Reise-Pass haben.\n  Wenn Sie keinen haben.\n  Wenn Sie keinen Personal-Ausweis haben.\n  Wenn Sie keinen haben.\n  Wenn Sie keinen Reise-Pass haben.\n  Wenn Sie keinen haben.\n  Wenn Sie keinen Personal-Ausweis haben.\n  Wenn Sie keinen haben.\n  Wenn Sie keinen Reise-Pass haben.\n  Wenn Sie keinen haben.\n  Wenn Sie keinen Personal-Ausweis haben.\n  Wenn Sie keinen haben.\n  Wenn Sie keinen Reise-Pass haben.\n  Wenn Sie keinen haben.\n  Wenn Sie keinen Personal-Ausweis haben.\n  Wenn Sie keinen haben.\n  Wenn Sie keinen Reise-Pass haben.\n  Wenn Sie keinen haben.\n  Wenn Sie keinen Personal-Ausweis haben.\n  Wenn Sie keinen haben.\n  Wenn Sie keinen Reise-Pass haben.\n  Wenn Sie keinen haben.\n  Wenn Sie keinen Personal-Ausweis haben.\n  Wenn Sie keinen haben.\n  Wenn Sie keinen Reise-Pass haben.\n  Wenn Sie keinen haben.\n  Wenn Sie keinen Personal-Ausweis haben.\n  Wenn Sie keinen haben.\n  Wenn Sie keinen Reise-Pass haben.\n  Wenn Sie keinen haben.\n  Wenn Sie keinen Personal-Ausweis haben.\n  Wenn Sie keinen haben.\n  Wenn Sie keinen Reise-Pass haben.\n  Wenn Sie keinen haben.\n  Wenn Sie keinen Personal-Ausweis haben.\n  Wenn Sie keinen haben.\n  Wenn Sie keinen Reise-Pass haben.\n  Wenn Sie keinen haben.\n  Wenn Sie keinen Personal-Ausweis haben.\n  Wenn Sie keinen haben.\n  Wenn Sie keinen Reise-Pass haben.\n  Wenn Sie keinen haben.\n  Wenn Sie keinen Personal-Ausweis haben.\n  Wenn Sie keinen haben.\n  Wenn Sie keinen Reise-Pass haben.\n  Wenn Sie keinen haben.\n  Wenn Sie keinen Personal-Ausweis haben.\n  Wenn Sie keinen haben.\n  Wenn Sie keinen Reise-Pass haben.\n  Wenn Sie keinen haben.\n  Wenn Sie keinen Personal-Ausweis haben.\n  Wenn Sie keinen haben.\n  Wenn Sie keinen Reise-Pass haben.\n  Wenn Sie keinen haben.\n  Wenn Sie keinen Personal-Ausweis haben.\n  Wenn Sie keinen haben.\n  Wenn Sie keinen Reise-Pass haben.\n  Wenn Sie keinen haben.\n  Wenn Sie keinen Personal-Ausweis haben.\n  Wenn Sie keinen haben.\n  Wenn Sie keinen Reise-Pass haben.\n  Wenn Sie keinen haben.\n  Wenn Sie keinen Personal-Ausweis haben.\n  Wenn Sie keinen haben.\n  Wenn Sie keinen Reise-Pass haben.\n  Wenn Sie keinen haben.\n  Wenn Sie keinen Personal-Ausweis haben.\n  Wenn Sie keinen haben.\n  Wenn Sie keinen Reise-Pass haben.\n  Wenn Sie keinen haben.\n  Wenn Sie keinen Personal-Ausweis haben.\n  Wenn Sie keinen haben.\n  Wenn Sie keinen Reise-Pass haben.\n  Wenn Sie keinen haben.\n  Wenn Sie keinen Personal-Ausweis haben.\n  Wenn Sie keinen haben.\n  Wenn Sie keinen Reise-Pass haben.\n  Wenn Sie keinen haben.\n  Wenn Sie keinen Personal-Ausweis haben.\n  Wenn Sie keinen haben.\n  Wenn Sie keinen Reise-Pass haben.\n  Wenn Sie keinen haben.\n  Wenn Sie keinen Personal-Ausweis haben.\n  Wenn Sie keinen haben.\n  Wenn Sie keinen Reise-Pass haben.\n  Wenn Sie keinen haben.\n  Wenn Sie keinen Personal-Ausweis haben.\n  Wenn Sie keinen haben.\n  Wenn Sie keinen Reise-Pass haben.\n  Wenn Sie keinen haben.\n  Wenn Sie keinen Personal-Ausweis haben.\n  Wenn Sie keinen haben.\n  Wenn Sie keinen Reise-Pass haben.\n  Wenn Sie keinen haben.\n  Wenn Sie keinen Personal-Ausweis haben.\n  Wenn Sie keinen haben.\n  Wenn Sie keinen Reise-Pass haben.\n  Wenn Sie keinen haben.\n  Wenn Sie keinen Personal-Ausweis haben.\n  Wenn Sie keinen haben.\n  Wenn Sie keinen Reise-Pass haben.\n  Wenn Sie keinen haben.\n  Wenn Sie keinen Personal-Ausweis haben.\n  Wenn Sie keinen haben.\n  Wenn Sie keinen Reise-Pass haben.\n  Wenn Sie keinen haben.\n  Wenn Sie keinen Personal-Ausweis haben.\n  Wenn Sie keinen haben.\n  Wenn Sie keinen Reise-Pass haben.\n  Wenn Sie keinen haben.\n  Wenn Sie keinen Personal-Ausweis haben.\n  Wenn Sie keinen haben.\n  Wenn Sie keinen Reise-Pass haben.\n  Wenn Sie keinen haben.\n  Wenn Sie keinen Personal-Ausweis haben.\n  Wenn Sie keinen haben.\n  Wenn Sie keinen Reise-Pass haben.\n  Wenn Sie keinen haben.\n  Wenn Sie keinen Personal-Ausweis haben.\n  Wenn Sie keinen haben.\n  Wenn Sie keinen Reise-Pass haben.\n  Wenn Sie keinen haben.\n  Wenn Sie keinen Personal-Ausweis haben.\n  Wenn Sie keinen haben.\n  Wenn Sie keinen Reise-Pass haben.\n  Wenn Sie keinen haben.\n  Wenn Sie keinen Personal-Ausweis haben.\n  Wenn Sie keinen haben.\n  Wenn Sie keinen Reise-Pass haben.\n  Wenn Sie keinen haben.\n  Wenn Sie keinen Personal-Ausweis haben.\n  Wenn Sie keinen haben.\n  Wenn Sie keinen Reise-Pass haben.\n  Wenn Sie keinen haben.\n  Wenn Sie keinen Personal-Ausweis haben.\n  Wenn Sie keinen haben.\n  Wenn Sie keinen Reise-Pass haben.\n  Wenn Sie keinen haben.\n  Wenn Sie keinen Personal-Ausweis haben.\n  Wenn Sie keinen haben.\n  Wenn Sie keinen Reise-Pass haben.\n  Wenn Sie keinen haben.\n  Wenn Sie keinen Personal-Ausweis haben.\n  Wenn Sie keinen haben.\n  Wenn Sie keinen Reise-Pass haben.\n  Wenn Sie keinen haben.\n  Wenn Sie keinen Personal-Ausweis haben.\n  Wenn Sie keinen haben.\n  Wenn Sie keinen Reise-Pass haben.\n  Wenn Sie keinen haben.\n  Wenn Sie keinen Personal-Ausweis haben.\n  Wenn Sie keinen haben.\n  Wenn Sie keinen Reise-Pass haben.\n  Wenn Sie keinen haben.\n  Wenn Sie keinen Personal-Ausweis haben.\n  Wenn Sie keinen haben.\n  Wenn Sie keinen Reise-Pass haben.\n  Wenn Sie keinen haben.\n  Wenn Sie keinen Personal-Ausweis haben.\n  Wenn Sie keinen haben.\n  Wenn Sie keinen Reise-Pass haben.\n  Wenn Sie keinen haben.\n  Wenn Sie keinen Personal-Ausweis haben.\n  Wenn Sie keinen haben.\n  Wenn Sie keinen Reise-Pass haben.\n  Wenn Sie keinen haben.\n  Wenn Sie keinen Personal-Ausweis haben.\n  Wenn Sie keinen haben.\n  Wenn Sie keinen Reise-Pass haben.\n  Wenn Sie keinen haben.\n  Wenn Sie keinen Personal-Ausweis haben.\n  Wenn Sie keinen haben.\n  Wenn Sie keinen Reise-Pass haben.\n  Wenn Sie keinen haben.\n  Wenn Sie keinen Personal-Ausweis haben.\n  Wenn Sie keinen haben.\n  Wenn Sie keinen Reise-Pass haben.\n  Wenn Sie keinen haben.\n  Wenn Sie keinen Personal-Ausweis haben.\n  Wenn Sie keinen haben.\n  Wenn Sie keinen Reise-Pass haben.\n  Wenn Sie keinen haben.\n  Wenn Sie keinen Personal-Ausweis haben.\n  Wenn Sie keinen haben.\n  Wenn Sie keinen Reise-Pass haben.\n  Wenn Sie keinen haben.\n  Wenn Sie keinen Personal-Ausweis haben.\n  Wenn Sie keinen haben.\n  Wenn Sie keinen Reise-Pass haben.\n  Wenn Sie keinen haben.\n  Wenn Sie keinen Personal-Ausweis haben.\n  Wenn Sie keinen haben.\n  Wenn Sie keinen Reise-Pass haben.\n  Wenn Sie keinen haben.\n  Wenn Sie keinen Personal-Ausweis haben.\n  Wenn Sie keinen haben.\n  Wenn Sie keinen Reise-Pass haben.\n  Wenn Sie keinen haben.\n  Wenn Sie keinen Personal-Ausweis haben.\n  Wenn Sie keinen haben.\n  Wenn Sie keinen Reise-Pass haben.\n  Wenn Sie keinen haben.\n  Wenn Sie keinen Personal-Ausweis haben.\n  Wenn Sie keinen haben.\n  Wenn Sie keinen Reise-Pass haben.\n  Wenn Sie keinen haben.\n  Wenn Sie keinen Personal-Ausweis haben.\n  Wenn Sie keinen haben.\n  Wenn Sie keinen Reise-Pass haben.\n  Wenn Sie keinen haben.\n  Wenn Sie keinen Personal-Ausweis haben.\n  Wenn Sie keinen haben.\n  Wenn Sie keinen Reise-Pass haben.\n  Wenn Sie keinen haben.\n  Wenn Sie keinen Personal-Ausweis haben.\n  Wenn Sie keinen haben.\n  Wenn Sie keinen Reise-Pass haben.\n  Wenn Sie keinen haben.\n  Wenn Sie keinen Personal-Ausweis haben.\n  Wenn Sie keinen haben.\n  Wenn Sie keinen Reise-Pass haben.\n  Wenn Sie keinen haben.\n  Wenn Sie keinen Personal-Ausweis haben.\n  Wenn Sie keinen haben.\n  Wenn Sie keinen Reise-Pass haben.\n  Wenn Sie keinen haben.\n  Wenn Sie keinen Personal-Ausweis haben.\n  Wenn Sie keinen haben.\n  Wenn Sie keinen Reise-Pass haben.\n  Wenn Sie keinen haben.\n  Wenn Sie keinen Personal-Ausweis haben.\n  Wenn Sie keinen haben.\n  Wenn Sie keinen Reise-Pass haben.\n  Wenn Sie keinen haben.\n  Wenn Sie keinen Personal-Ausweis haben.\n  Wenn Sie keinen haben.\n  Wenn Sie keinen Reise-Pass haben.\n  Wenn Sie keinen haben.\n  Wenn Sie keinen Personal-Ausweis haben.\n  Wenn Sie keinen haben.\n  Wenn Sie keinen Reise-Pass haben.\n  Wenn Sie keinen haben.\n  Wenn Sie keinen Personal-Ausweis haben.\n  Wenn Sie keinen haben.\n  Wenn Sie keinen Reise-Pass haben.\n  Wenn Sie keinen haben.\n  Wenn Sie keinen Personal-Ausweis haben.\n  Wenn Sie keinen haben.\n  Wenn Sie keinen Reise-Pass haben.\n  Wenn Sie keinen haben.\n  Wenn Sie keinen Personal-Ausweis haben.\n  Wenn Sie keinen haben.\n  Wenn Sie keinen Reise-Pass haben.\n  Wenn Sie keinen haben.\n  Wenn Sie keinen Personal-Ausweis haben.\n  Wenn Sie keinen haben.\n  Wenn Sie keinen Reise-Pass haben.\n  Wenn Sie keinen haben.\n  Wenn Sie keinen Personal-Ausweis haben.\n  Wenn Sie keinen haben.\n  Wenn Sie keinen Reise-Pass haben.\n  Wenn Sie keinen haben.\n  Wenn Sie keinen Personal-Ausweis haben.\n  Wenn Sie keinen haben.\n  Wenn Sie keinen Reise-Pass haben.\n  Wenn Sie keinen haben.\n  Wenn Sie keinen Personal-Ausweis haben.\n  Wenn Sie keinen haben.\n  Wenn Sie keinen Reise-Pass haben.\n  Wenn Sie keinen haben.\n  Wenn Sie keinen Personal-Ausweis haben.\n  Wenn Sie keinen haben.\n  Wenn Sie keinen Reise-Pass haben.\n  Wenn Sie keinen haben.\n  Wenn
Dauer & Kosten\nGebührenrahmen\n* kostenfrei\n* Adressänderung in Fahrzeugpapieren: 12 Euro;Die Adress-Änderung im Fahrzeug-Brief kostet 12 Euro.\nDie Adress-Änderung im Fahrzeug-Schein kostet 12 Euro.\nDie Adress-Änderung im Fahrzeug-Brief und im Fahrzeug-Schein kostet 24 Euro.
Wohnsitz abmelden;Wohn-Sitz abmelden
Wenn Sie ins Ausland wegziehen, eine Nebenwohnung aufgeben oder keinen festen Wohnsitz mehr haben, müssen Sie sich abmelden.;Sie ziehen in ein anderes Land?\nDann müssen Sie sich abmelden.\nDas nennt man Wohn-Sitz abmelden.\nSie haben eine Neben-Wohnung in München?\nDann müssen Sie die Neben-Wohnung abmelden.\nSie haben keinen festen Wohn-Sitz?\nDas bedeutet:\nSie wohnen nirgendwo fest.\nDann müssen Sie sich abmelden.
Sie müssen sich innerhalb von zwei Wochen nach dem Auszug abmelden. Andernfalls handeln Sie ordnungswidrig und müssen mit einer Geldbuße rechnen. Eine Abmeldung ist frühestens eine Woche vor Ihrem Auszug möglich.;Sie ziehen aus München weg?\nDann müssen Sie sich abmelden.\nSie müssen sich innerhalb von 2 Wochen nach dem Auszug abmelden.\nZum Beispiel:\nSie ziehen am 1. April aus.\nDann müssen Sie sich spätestens bis zum 15. April abmelden.\nDas ist 2 Wochen nach dem Auszug.\nSie müssen die Abmeldung im Bürger-Büro machen.\nSie müssen die Abmeldung im Bürger-Büro machen.\nSie müssen die Abmeldung im Bürger-Büro machen.\nSie müssen die Abmeldung im Bürger-Büro machen.\nSie müssen die Abmeldung im Bürger-Büro machen.\nSie müssen die Abmeldung im Bürger-Büro machen.\nSie müssen die Abmeldung im Bürger-Büro machen.\nSie müssen die Abmeldung im Bürger-Büro machen.\nSie müssen die Abmeldung im Bürger-Büro machen.\nSie müssen die Abmeldung im Bürger-Büro machen.\nSie müssen die Abmeldung im Bürger-Büro machen.\nSie müssen die Abmeldung im Bürger-Büro machen.\nSie müssen die Abmeldung im Bürger-Büro machen.\nSie müssen die Abmeldung im Bürger-Büro machen.\nSie müssen die Abmeldung im Bürger-Büro machen.\nSie müssen die Abmeldung im Bürger-Büro machen.\nSie müssen die Abmeldung im Bürger-Büro machen.\nSie müssen die Abmeldung im Bürger-Büro machen.\nSie müssen die Abmeldung im Bürger-Büro machen.\nSie müssen die Abmeldung im Bürger-Büro machen.\nSie müssen die Abmeldung im Bürger-Büro machen.\nSie müssen die Abmeldung im Bürger-Büro machen.\nSie müssen die Abmeldung im Bürger-Büro machen.\nSie müssen die Abmeldung im Bürger-Büro machen.\nSie müssen die Abmeldung im Bürger-Büro machen.\nSie müssen die Abmeldung im Bürger-Büro machen.\nSie müssen die Abmeldung im Bürger-Büro machen.\nSie müssen die Abmeldung im Bürger-Büro machen.\nSie müssen die Abmeldung im Bürger-Büro machen.\nSie müssen die Abmeldung im Bürger-Büro machen.\nSie müssen die Abmeldung im Bürger-Büro machen.\nSie müssen die Abmeldung im Bürger-Büro machen.\nSie müssen die Abmeldung im Bürger-Büro machen.\nSie müssen die Abmeldung im Bürger-Büro machen.\nSie müssen die Abmeldung im Bürger-Büro machen.\nSie müssen die Abmeldung im Bürger-Büro machen.\nSie müssen die Abmeldung im Bürger-Büro machen.\nSie müssen die Abmeldung im Bürger-Büro machen.\nSie müssen die Abmeldung im Bürger-Büro machen.\nSie müssen die Abmeldung im Bürger-Büro machen.\nSie müssen die Abmeldung im Bürger-Büro machen.\nSie müssen die Abmeldung im Bürger-Büro machen.\nSie müssen die Abmeldung im Bürger-Büro machen.\nSie müssen die Abmeldung im Bürger-Büro machen.\nSie müssen die Abmeldung im Bürger-Büro machen.\nSie müssen die Abmeldung im Bürger-Büro machen.\nSie müssen die Abmeldung im Bürger-Büro machen.\nSie müssen die Abmeldung im Bürger-Büro machen.\nSie müssen die Abmeldung im Bürger-Büro machen.\nSie müssen die Abmeldung im Bürger-Büro machen.\nSie müssen die Abmeldung im Bürger-Büro machen.\nSie müssen die Abmeldung im Bürger-Büro machen.\nSie müssen die Abmeldung im Bürger-Büro machen.\nSie müssen die Abmeldung im Bürger-Büro machen.\nSie müssen die Abmeldung im Bürger-Büro machen.\nSie müssen die Abmeldung im Bürger-Büro machen.\nSie müssen die Abmeldung im Bürger-Büro machen.\nSie müssen die Abmeldung im Bürger-Büro machen.\nSie müssen die Abmeldung im Bürger-Büro machen.\nSie müssen die Abmeldung im Bürger-Büro machen.\nSie müssen die Abmeldung im Bürger-Büro machen.\nSie müssen die Abmeldung im Bürger-Büro machen.\nSie müssen die Abmeldung im Bürger-Büro machen.\nSie müssen die Abmeldung im Bürger-Büro machen.\nSie müssen die Abmeldung im Bürger-Büro machen.\nSie müssen die Abmeldung im Bürger-Büro machen.\nSie müssen die Abmeldung im Bürger-Büro machen.\nSie müssen die Abmeldung im Bürger-Büro machen.\nSie müssen die Abmeldung im Bürger-Büro machen.\nSie müssen die Abmeldung im Bürger-Büro machen.\nSie müssen die Abmeldung im Bürger-Büro machen.\nSie müssen die Abmeldung im Bürger-Büro machen.\nSie müssen die Abmeldung im Bürger-Büro machen.\nSie müssen die Abmeldung im Bürger-Büro machen.\nSie müssen die Abmeldung im Bürger-Büro machen.\nSie müssen die Abmeldung im Bürger-Büro machen.\nSie müssen die Abmeldung im Bürger-Büro machen.\nSie müssen die Abmeldung im Bürger-Büro machen.\nSie müssen die Abmeldung im Bürger-Büro machen.\nSie müssen die Abmeldung im Bürger-Büro machen.\nSie müssen die Abmeldung im Bürger-Büro machen.\nSie müssen die Abmeldung im Bürger-Büro machen.\nSie müssen die Abmeldung im Bürger-Büro machen.\nSie müssen die Abmeldung im Bürger-Büro machen.\nSie müssen die Abmeldung im Bürger-Büro machen.\nSie müssen die Abmeldung im Bürger-Büro machen.\nSie müssen die Abmeldung im Bürger-Büro machen.\nSie müssen die Abmeldung im Bürger-Büro machen.\nSie müssen die Abmeldung im Bürger-Büro machen.\nSie müssen die Abmeldung im Bürger-Büro machen.\nSie müssen die Abmeldung im Bürger-Büro machen.\nSie müssen die Abmeldung im Bürger-Büro machen.\nSie müssen die Abmeldung im Bürger-Büro machen.\nSie müssen die Abmeldung im Bürger-Büro machen.\nSie müssen die Abmeldung im Bürger-Büro machen.\nSie müssen die Abmeldung im Bürger-Büro machen.\nSie müssen die Abmeldung im Bürger-Büro machen.\nSie müssen die Abmeldung im Bürger-Büro machen.\nSie müssen die Abmeldung im Bürger-Büro machen.\nSie müssen die Abmeldung im Bürger-Büro machen.\nSie müssen die Abmeldung im Bürger-Büro machen.\nSie müssen die Abmeldung im Bürger-Büro machen.\nSie müssen die Abmeldung im Bürger-Büro machen.\nSie müssen die Abmeldung im Bürger-Büro machen.\nSie müssen die Abmeldung im Bürger-Büro machen.\nSie müssen die Abmeldung im Bürger-Büro machen.\nSie müssen die Abmeldung im Bürger-Büro machen.\nSie müssen die Abmeldung im Bürger-Büro machen.\nSie müssen die Abmeldung im Bürger-Büro machen.\nSie müssen die Abmeldung im Bürger-Büro machen.\nSie müssen die Abmeldung im Bürger-Büro machen.\nSie müssen die Abmeldung im Bürger-Büro machen.\nSie müssen die Abmeldung im Bürger-Büro machen.\nSie müssen die Abmeldung im Bürger-Büro machen.\nSie müssen die Abmeldung im Bürger-Büro machen.\nSie müssen die Abmeldung im Bürger-Büro machen.\nSie müssen die Abmeldung im Bürger-Büro machen.\nSie müssen die Abmeldung im Bürger-Büro machen.\nSie müssen die Abmeldung im Bürger-Büro machen.\nSie müssen die Abmeldung im Bürger-Büro machen.\nSie müssen die Abmeldung im Bürger-Büro machen.\nSie müssen die Abmeldung im Bürger-Büro machen.\nSie müssen die Abmeldung im Bürger-Büro machen.\nSie müssen die Abmeldung im Bürger-Büro machen.\nSie müssen die Abmeldung im Bürger-Büro machen.\nSie müssen die Abmeldung im Bürger-Büro machen.\nSie müssen die Abmeldung im Bürger-Büro machen.\nSie müssen die Abmeldung im Bürger-Büro machen.\nSie müssen die Abmeldung im Bürger-Büro machen.\nSie müssen die Abmeldung im Bürger-Büro machen.\nSie müssen die Abmeldung im Bürger-Büro machen.\nSie müssen die Abmeldung im Bürger-Büro machen.\nSie müssen die Abmeldung im Bürger-Büro machen.\nSie müssen die Abmeldung im Bürger-Büro machen.\nSie müssen die Abmeldung im Bürger-Büro machen.\nSie müssen die Abmeldung im Bürger-Büro machen.\nSie müssen die Abmeldung im Bürger-Büro machen.\nSie müssen die Abmeldung im Bürger-Büro machen.\nSie müssen die Abmeldung im Bürger-Büro machen.\nSie müssen die Abmeldung im Bürger-Büro machen.\nSie müssen die Abmeldung im Bürger-Büro machen.\nSie müssen die Abmeldung im Bürger-Büro machen.\nSie müssen die Abmeldung im Bürger-Büro machen.\nSie müssen die Abmeldung im Bürger-Büro machen.\nSie müssen die Abmeldung im Bürger-Büro machen.\nSie müssen die Abmeldung im Bürger-Büro machen.\nSie müssen die Abmeldung im Bürger-Büro machen.\nSie müssen die Abmeldung im Bürger-Büro machen.\nSie müssen die Abmeldung im Bürger-Büro machen.\nSie müssen die Abmeldung im Bürger-Büro machen.\nSie müssen die Abmeldung im Bürger-Büro machen.\nSie müssen die Abmeldung im Bürger-Büro machen.\nSie müssen die Abmeldung im Bürger-Büro machen.\nSie müssen die Abmeldung im Bürger-Büro machen.\nSie müssen die Abmeldung im Bürger-Büro machen.\nSie müssen die Abmeldung im Bürger-Büro machen.\nSie müssen die Abmeldung im Bürger-Büro machen.\nSie müssen die Abmeldung im Bürger-Büro machen.\nSie müssen die Abmeldung im Bürger-Büro machen.\nSie müssen die Abmeldung im Bürger-Büro machen.\nSie müssen die Abmeldung im Bürger-Büro machen.\nSie müssen die Abmeldung im Bürger-Büro machen.\nSie müssen die Abmeldung im Bürger-Büro machen.\nSie müssen die Abmeldung im Bürger-Büro machen.\nSie müssen die Abmeldung im Bürger-Büro machen.\nSie müssen die Abmeldung im Bürger-Büro machen.\nSie müssen die Abmeldung im Bürger-Büro machen.\nSie müssen die Abmeldung im Bürger-Büro machen.\nSie müssen die Abmeldung im Bürger-Büro machen.\nSie müssen die Abmeldung im Bürger-Büro machen.\nSie müssen die Abmeldung im Bürger-Büro machen.\nSie müssen die Abmeldung im Bürger-Büro machen.\nSie müssen die Abmeldung im Bürger-Büro machen.\nSie müssen die Abmeldung im Bürger-Büro machen.\nSie müssen die Abmeldung im Bürger-Büro machen.\nSie müssen die Abmeldung im Bürger-Büro machen.\nSie müssen die Abmeldung im Bürger-Büro machen.\nSie müssen die Abmeldung im Bürger-Büro machen.\nSie müssen die Abmeldung im Bürger-Büro machen.\nSie müssen die Abmeldung im Bürger-Büro machen.\nSie müssen die Abmeldung im Bürger-Büro machen.\nSie müssen die Abmeldung im Bürger-Büro machen.\nSie müssen die Abmeldung im Bürger-Büro machen.\nSie müssen die Abmeldung im Bürger-Büro machen.\nSie müssen die Abmeldung im Bürger-Büro machen.\nSie müssen die Abmeldung im Bürger-Büro machen.\nSie müssen die Abmeldung im Bürger-Büro machen.\nSie müssen die Abmeldung im Bürger-Büro machen.\nSie müssen die Abmeldung im Bürger-Büro machen.\nSie müssen die Abmeldung im Bürger-Büro machen.\nSie müssen die Abmeldung im Bürger-Büro machen.\nSie müssen die Abmeldung im Bürger-Büro machen.\nSie müssen die Abmeldung im Bürger-Büro machen.\nSie müssen die Abmeldung im Bürger-Büro machen.\nSie müssen die Abmeldung im Bürger-Büro machen.\nSie müssen die Abmeldung im Bürger-Büro machen.\nSie müssen die Abmeldung im Bürger-Büro machen.\nSie müssen die Abmeldung im Bürger-Büro machen.\nSie müssen die Abmeldung im Bürger-Büro machen.\nSie müssen die Abmeldung im Bürger-Büro machen.\nSie müssen die Abmeldung im Bürger-Büro machen.\nSie müssen die Abmeldung im Bürger-Büro machen.\nSie müssen die Abmeldung im Bürger-Büro machen.\nSie müssen die Abmeldung im Bürger-Büro machen.\nSie müssen die Abmeldung im Bürger-Büro machen.\nSie müssen die Abmeldung im Bürger-Büro machen.\nSie müssen die Abmeldung im Bürger-Büro machen.\nSie müssen die Abmeldung im Bürger-Büro machen.\nSie müssen die Abmeldung im Bürger-Büro machen.\nSie müssen die Abmeldung im Bürger-Büro machen.\nSie müssen die Abmeldung im Bürger-Büro machen.\nSie müssen die Abmeldung im Bürger-Büro machen.\nSie müssen die Abmeldung im Bürger-Büro machen.\nSie müssen die Abmeldung im Bürger-Büro machen.\nSie müssen die Abmeldung im Bürger-Büro machen.\nSie müssen die Abmeldung im Bürger-Büro machen.\nSie müssen die Abmeldung im Bürger-Büro machen.\nSie müssen die Abmeldung im Bürger-Büro machen.\nSie müssen die Abmeldung im Bürger-Büro machen.\nSie müssen die Abmeldung im Bürger-Büro machen.\nSie müssen die Abmeldung im Bürger-Büro machen.\nSie müssen die Abmeldung im Bürger-Büro machen.\nSie müssen die Abmeldung im Bürger-Büro machen.\nSie müssen die Abmeldung im Bürger-Büro machen.\nSie müssen die Abmeldung im Bürger-Büro machen.\nSie müssen die Abmeldung im Bürger-Büro machen.\nSie müssen die Abmeldung im Bürger-Büro machen.\nSie müssen die Abmeldung im Bürger-Büro machen.\nSie müssen die Abmeldung im Bürger-Büro machen.\nSie müssen die Abmeldung im Bürger-Büro machen.\nSie müssen die Abmeldung im Bürger-Büro machen.\nSie müssen die Abmeldung im Bürger-Büro machen.\nSie müssen die Abmeldung im Bürger-Büro machen.\nSie müssen die Abmeldung im Bürger-Büro machen.\nSie müssen die Abmeldung im Bürger-Büro machen.\nSie müssen die Abmeldung im Bürger-Büro machen.\nSie müssen die Abmeldung im Bürger-Büro machen.\nSie müssen die Abmeldung im Bürger-Büro machen.\nSie müssen die Abmeldung im Bürger-Büro machen.\nSie müssen die Abmeldung im Bürger-Büro machen.\nSie müssen die Abmeldung im Bürger-Büro machen.\nSie müssen die Abmeldung im Bürger-Büro machen.\nSie müssen die Abmeldung im Bürger-Büro machen.\nSie müssen die Abmeldung im Bürger-Büro machen.\nSie müssen die Abmeldung im Bürger-Büro machen.\nSie müssen die Abmeldung im Bürger-Büro machen.\nSie müssen die Abmeldung im Bürger-Büro machen.\nSie müssen die Abmeldung im Bürger-Büro machen.\nSie müssen die Abmeldung im Bürger-Büro machen.\nSie müssen die Abmeldung im Bürger-Büro machen.\nSie müssen die Abmeldung im Bürger-Büro machen.\nSie müssen die Abmeldung im Bürger-Büro machen.\nSie müssen die Abmeldung im Bürger-Büro machen.\nSie müssen die Abmeldung im Bürger-Büro machen.\nSie müssen die Abmeldung im Bürger-Büro machen.\nSie müssen die Abmeldung im Bürger-Büro machen.\nSie müssen die Abmeldung im Bürger-Büro machen.\nSie müssen die Abmeldung im Bürger-Büro machen.\nSie müssen die Abmeldung im Bürger-Büro machen.\nSie müssen die Abmeldung im Bürger-Büro machen.\nSie müssen die Abmeldung im Bürger-Büro machen.\nSie müssen die Abmeldung im Bürger-Büro machen.\nSie müssen die Abmeldung im Bürger-Büro machen.\nSie müssen die Abmeldung im Bürger-Büro machen.\nSie müssen die Abmeldung im Bürger-Büro machen.\nSie müssen die Abmeldung im Bürger-Büro machen.\nSie müssen die Abmeldung im Bürger-Büro machen.\nSie müssen die Abmeldung im Bürger-Büro machen.\nSie müssen die Abmeldung im Bürger-Büro machen.\nSie müssen die Abmeldung im Bürger-Büro machen.\nSie müssen die Abmeldung im Bürger-Büro machen.\nSie müssen die Abmeldung im Bürger-Büro machen.\nSie müssen die Abmeldung im Bürger-Büro machen.\nSie müssen die Abmeldung im Bürger-Büro machen.\nSie müssen die Abmeldung im Bürger-Büro machen.\nSie müssen die Abmeldung im Bürger-Büro machen.\nSie müssen die Abmeldung im Bürger-Büro machen.\nSie müssen die Abmeldung im Bürger-Büro machen.\nSie müssen die Abmeldung im Bürger-Büro machen.\nSie müssen die Abmeldung im Bürger-Büro machen.\nSie müssen die Abmeldung im Bürger-Büro machen.\nSie müssen die Abmeldung im Bürger-Büro machen.\nSie müssen die Abmeldung im Bürger-Büro machen.\nSie müssen die Abmeldung im Bürger-Büro machen.\nSie müssen die Abmeldung im Bürger-Büro machen.\nSie müssen die Abmeldung im Bürger-Büro machen.\nSie müssen die Abmeldung im Bürger-Büro machen.\nSie müssen die Abmeldung im Bürger-Büro machen.\nSie müssen die Abmeldung im Bürger-Büro machen.\nSie müssen die Abmeldung im Bürger-Büro machen.\nSie müssen die Abmeldung im Bürger-Büro machen.\nSie müssen die Abmeldung im Bürger-Büro machen.\nSie müssen die Abmeldung im Bürger-Büro machen.\nSie müssen die Abmeldung im Bürger-Büro machen.\nSie müssen die Abmeldung im Bürger-Büro machen.\nSie müssen die Abmeldung im Bürger-Büro machen.\nSie müssen die Abmeldung im Bürger-Büro machen.\nSie müssen die Abmeldung im Bürger-Büro machen.\nSie müssen die Abmeldung im Bürger-Büro machen.\nSie müssen die Abmeldung im Bürger-Büro machen.\nSie müssen die Abmeldung im Bürger-Büro machen.\nSie müssen die Abmeldung im Bürger-Büro machen.\nSie müssen die Abmeldung im Bürger-Büro machen.\nSie müssen die Abmeldung im Bürger-Büro machen.\nSie müssen die Abmeldung im Bürger-Büro machen.\nSie müssen die Abmeldung im Bürger-Büro machen.\nSie müssen die Abmeldung im Bürger-Büro machen.\nSie müssen die Abmeldung im Bürger-Büro machen.\nSie müssen die Abmeldung im Bürger-Büro machen.\nSie müssen die
Benötigte Unterlagen\n\nSie können die Abmeldung schriftlich (per Post, Fax oder E-Mail) erledigen, beim Wegzug ins Ausland auch online.\n\nSie benötigen:\n* Kopie des Personalausweises oder Reisepasses\n* Vollständig ausgefülltes Formular für die Abmeldung\n* (zum Download erhältlich oder im Schreibwarenhandel zu kaufen)\n* * Ehegatten, eingetragene Lebenspartner und Familienangehörige können für die gemeinsame Wohnung zusammen ein Formblatt für die Abmeldung verwenden. Bei mehr als vier Personen muss ein zusätzliches Formblatt verwendet werden. Pro Formblatt genügt die Unterschrift einer Person. \n* * Bei mehreren Personen, die nicht verwandt sind, muss jede Person ein eigenes Formblatt ausfüllen und unterschreiben. \n* * Bei Minderjährigen bis 16 Jahre muss die Person das Formblatt unterschreiben, aus deren Wohnung die/ der Minderjährige auszieht.\n* * Bei Betreuungen:Wenn der Betreuer den Aufenthalt bestimmen kann oder ein Einwilligungsvorbehalt für den Betreuten angeordnet ist, muss der Betreuer das Formblatt ausfüllen und unterschreiben sowie seine Betreuungsvollmacht nachweisen.;Sie ziehen aus München weg?\nDann müssen Sie sich abmelden.\nSie können sich im Bürger-Büro abmelden.\nOder Sie schicken die Abmeldung an das Bürger-Büro.\nDas nennt man Brief-Wahl.\nOder Sie geben die Abmeldung im Bürger-Büro ab.\nDas nennt man Wahl-Umschlag.\nOder Sie schicken die Abmeldung an das Bürger-Büro.\nDas nennt man Brief-Wahl.\nOder Sie geben die Abmeldung im Bürger-Büro ab.\nDas nennt man Wahl-Umschlag.\nOder Sie schicken die Abmeldung an das Bürger-Büro.\nDas nennt man Brief-Wahl.\nOder Sie geben die Abmeldung im Bürger-Büro ab.\nDas nennt man Wahl-Umschlag.\nOder Sie schicken die Abmeldung an das Bürger-Büro.\nDas nennt man Brief-Wahl.\nOder Sie geben die Abmeldung im Bürger-Büro ab.\nDas nennt man Wahl-Umschlag.\nOder Sie schicken die Abmeldung an das Bürger-Büro.\nDas nennt man Brief-Wahl.\nOder Sie geben die Abmeldung im Bürger-Büro ab.\nDas nennt man Wahl-Umschlag.\nOder Sie schicken die Abmeldung an das Bürger-Büro.\nDas nennt man Brief-Wahl.\nOder Sie geben die Abmeldung im Bürger-Büro ab.\nDas nennt man Wahl-Umschlag.\nOder Sie schicken die Abmeldung an das Bürger-Büro.\nDas nennt man Brief-Wahl.\nOder Sie geben die Abmeldung im Bürger-Büro ab.\nDas nennt man Wahl-Umschlag.\nOder Sie schicken die Abmeldung an das Bürger-Büro.\nDas nennt man Brief-Wahl.\nOder Sie geben die Abmeldung im Bürger-Büro ab.\nDas nennt man Wahl-Umschlag.\nOder Sie schicken die Abmeldung an das Bürger-Büro.\nDas nennt man Brief-Wahl.\nOder Sie geben die Abmeldung im Bürger-Büro ab.\nDas nennt man Wahl-Umschlag.\nOder Sie schicken die Abmeldung an das Bürger-Büro.\nDas nennt man Brief-Wahl.\nOder Sie geben die Abmeldung im Bürger-Büro ab.\nDas nennt man Wahl-Umschlag.\nOder Sie schicken die Abmeldung an das Bürger-Büro.\nDas nennt man Brief-Wahl.\nOder Sie geben die Abmeldung im Bürger-Büro ab.\nDas nennt man Wahl-Umschlag.\nOder Sie schicken die Abmeldung an das Bürger-Büro.\nDas nennt man Brief-Wahl.\nOder Sie geben die Abmeldung im Bürger-Büro ab.\nDas nennt man Wahl-Umschlag.\nOder Sie schicken die Abmeldung an das Bürger-Büro.\nDas nennt man Brief-Wahl.\nOder Sie geben die Abmeldung im Bürger-Büro ab.\nDas nennt man Wahl-Umschlag.\nOder Sie schicken die Abmeldung an das Bürger-Büro.\nDas nennt man Brief-Wahl.\nOder Sie geben die Abmeldung im Bürger-Büro ab.\nDas nennt man Wahl-Umschlag.\nOder Sie schicken die Abmeldung an das Bürger-Büro.\nDas nennt man Brief-Wahl.\nOder Sie geben die Abmeldung im Bürger-Büro ab.\nDas nennt man Wahl-Umschlag.\nOder Sie schicken die Abmeldung an das Bürger-Büro.\nDas nennt man Brief-Wahl.\nOder Sie geben die Abmeldung im Bürger-Büro ab.\nDas nennt man Wahl-Umschlag.\nOder Sie schicken die Abmeldung an das Bürger-Büro.\nDas nennt man Brief-Wahl.\nOder Sie geben die Abmeldung im Bürger-Büro ab.\nDas nennt man Wahl-Umschlag.\nOder Sie schicken die Abmeldung an das Bürger-Büro.\nDas nennt man Brief-Wahl.\nOder Sie geben die Abmeldung im Bürger-Büro ab.\nDas nennt man Wahl-Umschlag.\nOder Sie schicken die Abmeldung an das Bürger-Büro.\nDas nennt man Brief-Wahl.\nOder Sie geben die Abmeldung im Bürger-Büro ab.\nDas nennt man Wahl-Umschlag.\nOder Sie schicken die Abmeldung an das Bürger-Büro.\nDas nennt man Brief-Wahl.\nOder Sie geben die Abmeldung im Bürger-Büro ab.\nDas nennt man Wahl-Umschlag.\nOder Sie schicken die Abmeldung an das Bürger-Büro.\nDas nennt man Brief-Wahl.\nOder Sie geben die Abmeldung im Bürger-Büro ab.\nDas nennt man Wahl-Umschlag.\nOder Sie schicken die Abmeldung an das Bürger-Büro.\nDas nennt man Brief-Wahl.\nOder Sie geben die Abmeldung im Bürger-Büro ab.\nDas nennt man Wahl-Umschlag.\nOder Sie schicken die Abmeldung an das Bürger-Büro.\nDas nennt man Brief-Wahl.\nOder Sie geben die Abmeldung im Bürger-Büro ab.\nDas nennt man Wahl-Umschlag.\nOder Sie schicken die Abmeldung an das Bürger-Büro.\nDas nennt man Brief-Wahl.\nOder Sie geben die Abmeldung im Bürger-Büro ab.\nDas nennt man Wahl-Umschlag.\nOder Sie schicken die Abmeldung an das Bürger-Büro.\nDas nennt man Brief-Wahl.\nOder Sie geben die Abmeldung im Bürger-Büro ab.\nDas nennt man Wahl-Umschlag.\nOder Sie schicken die Abmeldung an das Bürger-Büro.\nDas nennt man Brief-Wahl.\nOder Sie geben die Abmeldung im Bürger-Büro ab.\nDas nennt man Wahl-Umschlag.\nOder Sie schicken die Abmeldung an das Bürger-Büro.\nDas nennt man Brief-Wahl.\nOder Sie geben die Abmeldung im Bürger-Büro ab.\nDas nennt man Wahl-Umschlag.\nOder Sie schicken die Abmeldung an das Bürger-Büro.\nDas nennt man Brief-Wahl.\nOder Sie geben die Abmeldung im Bürger-Büro ab.\nDas nennt man Wahl-Umschlag.\nOder Sie schicken die Abmeldung an das Bürger-Büro.\nDas nennt man Brief-Wahl.\nOder Sie geben die Abmeldung im Bürger-Büro ab.\nDas nennt man Wahl-Umschlag.\nOder Sie schicken die Abmeldung an das Bürger-Büro.\nDas nennt man Brief-Wahl.\nOder Sie geben die Abmeldung im Bürger-Büro ab.\nDas nennt man Wahl-Umschlag.\nOder Sie schicken die Abmeldung an das Bürger-Büro.\nDas nennt man Brief-Wahl.\nOder Sie geben die Abmeldung im Bürger-Büro ab.\nDas nennt man Wahl-Umschlag.\nOder Sie schicken die Abmeldung an das Bürger-Büro.\nDas nennt man Brief-Wahl.\nOder Sie geben die Abmeldung im Bürger-Büro ab.\nDas nennt man Wahl-Umschlag.\nOder Sie schicken die Abmeldung an das Bürger-Büro.\nDas nennt man Brief-Wahl.\nOder Sie geben die Abmeldung im Bürger-Büro ab.\nDas nennt man Wahl-Umschlag.\nOder Sie schicken die Abmeldung an das Bürger-Büro.\nDas nennt man Brief-Wahl.\nOder Sie geben die Abmeldung im Bürger-Büro ab.\nDas nennt man Wahl-Umschlag.\nOder Sie schicken die Abmeldung an das Bürger-Büro.\nDas nennt man Brief-Wahl.\nOder Sie geben die Abmeldung im Bürger-Büro ab.\nDas nennt man Wahl-Umschlag.\nOder Sie schicken die Abmeldung an das Bürger-Büro.\nDas nennt man Brief-Wahl.\nOder Sie geben die Abmeldung im Bürger-Büro ab.\nDas nennt man Wahl-Umschlag.\nOder Sie schicken die Abmeldung an das Bürger-Büro.\nDas nennt man Brief-Wahl.\nOder Sie geben die Abmeldung im Bürger-Büro ab.\nDas nennt man Wahl-Umschlag.\nOder Sie schicken die Abmeldung an das Bürger-Büro.\nDas nennt man Brief-Wahl.\nOder Sie geben die Abmeldung im Bürger-Büro ab.\nDas nennt man Wahl-Umschlag.\nOder Sie schicken die Abmeldung an das Bürger-Büro.\nDas nennt man Brief-Wahl.\nOder Sie geben die Abmeldung im Bürger-Büro ab.\nDas nennt man Wahl-Umschlag.\nOder Sie schicken die Abmeldung an das Bürger-Büro.\nDas nennt man Brief-Wahl.\nOder Sie geben die Abmeldung im Bürger-Büro ab.\nDas nennt man Wahl-Umschlag.\nOder Sie schicken die Abmeldung an das Bürger-Büro.\nDas nennt man Brief-Wahl.\nOder Sie geben die Abmeldung im Bürger-Büro ab.\nDas nennt man Wahl-Umschlag.\nOder Sie schicken die Abmeldung an das Bürger-Büro.\nDas nennt man Brief-Wahl.\nOder Sie geben die Abmeldung im Bürger-Büro ab.\nDas nennt man Wahl-Umschlag.\nOder Sie schicken die Abmeldung an das Bürger-Büro.\nDas nennt man Brief-Wahl.\nOder Sie geben die Abmeldung im Bürger-Büro ab.\nDas nennt man Wahl-Umschlag.\nOder Sie schicken die Abmeldung an das Bürger-Büro.\nDas nennt man Brief-Wahl.\nOder Sie geben die Abmeldung im Bürger-Büro ab.\nDas nennt man Wahl-Umschlag.\nOder Sie schicken die Abmeldung an das Bürger-Büro.\nDas nennt man Brief-Wahl.\nOder Sie geben die Abmeldung im Bürger-Büro ab.\nDas nennt man Wahl-Umschlag.\nOder Sie schicken die Abmeldung an das Bürger-Büro.\nDas nennt man Brief-Wahl.\nOder Sie geben die Abmeldung im Bürger-Büro ab.\nDas nennt man Wahl-Umschlag.\nOder Sie schicken die Abmeldung an das Bürger-Büro.\nDas nennt man Brief-Wahl.\nOder Sie geben die Abmeldung im Bürger-Büro ab.\nDas nennt man Wahl-Umschlag.\nOder Sie schicken die Abmeldung an das Bürger-Büro.\nDas nennt man Brief-Wahl.\nOder Sie geben die Abmeldung im Bürger-Büro ab.\nDas nennt man Wahl-Umschlag.\nOder Sie schicken die Abmeldung an das Bürger-Büro.\nDas nennt man Brief-Wahl.\nOder Sie geben die Abmeldung im Bürger-Büro ab.\nDas nennt man Wahl-Umschlag.\nOder Sie schicken die Abmeldung an das Bürger-Büro.\nDas nennt man Brief-Wahl.\nOder Sie geben die Abmeldung im Bürger-Büro ab.\nDas nennt man Wahl-Umschlag.\nOder Sie schicken die Abmeldung an das Bürger-Büro.\nDas nennt man Brief-Wahl.\nOder Sie geben die Abmeldung im Bürger-Büro ab.\nDas nennt man Wahl-Umschlag.\nOder Sie schicken die Abmeldung an das Bürger-Büro.\nDas nennt man Brief-Wahl.\nOder Sie geben die Abmeldung im Bürger-Büro ab.\nDas nennt man Wahl-Umschlag.\nOder Sie schicken die Abmeldung an das Bürger-Büro.\nDas nennt man Brief-Wahl.\nOder Sie geben die Abmeldung im Bürger-Büro ab.\nDas nennt man Wahl-Umschlag.\nOder Sie schicken die Abmeldung an das Bürger-Büro.\nDas nennt man Brief-Wahl.\nOder Sie geben die Abmeldung im Bürger-Büro ab.\nDas nennt man Wahl-Umschlag.\nOder Sie schicken die Abmeldung an das Bürger-Büro.\nDas nennt man Brief-Wahl.\nOder Sie geben die Abmeldung im Bürger-Büro ab.\nDas nennt man Wahl-Umschlag.\nOder Sie schicken die Abmeldung an das Bürger-Büro.\nDas nennt man Brief-Wahl.\nOder Sie geben die Abmeldung im Bürger-Büro ab.\nDas nennt man Wahl-Umschlag.\nOder Sie schicken die Abmeldung an das Bürger-Büro.\nDas nennt man Brief-Wahl.\nOder Sie geben die Abmeldung im Bürger-Büro ab.\nDas nennt man Wahl-Umschlag.\nOder Sie schicken die Abmeldung an das Bürger-Büro.\nDas nennt man Brief-Wahl.\nOder Sie geben die Abmeldung im Bürger-Büro ab.\nDas nennt man Wahl-Umschlag.\nOder Sie schicken die Abmeldung an das Bürger-Büro.\nDas nennt man Brief-Wahl.\nOder Sie geben die Abmeldung im Bürger-Büro ab.\nDas nennt man Wahl-Umschlag.\nOder Sie schicken die Abmeldung an das Bürger-Büro.\nDas nennt man Brief-Wahl.\nOder Sie geben die Abmeldung im Bürger-Büro ab.\nDas nennt man Wahl-Umschlag.\nOder Sie schicken die Abmeldung an das Bürger-Büro.\nDas nennt man Brief-Wahl.\nOder Sie geben die Abmeldung im Bürger-Büro ab.\nDas nennt man Wahl-Umschlag.\nOder Sie schicken die Abmeldung an das Bürger-Büro.\nDas nennt man Brief-Wahl.\nOder Sie geben die Abmeldung im Bürger-Büro ab.\nDas nennt man Wahl-Umschlag.\nOder Sie schicken die Abmeldung an das Bürger-Büro.\nDas nennt man Brief-Wahl.\nOder Sie geben die Abmeldung im Bürger-Büro ab.\nDas nennt man Wahl-Umschlag.\nOder Sie schicken die Abmeldung an das Bürger-Büro.\nDas nennt man Brief-Wahl.\nOder Sie geben die Abmeldung im Bürger-Büro ab.\nDas nennt man Wahl-Umschlag.\nOder Sie schicken die Abmeldung an das Bürger-Büro.\nDas nennt man Brief-Wahl.\nOder Sie geben die Abmeldung im Bürger-Büro ab.\nDas nennt man Wahl-Umschlag.\nOder Sie schicken die Abmeldung an das Bürger-Büro.\nDas nennt man Brief-Wahl.\nOder Sie geben die Abmeldung im Bürger-Büro ab.\nDas nennt man Wahl-Umschlag.\nOder Sie schicken die Abmeldung an das Bürger-Büro.\nDas nennt man Brief-Wahl.\nOder Sie geben die Abmeldung im Bürger-Büro ab.\nDas nennt man Wahl-Umschlag.\nOder Sie schicken die Abmeldung an das Bürger-Büro.\nDas nennt man Brief-Wahl.\nOder Sie geben die Abmeldung im Bürger-Büro ab.\nDas nennt man Wahl-Umschlag.\nOder Sie schicken die Abmeldung an das Bürger-Büro.\nDas nennt man Brief-Wahl.\nOder Sie geben die Abmeldung im Bürger-Büro ab.\nDas nennt man Wahl-Umschlag.\nOder Sie schicken die Abmeldung an das Bürger-Büro.\nDas nennt man Brief-Wahl.\nOder Sie geben die Abmeldung im Bürger-Büro ab.\nDas nennt man Wahl-Umschlag.\nOder Sie schicken die Abmeldung an das Bürger-Büro.\nDas nennt man Brief-Wahl.\nOder Sie geben die Abmeldung im Bürger-Büro ab.\nDas nennt man Wahl-Umschlag.\nOder Sie schicken die Abmeldung an das Bürger-Büro.\nDas nennt man Brief-Wahl.\nOder Sie geben die Abmeldung im Bürger-Büro ab.\nDas nennt man Wahl-Umschlag.\nOder Sie schicken die Abmeldung an das Bürger-Büro.\nDas nennt man Brief-Wahl.\nOder Sie geben die Abmeldung im Bürger-Büro ab.\nDas nennt man Wahl-Umschlag.\nOder Sie schicken die Abmeldung an das Bürger-Büro.\nDas nennt man Brief-Wahl.\nOder Sie geben die Abmeldung im Bürger-Büro ab.\nDas nennt man Wahl-Umschlag.\nOder Sie schicken die Abmeldung an das Bürger-Büro.\nDas nennt man Brief-Wahl.\nOder Sie geben die Abmeldung im Bürger-Büro ab.\nDas nennt man Wahl-Umschlag.\nOder Sie schicken die Abmeldung an das Bürger-Büro.\nDas nennt man Brief-Wahl.\nOder Sie geben die Abmeldung im Bürger-Büro ab.\nDas nennt man Wahl-Umschlag.\nOder Sie schicken die Abmeldung an das Bürger-Büro.\nDas nennt man Brief-Wahl.\nOder Sie geben die Abmeldung im Bürger-Büro ab.\nDas nennt man Wahl-Umschlag.\nOder Sie schicken die Abmeldung an das Bürger-Büro.\nDas nennt man Brief-Wahl.\nOder Sie geben die Abmeldung im Bürger-Büro ab.\nDas nennt man Wahl-Umschlag.\nOder Sie schicken die Abmeldung an das Bürger-Büro.\nDas nennt man Brief-Wahl.\nOder Sie geben die Abmeldung im Bürger-Büro ab.\nDas nennt man Wahl-Umschlag.\nOder Sie schicken die Abmeldung an das Bürger-Büro.\nDas nennt man Brief-Wahl.\nOder Sie geben die Abmeldung im Bürger-Büro ab.\nDas nennt man Wahl-Umschlag.\nOder Sie schicken die Abmeldung an das Bürger-Büro.\nDas nennt man Brief-Wahl.\nOder Sie geben die Abmeldung im Bürger-Büro ab.\nDas nennt man Wahl-Umschlag.\nOder Sie schicken die Abmeldung an das Bürger-Büro.\nDas nennt man Brief-Wahl.\nOder Sie geben die Abmeldung im Bürger-Büro ab.\nDas nennt man Wahl-Umschlag.\nOder Sie schicken die Abmeldung an das Bürger-Büro.\nDas nennt man Brief-Wahl.\nOder Sie geben die Abmeldung im Bürger-Büro ab.\nDas nennt man Wahl-Umschlag.\n
Gebührenrahmen\nkostenlos;Gebühren-Rahmen\nkostenlos
EU-Parkausweis (hellblau) für Behinderte;Park-Ausweis für Menschen mit Behinderung
Beeinträchtigte können einen EU-Parkausweis beantragen. Damit dürfen sie auf Schwerbehindertenparkplätzen parken und haben die Erlaubnis zum gebührenfreien Parken.;Beeinträchtigte können einen EU-Park-Ausweis beantragen.\nMit dem EU-Park-Ausweis dürfen Sie auf Schwer-Behinderten-Parkplätzen parken.\nUnd Sie dürfen überall parken, wo man sonst nicht parken darf.\nZum Beispiel:\n* Sie dürfen auf einem normalen Parkplatz parken.\n* Sie dürfen auf einem Anwohner-Parkplatz parken.\n* Sie dürfen auf einem Parkplatz für Elektro-Autos parken.\n* Sie dürfen auf einem Frauen-Parkplatz parken.\n* Sie dürfen auf einem Familien-Parkplatz parken.\n* Sie dürfen auf einem Behinderten-Parkplatz parken.\n* Sie dürfen auf einem Parkplatz für Menschen mit Mobilitäts-Einschränkung parken.\n* Sie dürfen auf einem Parkplatz für Menschen mit Behinderung parken.\n* Sie dürfen auf einem Parkplatz für Menschen mit Schwer-Behinderung parken.\n* Sie dürfen auf einem Parkplatz für Menschen mit Blinden-Hund parken.\n* Sie dürfen auf einem Parkplatz für Menschen mit Blinden-Stock parken.\n* Sie dürfen auf einem Parkplatz für Menschen mit Roll-Stuhl parken.\n* Sie dürfen auf einem Parkplatz für Menschen mit Geh-Hilfe parken.\n* Sie dürfen auf einem Parkplatz für Menschen mit Prothese parken.\n* Sie dürfen auf einem Parkplatz für Menschen mit Bein-Prothese parken.\n* Sie dürfen auf einem Parkplatz für Menschen mit Arm-Prothese parken.\n* Sie dürfen auf einem Parkplatz für Menschen mit Hör-Gerät parken.\n* Sie dürfen auf einem Parkplatz für Menschen mit Herz-Schwäche parken.\n* Sie dürfen auf einem Parkplatz für Menschen mit Lungen-Krankheit parken.\n* Sie dürfen auf einem Parkplatz für Menschen mit Zucker-Krankheit parken.\n* Sie dürfen auf einem Parkplatz für Menschen mit Krebs parken.\n* Sie dürfen auf einem Parkplatz für Menschen mit Multipler Sklerose parken.\n* Sie dürfen auf einem Parkplatz für Menschen mit Morbus Crohn parken.\n* Sie dürfen auf einem Parkplatz für Menschen mit Colitis Ulcerosa parken.\n* Sie dürfen auf einem Parkplatz für Menschen mit Rheuma parken.\n* Sie dürfen auf einem Parkplatz für Menschen mit Osteoporose parken.\n* Sie dürfen auf einem Parkplatz für Menschen mit Arthrose parken.\n* Sie dürfen auf einem Parkplatz für Menschen mit Arthritis parken.\n* Sie dürfen auf einem Parkplatz für Menschen mit Gicht parken.\n* Sie dürfen auf einem Parkplatz für Menschen mit Bandscheiben-Vorfall parken.\n* Sie dürfen auf einem Parkplatz für Menschen mit Hüft-Operation parken.\n* Sie dürfen auf einem Parkplatz für Menschen mit Knie-Operation parken.\n* Sie dürfen auf einem Parkplatz für Menschen mit Schulter-Operation parken.\n* Sie dürfen auf einem Parkplatz für Menschen mit Hand-Operation parken.\n* Sie dürfen auf einem Parkplatz für Menschen mit Fuß-Operation parken.\n* Sie dürfen auf einem Parkplatz für Menschen mit Kopf-Verletzung parken.\n* Sie dürfen auf einem Parkplatz für Menschen mit Rücken-Verletzung parken.\n* Sie dürfen auf einem Parkplatz für Menschen mit Arm-Verletzung parken.\n* Sie dürfen auf einem Parkplatz für Menschen mit Bein-Verletzung parken.\n* Sie dürfen auf einem Parkplatz für Menschen mit Hals-Verletzung parken.\n* Sie dürfen auf einem Parkplatz für Menschen mit Hand-Verletzung parken.\n* Sie dürfen auf einem Parkplatz für Menschen mit Fuß-Verletzung parken.\n* Sie dürfen auf einem Parkplatz für Menschen mit Schulter-Schmerzen parken.\n* Sie dürfen auf einem Parkplatz für Menschen mit Hand-Schmerzen parken.\n* Sie dürfen auf einem Parkplatz für Menschen mit Fuß-Schmerzen parken.\n* Sie dürfen auf einem Parkplatz für Menschen mit Kopf-Schmerzen parken.\n* Sie dürfen auf einem Parkplatz für Menschen mit Rücken-Schmerzen parken.\n* Sie dürfen auf einem Parkplatz für Menschen mit Nacken-Schmerzen parken.\n* Sie dürfen auf einem Parkplatz für Menschen mit Knie-Schmerzen parken.\n* Sie dürfen auf einem Parkplatz für Menschen mit Hüft-Schmerzen parken.\n* Sie dürfen auf einem Parkplatz für Menschen mit Bauch-Schmerzen parken.\n* Sie dürfen auf einem Parkplatz für Menschen mit Magen-Schmerzen parken.\n* Sie dürfen auf einem Parkplatz für Menschen mit Darm-Schmerzen parken.\n* Sie dürfen auf einem Parkplatz für Menschen mit Leber-Schmerzen parken.\n* Sie dürfen auf einem Parkplatz für Menschen mit Nieren-Schmerzen parken.\n* Sie dürfen auf einem Parkplatz für Menschen mit Blasen-Schmerzen parken.\n* Sie dürfen auf einem Parkplatz für Menschen mit Prostata-Schmerzen parken.\n* Sie dürfen auf einem Parkplatz für Menschen mit Brust-Schmerzen parken.\n* Sie dürfen auf einem Parkplatz für Menschen mit Herz-Schmerzen parken.\n* Sie dürfen auf einem Parkplatz für Menschen mit Lungen-Schmerzen parken.\n* Sie dürfen auf einem Parkplatz für Menschen mit Hals-Schmerzen parken.\n* Sie dürfen auf einem Parkplatz für Menschen mit Kopf-Schmerzen parken.\n* Sie dürfen auf einem Parkplatz für Menschen mit Augen-Schmerzen parken.\n* Sie dürfen auf einem Parkplatz für Menschen mit Ohren-Schmerzen parken.\n* Sie dürfen auf einem Parkplatz für Menschen mit Zahn-Schmerzen parken.\n* Sie dürfen auf einem Parkplatz für Menschen mit Kiefer-Schmerzen parken.\n* Sie dürfen auf einem Parkplatz für Menschen mit Knochen-Schmerzen parken.\n* Sie dürfen auf einem Parkplatz für Menschen mit Muskel-Schmerzen parken.\n* Sie dürfen auf einem Parkplatz für Menschen mit Seh-Schwäche parken.\n* Sie dürfen auf einem Parkplatz für Menschen mit Hör-Schwäche parken.\n* Sie dürfen auf einem Parkplatz für Menschen mit Sprach-Schwäche parken.\n* Sie dürfen auf einem Parkplatz für Menschen mit Lese-Schwäche parken.\n* Sie dürfen auf einem Parkplatz für Menschen mit Rechen-Schwäche parken.\n* Sie dürfen auf einem Parkplatz für Menschen mit Schreib-Schwäche parken.\n* Sie dürfen auf einem Parkplatz für Menschen mit Konzentrations-Schwäche parken.\n* Sie dürfen auf einem Parkplatz für Menschen mit Merk-Schwäche parken.\n* Sie dürfen auf einem Parkplatz für Menschen mit Orientierungs-Schwäche parken.\n* Sie dürfen auf einem Parkplatz für Menschen mit Gedächtnis-Schwäche parken.\n* Sie dürfen auf einem Parkplatz für Menschen mit Aufmerksamkeits-Schwäche parken.\n* Sie dürfen auf einem Parkplatz für Menschen mit Hyper-Aktivität parken.\n* Sie dürfen auf einem Parkplatz für Menschen mit Down-Syndrom parken.\n* Sie dürfen auf einem Parkplatz für Menschen mit Autismus parken.\n* Sie dürfen auf einem Parkplatz für Menschen mit Asperger-Syndrom parken.\n* Sie dürfen auf einem Parkplatz für Menschen mit ADHS parken.\n* Sie dürfen auf einem Parkplatz für Menschen mit Lern-Behinderung parken.\n* Sie dürfen auf einem Parkplatz für Menschen mit geistiger Behinderung parken.\n* Sie dürfen auf einem Parkplatz für Menschen mit körperlicher Behinderung parken.\n* Sie dürfen auf einem Parkplatz für Menschen mit seelischer Behinderung parken.\n* Sie dürfen auf einem Parkplatz für Menschen mit psychischer Behinderung parken.\n* Sie dürfen auf einem Parkplatz für Menschen mit chronischer Krankheit parken.\n* Sie dürfen auf einem Parkplatz für Menschen mit chronischer Schmerz-Krankheit parken.\n* Sie dürfen auf einem Parkplatz für Menschen mit chronischer Schmerz-Erkrankung parken.\n* Sie dürfen auf einem Parkplatz für Menschen mit chronischer Schmerz-Störung parken.\n* Sie dürfen auf einem Parkplatz für Menschen mit chronischer Schmerz-Beeinträchtigung parken.\n* Sie dürfen auf einem Parkplatz für Menschen mit chronischer Schmerz-Einschränkung parken.\n* Sie dürfen auf einem Parkplatz für Menschen mit chronischer Schmerz-Behinderung parken.\n* Sie dürfen auf einem Parkplatz für Menschen mit chronischer Schmerz-Beeinträchtigung parken.\n* Sie dürfen auf einem Parkplatz für Menschen mit chronischer Schmerz-Einschränkung parken.\n* Sie dürfen auf einem Parkplatz für Menschen mit chronischer Schmerz-Behinderung parken.\n* Sie dürfen auf einem Parkplatz für Menschen mit chronischer Schmerz-Beeinträchtigung parken.\n* Sie dürfen auf einem Parkplatz für Menschen mit chronischer Schmerz-Einschränkung parken.\n* Sie dürfen auf einem Parkplatz für Menschen mit chronischer Schmerz-Behinderung parken.\n* Sie dürfen auf einem Parkplatz für Menschen mit chronischer Schmerz-Beeinträchtigung parken.\n* Sie dürfen auf einem Parkplatz für Menschen mit chronischer Schmerz-Einschränkung parken.\n* Sie dürfen auf einem Parkplatz für Menschen mit chronischer Schmerz-Behinderung parken.\n* Sie dürfen auf einem Parkplatz für Menschen mit chronischer Schmerz-Beeinträchtigung parken.\n* Sie dürfen auf einem Parkplatz für Menschen mit chronischer Schmerz-Einschränkung parken.\n* Sie dürfen auf einem Parkplatz für Menschen mit chronischer Schmerz-Behinderung parken.\n* Sie dürfen auf einem Parkplatz für Menschen mit chronischer Schmerz-Beeinträchtigung parken.\n* Sie dürfen auf einem Parkplatz für Menschen mit chronischer Schmerz-Einschränkung parken.\n* Sie dürfen auf einem Parkplatz für Menschen mit chronischer Schmerz-Behinderung parken.\n* Sie dürfen auf einem Parkplatz für Menschen mit chronischer Schmerz-Beeinträchtigung parken.\n* Sie dürfen auf einem Parkplatz für Menschen mit chronischer Schmerz-Einschränkung parken.\n* Sie dürfen auf einem Parkplatz für Menschen mit chronischer Schmerz-Behinderung parken.\n* Sie dürfen auf einem Parkplatz für Menschen mit chronischer Schmerz-Beeinträchtigung parken.\n* Sie dürfen auf einem Parkplatz für Menschen mit chronischer Schmerz-Einschränkung parken.\n* Sie dürfen auf einem Parkplatz für Menschen mit chronischer Schmerz-Behinderung parken.\n* Sie dürfen auf einem Parkplatz für Menschen mit chronischer Schmerz-Beeinträchtigung parken.\n* Sie dürfen auf einem Parkplatz für Menschen mit chronischer Schmerz-Einschränkung parken.\n* Sie dürfen auf einem Parkplatz für Menschen mit chronischer Schmerz-Behinderung parken.\n* Sie dürfen auf einem Parkplatz für Menschen mit chronischer Schmerz-Beeinträchtigung parken.\n* Sie dürfen auf einem Parkplatz für Menschen mit chronischer Schmerz-Einschränkung parken.\n* Sie dürfen auf einem Parkplatz für Menschen mit chronischer Schmerz-Behinderung parken.\n* Sie dürfen auf einem Parkplatz für Menschen mit chronischer Schmerz-Beeinträchtigung parken.\n* Sie dürfen auf einem Parkplatz für Menschen mit chronischer Schmerz-Einschränkung parken.\n* Sie dürfen auf einem Parkplatz für Menschen mit chronischer Schmerz-Behinderung parken.\n* Sie dürfen auf einem Parkplatz für Menschen mit chronischer Schmerz-Beeinträchtigung parken.\n* Sie dürfen auf einem Parkplatz für Menschen mit chronischer Schmerz-Einschränkung parken.\n* Sie dürfen auf einem Parkplatz für Menschen mit chronischer Schmerz-Behinderung parken.\n* Sie dürfen auf einem Parkplatz für Menschen mit chronischer Schmerz-Beeinträchtigung parken.\n* Sie dürfen auf einem Parkplatz für Menschen mit chronischer Schmerz-Einschränkung parken.\n* Sie dürfen auf einem Parkplatz für Menschen mit chronischer Schmerz-Behinderung parken.\n* Sie dürfen auf einem Parkplatz für Menschen mit chronischer Schmerz-Beeinträchtigung parken.\n* Sie dürfen auf einem Parkplatz für Menschen mit chronischer Schmerz-Einschränkung parken.\n* Sie dürfen auf einem Parkplatz für Menschen mit chronischer Schmerz-Behinderung parken.\n* Sie dürfen auf einem Parkplatz für Menschen mit chronischer Schmerz-Beeinträchtigung parken.\n* Sie dürfen auf einem Parkplatz für Menschen mit chronischer Schmerz-Einschränkung parken.\n* Sie dürfen auf einem Parkplatz für Menschen mit chronischer Schmerz-Behinderung parken.\n* Sie dürfen auf einem Parkplatz für Menschen mit chronischer Schmerz-Beeinträchtigung parken.\n* Sie dürfen auf einem Parkplatz für Menschen mit chronischer Schmerz-Einschränkung parken.\n* Sie dürfen auf einem Parkplatz für Menschen mit chronischer Schmerz-Behinderung parken.\n* Sie dürfen auf einem Parkplatz für Menschen mit chronischer Schmerz-Beeinträchtigung parken.\n* Sie dürfen auf einem Parkplatz für Menschen mit chronischer Schmerz-Einschränkung parken.\n* Sie dürfen auf einem Parkplatz für Menschen mit chronischer Schmerz-Behinderung parken.\n* Sie dürfen auf einem Parkplatz für Menschen mit chronischer Schmerz-Beeinträchtigung parken.\n* Sie dürfen auf einem Parkplatz für Menschen mit chronischer Schmerz-Einschränkung parken.\n* Sie dürfen auf einem Parkplatz für Menschen mit chronischer Schmerz-Behinderung parken.\n* Sie dürfen auf einem Parkplatz für Menschen mit chronischer Schmerz-Beeinträchtigung parken.\n* Sie dürfen auf einem Parkplatz für Menschen mit chronischer Schmerz-Einschränkung parken.\n* Sie dürfen auf einem Parkplatz für Menschen mit chronischer Schmerz-Behinderung parken.\n* Sie dürfen auf einem Parkplatz für Menschen mit chronischer Schmerz-Beeinträchtigung parken.\n* Sie dürfen auf einem Parkplatz für Menschen mit chronischer Schmerz-Einschränkung parken.\n* Sie dürfen auf einem Parkplatz für Menschen mit chronischer Schmerz-Behinderung parken.\n* Sie dürfen auf einem Parkplatz für Menschen mit chronischer Schmerz-Beeinträchtigung parken.\n* Sie dürfen auf einem Parkplatz für Menschen mit chronischer Schmerz-Einschränkung parken.\n* Sie dürfen auf einem Parkplatz für Menschen mit chronischer Schmerz-Behinderung parken.\n* Sie dürfen auf einem Parkplatz für Menschen mit chronischer Schmerz-Beeinträchtigung parken.\n* Sie dürfen auf einem Parkplatz für Menschen mit chronischer Schmerz-Einschränkung parken.\n* Sie dürfen auf einem Parkplatz für Menschen mit chronischer Schmerz-Behinderung parken.\n* Sie dürfen auf einem Parkplatz für Menschen mit chronischer Schmerz-Beeinträchtigung parken.\n* Sie dürfen auf einem Parkplatz für Menschen mit chronischer Schmerz-Einschränkung parken.\n* Sie dürfen auf einem Parkplatz für Menschen mit chronischer Schmerz-Behinderung parken.\n* Sie dürfen auf einem Parkplatz für Menschen mit chronischer Schmerz-Beeinträchtigung parken.\n* Sie dürfen auf einem Parkplatz für Menschen mit chronischer Schmerz-Einschränkung parken.\n* Sie dürfen auf einem Parkplatz für Menschen mit chronischer Schmerz-Behinderung parken.\n* Sie dürfen auf einem Parkplatz für Menschen mit chronischer Schmerz-Beeinträchtigung parken.\n* Sie dürfen auf einem Parkplatz für Menschen mit chronischer Schmerz-Einschränkung parken.\n* Sie dürfen auf einem Parkplatz für Menschen mit chronischer Schmerz-Behinderung parken.\n* Sie dürfen auf einem Parkplatz für Menschen mit chronischer Schmerz-Beeinträchtigung parken.\n* Sie dürfen auf einem Parkplatz für Menschen mit chronischer Schmerz-Einschränkung parken.\n* Sie dürfen auf einem Parkplatz für Menschen mit chronischer Schmerz-Behinderung parken.\n* Sie dürfen auf einem Parkplatz für Menschen mit chronischer Schmerz-Beeinträchtigung parken.\n* Sie dürfen auf einem Parkplatz für Menschen mit chronischer Schmerz-Einschränkung parken.\n* Sie dürfen auf einem Parkplatz für Menschen mit chronischer Schmerz-Behinderung parken.\n* Sie dürfen auf einem Parkplatz für Menschen mit chronischer Schmerz-Beeinträchtigung parken.\n* Sie dürfen auf einem Parkplatz für Menschen mit chronischer Schmerz-Einschränkung parken.\n* Sie dürfen auf einem Parkplatz für Menschen mit chronischer Schmerz-Behinderung parken.\n* Sie dürfen auf einem Parkplatz für Menschen mit chronischer Schmerz-Beeinträchtigung parken.\n* Sie dürfen auf einem Parkplatz für Menschen mit chronischer Schmerz-Einschränkung parken.\n* Sie dürfen auf einem Parkplatz für Menschen mit chronischer Schmerz-Behinderung parken.\n* Sie dürfen auf einem Parkplatz für Menschen mit chronischer Schmerz-Beeinträchtigung parken.\n* Sie dürfen auf einem Parkplatz für Menschen mit chronischer Schmerz-Einschränkung parken.\n* Sie dürfen auf einem Parkplatz für Menschen mit chronischer Schmerz-Behinderung parken.\n* Sie dürfen auf einem Parkplatz für Menschen mit chronischer Schmerz-Beeinträchtigung parken.\n* Sie dürfen auf einem Parkplatz für Menschen mit chronischer Schmerz-Einschränkung parken.\n* Sie dürfen auf einem Parkplatz für Menschen mit chronischer Schmerz-Behinderung parken.\n* Sie dürfen auf einem Parkplatz
"Voraussetzungen\n\nArt der Behinderung:\n* Außergewöhnlich Gehbehinderte (Merkzeichen 'aG' im Schwerbehindertenausweis)\n* Blinde (Merkzeichen 'BI' im Schwerbehindertenausweis)\n* Contergan-Geschädigte (beidseitige Amelie oder Phokomelie) und Menschen mit vergleichbaren Beeinträchtigungen (bespielsweise Amputation beider Arme)\n\nWeitere Voraussetzungen:\n* Sie sind mit Hauptwohnsitz in München gemeldet.\n* Die Behinderung ist amtlich festgestellt vom Zentrum Bayern Familie und Soziales (ZBFS, frühere Bezeichnung ""Versorgungsamt""). Sie haben einen Schwerbehindertenausweis oder eine Bescheinigung des ZBFS.";Wer bekommt den Park-Ausweis für Menschen mit Behinderung?\nSie müssen alle 3 Voraussetzungen erfüllen:\nSie müssen in München wohnen.\nDas heißt:\nMünchen ist Ihr Haupt-Wohn-Sitz.\nSie müssen eine schwere Geh-Behinderung haben.\nDas heißt:\nSie können nicht gut laufen.\nOder Sie können gar nicht laufen.\nSie müssen deshalb einen Roll-Stuhl benutzen.\nOder Sie haben eine andere Geh-Behinderung.\nZum Beispiel eine Bein-Amputation.\nOder Sie haben eine Bein-Prothese.\nSie müssen blind sein.\nDas heißt:\nSie können gar nichts sehen.\nOder Sie können nur noch sehr wenig sehen.\nSie müssen das beim Versorgungs-Amt nachweisen.\nDas Versorgungs-Amt ist in München.\nDas Versorgungs-Amt heißt jetzt Zentrum Bayern Familie und Soziales.\nDas Versorgungs-Amt hat 2 Stellen in München.\nDie Stellen sind in den Stadt-Teilen Pasing und Ramersdorf.\nSie müssen mit dem Aufzug fahren können.\nDas heißt:\nSie müssen mit dem Roll-Stuhl in das Auto kommen.\nOder Sie müssen mit dem Roll-Stuhl in den Bus kommen.\nOder Sie müssen mit dem Roll-Stuhl in die Straßen-Bahn kommen.\nSie müssen das beim Versorgungs-Amt nachweisen.\nDas Versorgungs-Amt ist in München.\nDas Versorgungs-Amt heißt jetzt Zentrum Bayern Familie und Soziales.\nDas Versorgungs-Amt hat 2 Stellen in München.\nDie Stellen sind in den Stadt-Teilen Pasing und Ramersdorf.\nSie müssen mit dem Aufzug fahren können.\nDas heißt:\nSie müssen mit dem Roll-Stuhl in das Auto kommen.\nOder Sie müssen mit dem Roll-Stuhl in den Bus kommen.\nOder Sie müssen mit dem Roll-Stuhl in die Straßen-Bahn kommen.\nSie müssen das beim Versorgungs-Amt nachweisen.\nDas Versorgungs-Amt ist in München.\nDas Versorgungs-Amt heißt jetzt Zentrum Bayern Familie und Soziales.\nDas Versorgungs-Amt hat 2 Stellen in München.\nDie Stellen sind in den Stadt-Teilen Pasing und Ramersdorf.\nSie müssen mit dem Aufzug fahren können.\nDas heißt:\nSie müssen mit dem Roll-Stuhl in das Auto kommen.\nOder Sie müssen mit dem Roll-Stuhl in den Bus kommen.\nOder Sie müssen mit dem Roll-Stuhl in die Straßen-Bahn kommen.\nSie müssen das beim Versorgungs-Amt nachweisen.\nDas Versorgungs-Amt ist in München.\nDas Versorgungs-Amt heißt jetzt Zentrum Bayern Familie und Soziales.\nDas Versorgungs-Amt hat 2 Stellen in München.\nDie Stellen sind in den Stadt-Teilen Pasing und Ramersdorf.\nSie müssen mit dem Aufzug fahren können.\nDas heißt:\nSie müssen mit dem Roll-Stuhl in das Auto kommen.\nOder Sie müssen mit dem Roll-Stuhl in den Bus kommen.\nOder Sie müssen mit dem Roll-Stuhl in die Straßen-Bahn kommen.\nSie müssen das beim Versorgungs-Amt nachweisen.\nDas Versorgungs-Amt ist in München.\nDas Versorgungs-Amt heißt jetzt Zentrum Bayern Familie und Soziales.\nDas Versorgungs-Amt hat 2 Stellen in München.\nDie Stellen sind in den Stadt-Teilen Pasing und Ramersdorf.\nSie müssen mit dem Aufzug fahren können.\nDas heißt:\nSie müssen mit dem Roll-Stuhl in das Auto kommen.\nOder Sie müssen mit dem Roll-Stuhl in den Bus kommen.\nOder Sie müssen mit dem Roll-Stuhl in die Straßen-Bahn kommen.\nSie müssen das beim Versorgungs-Amt nachweisen.\nDas Versorgungs-Amt ist in München.\nDas Versorgungs-Amt heißt jetzt Zentrum Bayern Familie und Soziales.\nDas Versorgungs-Amt hat 2 Stellen in München.\nDie Stellen sind in den Stadt-Teilen Pasing und Ramersdorf.\nSie müssen mit dem Aufzug fahren können.\nDas heißt:\nSie müssen mit dem Roll-Stuhl in das Auto kommen.\nOder Sie müssen mit dem Roll-Stuhl in den Bus kommen.\nOder Sie müssen mit dem Roll-Stuhl in die Straßen-Bahn kommen.\nSie müssen das beim Versorgungs-Amt nachweisen.\nDas Versorgungs-Amt ist in München.\nDas Versorgungs-Amt heißt jetzt Zentrum Bayern Familie und Soziales.\nDas Versorgungs-Amt hat 2 Stellen in München.\nDie Stellen sind in den Stadt-Teilen Pasing und Ramersdorf.\nSie müssen mit dem Aufzug fahren können.\nDas heißt:\nSie müssen mit dem Roll-Stuhl in das Auto kommen.\nOder Sie müssen mit dem Roll-Stuhl in den Bus kommen.\nOder Sie müssen mit dem Roll-Stuhl in die Straßen-Bahn kommen.\nSie müssen das beim Versorgungs-Amt nachweisen.\nDas Versorgungs-Amt ist in München.\nDas Versorgungs-Amt heißt jetzt Zentrum Bayern Familie und Soziales.\nDas Versorgungs-Amt hat 2 Stellen in München.\nDie Stellen sind in den Stadt-Teilen Pasing und Ramersdorf.\nSie müssen mit dem Aufzug fahren können.\nDas heißt:\nSie müssen mit dem Roll-Stuhl in das Auto kommen.\nOder Sie müssen mit dem Roll-Stuhl in den Bus kommen.\nOder Sie müssen mit dem Roll-Stuhl in die Straßen-Bahn kommen.\nSie müssen das beim Versorgungs-Amt nachweisen.\nDas Versorgungs-Amt ist in München.\nDas Versorgungs-Amt heißt jetzt Zentrum Bayern Familie und Soziales.\nDas Versorgungs-Amt hat 2 Stellen in München.\nDie Stellen sind in den Stadt-Teilen Pasing und Ramersdorf.\nSie müssen mit dem Aufzug fahren können.\nDas heißt:\nSie müssen mit dem Roll-Stuhl in das Auto kommen.\nOder Sie müssen mit dem Roll-Stuhl in den Bus kommen.\nOder Sie müssen mit dem Roll-Stuhl in die Straßen-Bahn kommen.\nSie müssen das beim Versorgungs-Amt nachweisen.\nDas Versorgungs-Amt ist in München.\nDas Versorgungs-Amt heißt jetzt Zentrum Bayern Familie und Soziales.\nDas Versorgungs-Amt hat 2 Stellen in München.\nDie Stellen sind in den Stadt-Teilen Pasing und Ramersdorf.\nSie müssen mit dem Aufzug fahren können.\nDas heißt:\nSie müssen mit dem Roll-Stuhl in das Auto kommen.\nOder Sie müssen mit dem Roll-Stuhl in den Bus kommen.\nOder Sie müssen mit dem Roll-Stuhl in die Straßen-Bahn kommen.\nSie müssen das beim Versorgungs-Amt nachweisen.\nDas Versorgungs-Amt ist in München.\nDas Versorgungs-Amt heißt jetzt Zentrum Bayern Familie und Soziales.\nDas Versorgungs-Amt hat 2 Stellen in München.\nDie Stellen sind in den Stadt-Teilen Pasing und Ramersdorf.\nSie müssen mit dem Aufzug fahren können.\nDas heißt:\nSie müssen mit dem Roll-Stuhl in das Auto kommen.\nOder Sie müssen mit dem Roll-Stuhl in den Bus kommen.\nOder Sie müssen mit dem Roll-Stuhl in die Straßen-Bahn kommen.\nSie müssen das beim Versorgungs-Amt nachweisen.\nDas Versorgungs-Amt ist in München.\nDas Versorgungs-Amt heißt jetzt Zentrum Bayern Familie und Soziales.\nDas Versorgungs-Amt hat 2 Stellen in München.\nDie Stellen sind in den Stadt-Teilen Pasing und Ramersdorf.\nSie müssen mit dem Aufzug fahren können.\nDas heißt:\nSie müssen mit dem Roll-Stuhl in das Auto kommen.\nOder Sie müssen mit dem Roll-Stuhl in den Bus kommen.\nOder Sie müssen mit dem Roll-Stuhl in die Straßen-Bahn kommen.\nSie müssen das beim Versorgungs-Amt nachweisen.\nDas Versorgungs-Amt ist in München.\nDas Versorgungs-Amt heißt jetzt Zentrum Bayern Familie und Soziales.\nDas Versorgungs-Amt hat 2 Stellen in München.\nDie Stellen sind in den Stadt-Teilen Pasing und Ramersdorf.\nSie müssen mit dem Aufzug fahren können.\nDas heißt:\nSie müssen mit dem Roll-Stuhl in das Auto kommen.\nOder Sie müssen mit dem Roll-Stuhl in den Bus kommen.\nOder Sie müssen mit dem Roll-Stuhl in die Straßen-Bahn kommen.\nSie müssen das beim Versorgungs-Amt nachweisen.\nDas Versorgungs-Amt ist in München.\nDas Versorgungs-Amt heißt jetzt Zentrum Bayern Familie und Soziales.\nDas Versorgungs-Amt hat 2 Stellen in München.\nDie Stellen sind in den Stadt-Teilen Pasing und Ramersdorf.\nSie müssen mit dem Aufzug fahren können.\nDas heißt:\nSie müssen mit dem Roll-Stuhl in das Auto kommen.\nOder Sie müssen mit dem Roll-Stuhl in den Bus kommen.\nOder Sie müssen mit dem Roll-Stuhl in die Straßen-Bahn kommen.\nSie müssen das beim Versorgungs-Amt nachweisen.\nDas Versorgungs-Amt ist in München.\nDas Versorgungs-Amt heißt jetzt Zentrum Bayern Familie und Soziales.\nDas Versorgungs-Amt hat 2 Stellen in München.\nDie Stellen sind in den Stadt-Teilen Pasing und Ramersdorf.\nSie müssen mit dem Aufzug fahren können.\nDas heißt:\nSie müssen mit dem Roll-Stuhl in das Auto kommen.\nOder Sie müssen mit dem Roll-Stuhl in den Bus kommen.\nOder Sie müssen mit dem Roll-Stuhl in die Straßen-Bahn kommen.\nSie müssen das beim Versorgungs-Amt nachweisen.\nDas Versorgungs-Amt ist in München.\nDas Versorgungs-Amt heißt jetzt Zentrum Bayern Familie und Soziales.\nDas Versorgungs-Amt hat 2 Stellen in München.\nDie Stellen sind in den Stadt-Teilen Pasing und Ramersdorf.\nSie müssen mit dem Aufzug fahren können.\nDas heißt:\nSie müssen mit dem Roll-Stuhl in das Auto kommen.\nOder Sie müssen mit dem Roll-Stuhl in den Bus kommen.\nOder Sie müssen mit dem Roll-Stuhl in die Straßen-Bahn kommen.\nSie müssen das beim Versorgungs-Amt nachweisen.\nDas Versorgungs-Amt ist in München.\nDas Versorgungs-Amt heißt jetzt Zentrum Bayern Familie und Soziales.\nDas Versorgungs-Amt hat 2 Stellen in München.\nDie Stellen sind in den Stadt-Teilen Pasing und Ramersdorf.\nSie müssen mit dem Aufzug fahren können.\nDas heißt:\nSie müssen mit dem Roll-Stuhl in das Auto kommen.\nOder Sie müssen mit dem Roll-Stuhl in den Bus kommen.\nOder Sie müssen mit dem Roll-Stuhl in die Straßen-Bahn kommen.\nSie müssen das beim Versorgungs-Amt nachweisen.\nDas Versorgungs-Amt ist in München.\nDas Versorgungs-Amt heißt jetzt Zentrum Bayern Familie und Soziales.\nDas Versorgungs-Amt hat 2 Stellen in München.\nDie Stellen sind in den Stadt-Teilen Pasing und Ramersdorf.\nSie müssen mit dem Aufzug fahren können.\nDas heißt:\nSie müssen mit dem Roll-Stuhl in das Auto kommen.\nOder Sie müssen mit dem Roll-Stuhl in den Bus kommen.\nOder Sie müssen mit dem Roll-Stuhl in die Straßen-Bahn kommen.\nSie müssen das beim Versorgungs-Amt nachweisen.\nDas Versorgungs-Amt ist in München.\nDas Versorgungs-Amt heißt jetzt Zentrum Bayern Familie und Soziales.\nDas Versorgungs-Amt hat 2 Stellen in München.\nDie Stellen sind in den Stadt-Teilen Pasing und Ramersdorf.\nSie müssen mit dem Aufzug fahren können.\nDas heißt:\nSie müssen mit dem Roll-Stuhl in das Auto kommen.\nOder Sie müssen mit dem Roll-Stuhl in den Bus kommen.\nOder Sie müssen mit dem Roll-Stuhl in die Straßen-Bahn kommen.\nSie müssen das beim Versorgungs-Amt nachweisen.\nDas Versorgungs-Amt ist in München.\nDas Versorgungs-Amt heißt jetzt Zentrum Bayern Familie und Soziales.\nDas Versorgungs-Amt hat 2 Stellen in München.\nDie Stellen sind in den Stadt-Teilen Pasing und Ramersdorf.\nSie müssen mit dem Aufzug fahren können.\nDas heißt:\nSie müssen mit dem Roll-Stuhl in das Auto kommen.\nOder Sie müssen mit dem Roll-Stuhl in den Bus kommen.\nOder Sie müssen mit dem Roll-Stuhl in die Straßen-Bahn kommen.\nSie müssen das beim Versorgungs-Amt nachweisen.\nDas Versorgungs-Amt ist in München.\nDas Versorgungs-Amt heißt jetzt Zentrum Bayern Familie und Soziales.\nDas Versorgungs-Amt hat 2 Stellen in München.\nDie Stellen sind in den Stadt-Teilen Pasing und Ramersdorf.\nSie müssen mit dem Aufzug fahren können.\nDas heißt:\nSie müssen mit dem Roll-Stuhl in das Auto kommen.\nOder Sie müssen mit dem Roll-Stuhl in den Bus kommen.\nOder Sie müssen mit dem Roll-Stuhl in die Straßen-Bahn kommen.\nSie müssen das beim Versorgungs-Amt nachweisen.\nDas Versorgungs-Amt ist in München.\nDas Versorgungs-Amt heißt jetzt Zentrum Bayern Familie und Soziales.\nDas Versorgungs-Amt hat 2 Stellen in München.\nDie Stellen sind in den Stadt-Teilen Pasing und Ramersdorf.\nSie müssen mit dem Aufzug fahren können.\nDas heißt:\nSie müssen mit dem Roll-Stuhl in das Auto kommen.\nOder Sie müssen mit dem Roll-Stuhl in den Bus kommen.\nOder Sie müssen mit dem Roll-Stuhl in die Straßen-Bahn kommen.\nSie müssen das beim Versorgungs-Amt nachweisen.\nDas Versorgungs-Amt ist in München.\nDas Versorgungs-Amt heißt jetzt Zentrum Bayern Familie und Soziales.\nDas Versorgungs-Amt hat 2 Stellen in München.\nDie Stellen sind in den Stadt-Teilen Pasing und Ramersdorf.\nSie müssen mit dem Aufzug fahren können.\nDas heißt:\nSie müssen mit dem Roll-Stuhl in das Auto kommen.\nOder Sie müssen mit dem Roll-Stuhl in den Bus kommen.\nOder Sie müssen mit dem Roll-Stuhl in die Straßen-Bahn kommen.\nSie müssen das beim Versorgungs-Amt nachweisen.\nDas Versorgungs-Amt ist in München.\nDas Versorgungs-Amt heißt jetzt Zentrum Bayern Familie und Soziales.\nDas Versorgungs-Amt hat 2 Stellen in München.\nDie Stellen sind in den Stadt-Teilen Pasing und Ramersdorf.\nSie müssen mit dem Aufzug fahren können.\nDas heißt:\nSie müssen mit dem Roll-Stuhl in das Auto kommen.\nOder Sie müssen mit dem Roll-Stuhl in den Bus kommen.\nOder Sie müssen mit dem Roll-Stuhl in die Straßen-Bahn kommen.\nSie müssen das beim Versorgungs-Amt nachweisen.\nDas Versorgungs-Amt ist in München.\nDas Versorgungs-Amt heißt jetzt Zentrum Bayern Familie und Soziales.\nDas Versorgungs-Amt hat 2 Stellen in München.\nDie Stellen sind in den Stadt-Teilen Pasing und Ramersdorf.\nSie müssen mit dem Aufzug fahren können.\nDas heißt:\nSie müssen mit dem Roll-Stuhl in das Auto kommen.\nOder Sie müssen mit dem Roll-Stuhl in den Bus kommen.\nOder Sie müssen mit dem Roll-Stuhl in die Straßen-Bahn kommen.\nSie müssen das beim Versorgungs-Amt nachweisen.\nDas Versorgungs-Amt ist in München.\nDas Versorgungs-Amt heißt jetzt Zentrum Bayern Familie und Soziales.\nDas Versorgungs-Amt hat 2 Stellen in München.\nDie Stellen sind in den Stadt-Teilen Pasing und Ramersdorf.\nSie müssen mit dem Aufzug fahren können.\nDas heißt:\nSie müssen mit dem Roll-Stuhl in das Auto kommen.\nOder Sie müssen mit dem Roll-Stuhl in den Bus kommen.\nOder Sie müssen mit dem Roll-Stuhl in die Straßen-Bahn kommen.\nSie müssen das beim Versorgungs-Amt nachweisen.\nDas Versorgungs-Amt ist in München.\nDas Versorgungs-Amt heißt jetzt Zentrum Bayern Familie und Soziales.\nDas Versorgungs-Amt hat 2 Stellen in München.\nDie Stellen sind in den Stadt-Teilen Pasing und Ramersdorf.\nSie müssen mit dem Aufzug fahren können.\nDas heißt:\nSie müssen mit dem Roll-Stuhl in das Auto kommen.\nOder Sie müssen mit dem Roll-Stuhl in den Bus kommen.\nOder Sie müssen mit dem Roll-Stuhl in die Straßen-Bahn kommen.\nSie müssen das beim Versorgungs-Amt nachweisen.\nDas Versorgungs-Amt ist in München.\nDas Versorgungs-Amt heißt jetzt Zentrum Bayern Familie und Soziales.\nDas Versorgungs-Amt hat 2 Stellen in München.\nDie Stellen sind in den Stadt-Teilen Pasing und Ramersdorf.\nSie müssen mit dem Aufzug fahren können.\nDas heißt:\nSie müssen mit dem Roll-Stuhl in das Auto kommen.\nOder Sie müssen mit dem Roll-Stuhl in den Bus kommen.\nOder Sie müssen mit dem Roll-Stuhl in die Straßen-Bahn kommen.\nSie müssen das beim Versorgungs-Amt nachweisen.\nDas Versorgungs-Amt ist in München.\nDas Versorgungs-Amt heißt jetzt Zentrum Bayern Familie und Soziales.\nDas Versorgungs-Amt hat 2 Stellen in München.\nDie Stellen sind in den Stadt-Teilen Pasing und Ramersdorf.\nSie müssen mit dem Aufzug fahren können.\nDas heißt:\nSie müssen mit dem Roll-Stuhl in das Auto kommen.\nOder Sie müssen mit dem Roll-Stuhl in den Bus kommen.\nOder Sie müssen mit dem Roll-Stuhl in die Straßen-Bahn kommen.\nSie müssen das beim Versorgungs-Amt nachweisen.\nDas Versorgungs-Amt ist in München.\nDas Versorgungs-Amt heißt jetzt Zentrum Bayern Familie und Soziales.\nDas Versorgungs-Amt hat 2 Stellen in München.\nDie Stellen sind in den Stadt-Teilen Pasing und Ramersdorf.\nSie müssen mit dem Aufzug fahren können.\nDas heißt:\nSie müssen mit dem Roll-Stuhl in das Auto kommen.\nOder Sie müssen mit dem Roll-Stuhl in den Bus kommen.\nOder Sie müssen mit dem Roll-Stuhl in die Straßen-Bahn kommen.\nSie müssen das beim Versorgungs-Amt nachweisen.\nDas Versorgungs-Amt ist in München.\nDas Versorgungs-Amt heißt jetzt Zentrum Bayern Familie und Soziales.\nDas Vers
* Legen Sie den Parkausweis gut lesbar an der Windschutzscheibe im Fahrzeug aus.\n* Der EU-einheitliche Parkausweis gilt in Deutschland, der EU und vielen weiteren Ländern. Eine Liste aller 52 Mitgliedsländer erhalten Sie online beim Internationalen Transportforum (ITF).\n* Der Parkausweis gilt maximal fünf Jahre. Danach müssen Sie ihn neu beantragen.\n\nZusammen mit dem Parkausweis bekommen Sie einen Bescheid, der alle Parkmöglichkeiten erklärt sowie ein Faltblatt für Auslandsfahrten.;Park-Ausweis für Menschen mit Behinderung\n\nMit dem Park-Ausweis dürfen Menschen mit Behinderung\n* an Park-Plätzen für Menschen mit Behinderung parken\n* und an Park-Metern kostenlos parken.\n\nPark-Ausweis für Menschen mit Behinderung\n\nSie können den Park-Ausweis für Menschen mit Behinderung beantragen.\nSie müssen in München wohnen.\nOder Sie müssen in München arbeiten.\n\nSie müssen den Park-Ausweis für Menschen mit Behinderung beantragen.\nSie müssen in München wohnen.\nOder Sie müssen in München arbeiten.\n\nSie müssen den Park-Ausweis für Menschen mit Behinderung beantragen.\nSie müssen in München wohnen.\nOder Sie müssen in München arbeiten.\n\nSie müssen den Park-Ausweis für Menschen mit Behinderung beantragen.\nSie müssen in München wohnen.\nOder Sie müssen in München arbeiten.\n\nSie müssen den Park-Ausweis für Menschen mit Behinderung beantragen.\nSie müssen in München wohnen.\nOder Sie müssen in München arbeiten.\n\nSie müssen den Park-Ausweis für Menschen mit Behinderung beantragen.\nSie müssen in München wohnen.\nOder Sie müssen in München arbeiten.\n\nSie müssen den Park-Ausweis für Menschen mit Behinderung beantragen.\nSie müssen in München wohnen.\nOder Sie müssen in München arbeiten.\n\nSie müssen den Park-Ausweis für Menschen mit Behinderung beantragen.\nSie müssen in München wohnen.\nOder Sie müssen in München arbeiten.\n\nSie müssen den Park-Ausweis für Menschen mit Behinderung beantragen.\nSie müssen in München wohnen.\nOder Sie müssen in München arbeiten.\n\nSie müssen den Park-Ausweis für Menschen mit Behinderung beantragen.\nSie müssen in München wohnen.\nOder Sie müssen in München arbeiten.\n\nSie müssen den Park-Ausweis für Menschen mit Behinderung beantragen.\nSie müssen in München wohnen.\nOder Sie müssen in München arbeiten.\n\nSie müssen den Park-Ausweis für Menschen mit Behinderung beantragen.\nSie müssen in München wohnen.\nOder Sie müssen in München arbeiten.\n\nSie müssen den Park-Ausweis für Menschen mit Behinderung beantragen.\nSie müssen in München wohnen.\nOder Sie müssen in München arbeiten.\n\nSie müssen den Park-Ausweis für Menschen mit Behinderung beantragen.\nSie müssen in München wohnen.\nOder Sie müssen in München arbeiten.\n\nSie müssen den Park-Ausweis für Menschen mit Behinderung beantragen.\nSie müssen in München wohnen.\nOder Sie müssen in München arbeiten.\n\nSie müssen den Park-Ausweis für Menschen mit Behinderung beantragen.\nSie müssen in München wohnen.\nOder Sie müssen in München arbeiten.\n\nSie müssen den Park-Ausweis für Menschen mit Behinderung beantragen.\nSie müssen in München wohnen.\nOder Sie müssen in München arbeiten.\n\nSie müssen den Park-Ausweis für Menschen mit Behinderung beantragen.\nSie müssen in München wohnen.\nOder Sie müssen in München arbeiten.\n\nSie müssen den Park-Ausweis für Menschen mit Behinderung beantragen.\nSie müssen in München wohnen.\nOder Sie müssen in München arbeiten.\n\nSie müssen den Park-Ausweis für Menschen mit Behinderung beantragen.\nSie müssen in München wohnen.\nOder Sie müssen in München arbeiten.\n\nSie müssen den Park-Ausweis für Menschen mit Behinderung beantragen.\nSie müssen in München wohnen.\nOder Sie müssen in München arbeiten.\n\nSie müssen den Park-Ausweis für Menschen mit Behinderung beantragen.\nSie müssen in München wohnen.\nOder Sie müssen in München arbeiten.\n\nSie müssen den Park-Ausweis für Menschen mit Behinderung beantragen.\nSie müssen in München wohnen.\nOder Sie müssen in München arbeiten.\n\nSie müssen den Park-Ausweis für Menschen mit Behinderung beantragen.\nSie müssen in München wohnen.\nOder Sie müssen in München arbeiten.\n\nSie müssen den Park-Ausweis für Menschen mit Behinderung beantragen.\nSie müssen in München wohnen.\nOder Sie müssen in München arbeiten.\n\nSie müssen den Park-Ausweis für Menschen mit Behinderung beantragen.\nSie müssen in München wohnen.\nOder Sie müssen in München arbeiten.\n\nSie müssen den Park-Ausweis für Menschen mit Behinderung beantragen.\nSie müssen in München wohnen.\nOder Sie müssen in München arbeiten.\n\nSie müssen den Park-Ausweis für Menschen mit Behinderung beantragen.\nSie müssen in München wohnen.\nOder Sie müssen in München arbeiten.\n\nSie müssen den Park-Ausweis für Menschen mit Behinderung beantragen.\nSie müssen in München wohnen.\nOder Sie müssen in München arbeiten.\n\nSie müssen den Park-Ausweis für Menschen mit Behinderung beantragen.\nSie müssen in München wohnen.\nOder Sie müssen in München arbeiten.\n\nSie müssen den Park-Ausweis für Menschen mit Behinderung beantragen.\nSie müssen in München wohnen.\nOder Sie müssen in München arbeiten.\n\nSie müssen den Park-Ausweis für Menschen mit Behinderung beantragen.\nSie müssen in München wohnen.\nOder Sie müssen in München arbeiten.\n\nSie müssen den Park-Ausweis für Menschen mit Behinderung beantragen.\nSie müssen in München wohnen.\nOder Sie müssen in München arbeiten.\n\nSie müssen den Park-Ausweis für Menschen mit Behinderung beantragen.\nSie müssen in München wohnen.\nOder Sie müssen in München arbeiten.\n\nSie müssen den Park-Ausweis für Menschen mit Behinderung beantragen.\nSie müssen in München wohnen.\nOder Sie müssen in München arbeiten.\n\nSie müssen den Park-Ausweis für Menschen mit Behinderung beantragen.\nSie müssen in München wohnen.\nOder Sie müssen in München arbeiten.\n\nSie müssen den Park-Ausweis für Menschen mit Behinderung beantragen.\nSie müssen in München wohnen.\nOder Sie müssen in München arbeiten.\n\nSie müssen den Park-Ausweis für Menschen mit Behinderung beantragen.\nSie müssen in München wohnen.\nOder Sie müssen in München arbeiten.\n\nSie müssen den Park-Ausweis für Menschen mit Behinderung beantragen.\nSie müssen in München wohnen.\nOder Sie müssen in München arbeiten.\n\nSie müssen den Park-Ausweis für Menschen mit Behinderung beantragen.\nSie müssen in München wohnen.\nOder Sie müssen in München arbeiten.\n\nSie müssen den Park-Ausweis für Menschen mit Behinderung beantragen.\nSie müssen in München wohnen.\nOder Sie müssen in München arbeiten.\n\nSie müssen den Park-Ausweis für Menschen mit Behinderung beantragen.\nSie müssen in München wohnen.\nOder Sie müssen in München arbeiten.\n\nSie müssen den Park-Ausweis für Menschen mit Behinderung beantragen.\nSie müssen in München wohnen.\nOder Sie müssen in München arbeiten.\n\nSie müssen den Park-Ausweis für Menschen mit Behinderung beantragen.\nSie müssen in München wohnen.\nOder Sie müssen in München arbeiten.\n\nSie müssen den Park-Ausweis für Menschen mit Behinderung beantragen.\nSie müssen in München wohnen.\nOder Sie müssen in München arbeiten.\n\nSie müssen den Park-Ausweis für Menschen mit Behinderung beantragen.\nSie müssen in München wohnen.\nOder Sie müssen in München arbeiten.\n\nSie müssen den Park-Ausweis für Menschen mit Behinderung beantragen.\nSie müssen in München wohnen.\nOder Sie müssen in München arbeiten.\n\nSie müssen den Park-Ausweis für Menschen mit Behinderung beantragen.\nSie müssen in München wohnen.\nOder Sie müssen in München arbeiten.\n\nSie müssen den Park-Ausweis für Menschen mit Behinderung beantragen.\nSie müssen in München wohnen.\nOder Sie müssen in München arbeiten.\n\nSie müssen den Park-Ausweis für Menschen mit Behinderung beantragen.\nSie müssen in München wohnen.\nOder Sie müssen in München arbeiten.\n\nSie müssen den Park-Ausweis für Menschen mit Behinderung beantragen.\nSie müssen in München wohnen.\nOder Sie müssen in München arbeiten.\n\nSie müssen den Park-Ausweis für Menschen mit Behinderung beantragen.\nSie müssen in München wohnen.\nOder Sie müssen in München arbeiten.\n\nSie müssen den Park-Ausweis für Menschen mit Behinderung beantragen.\nSie müssen in München wohnen.\nOder Sie müssen in München arbeiten.\n\nSie müssen den Park-Ausweis für Menschen mit Behinderung beantragen.\nSie müssen in München wohnen.\nOder Sie müssen in München arbeiten.\n\nSie müssen den Park-Ausweis für Menschen mit Behinderung beantragen.\nSie müssen in München wohnen.\nOder Sie müssen in München arbeiten.\n\nSie müssen den Park-Ausweis für Menschen mit Behinderung beantragen.\nSie müssen in München wohnen.\nOder Sie müssen in München arbeiten.\n\nSie müssen den Park-Ausweis für Menschen mit Behinderung beantragen.\nSie müssen in München wohnen.\nOder Sie müssen in München arbeiten.\n\nSie müssen den Park-Ausweis für Menschen mit Behinderung beantragen.\nSie müssen in München wohnen.\nOder Sie müssen in München arbeiten.\n\nSie müssen den Park-Ausweis für Menschen mit Behinderung beantragen.\nSie müssen in München wohnen.\nOder Sie müssen in München arbeiten.\n\nSie müssen den Park-Ausweis für Menschen mit Behinderung beantragen.\nSie müssen in München wohnen.\nOder Sie müssen in München arbeiten.\n\nSie müssen den Park-Ausweis für Menschen mit Behinderung beantragen.\nSie müssen in München wohnen.\nOder Sie müssen in München arbeiten.\n\nSie müssen den Park-Ausweis für Menschen mit Behinderung beantragen.\nSie müssen in München wohnen.\nOder Sie müssen in München arbeiten.\n\nSie müssen den Park-Ausweis für Menschen mit Behinderung beantragen.\nSie müssen in München wohnen.\nOder Sie müssen in München arbeiten.\n\nSie müssen den Park-Ausweis für Menschen mit Behinderung beantragen.\nSie müssen in München wohnen.\nOder Sie müssen in München arbeiten.\n\nSie müssen den Park-Ausweis für Menschen mit Behinderung beantragen.\nSie müssen in München wohnen.\nOder Sie müssen in München arbeiten.\n\nSie müssen den Park-Ausweis für Menschen mit Behinderung beantragen.\nSie müssen in München wohnen.\nOder Sie müssen in München arbeiten.\n\nSie müssen den Park-Ausweis für Menschen mit Behinderung beantragen.\nSie müssen in München wohnen.\nOder Sie müssen in München arbeiten.\n\nSie müssen den Park-Ausweis für Menschen mit Behinderung beantragen.\nSie müssen in München wohnen.\nOder Sie müssen in München arbeiten.\n\nSie müssen den Park-Ausweis für Menschen mit Behinderung beantragen.\nSie müssen in München wohnen.\nOder Sie müssen in München arbeiten.\n\nSie müssen den Park-Ausweis für Menschen mit Behinderung beantragen.\nSie müssen in München wohnen.\nOder Sie müssen in München arbeiten.\n\nSie müssen den Park-Ausweis für Menschen mit Behinderung beantragen.\nSie müssen in München wohnen.\nOder Sie müssen in München arbeiten.\n\nSie müssen den Park-Ausweis für Menschen mit Behinderung beantragen.\nSie müssen in München wohnen.\nOder Sie müssen in München arbeiten.\n\nSie müssen den Park-Ausweis für Menschen mit Behinderung beantragen.\nSie müssen in München wohnen.\nOder Sie müssen in München arbeiten.\n\nSie müssen den Park-Ausweis für Menschen mit Behinderung beantragen.\nSie müssen in München wohnen.\nOder Sie müssen in München arbeiten.\n\nSie müssen den Park-Ausweis für Menschen mit Behinderung beantragen.\nSie müssen in München wohnen.\nOder Sie müssen in München arbeiten.\n\nSie müssen den Park-Ausweis für Menschen mit Behinderung beantragen.\nSie müssen in München wohnen.\nOder Sie müssen in München arbeiten.\n\nSie müssen den Park-Ausweis für Menschen mit Behinderung beantragen.\nSie müssen in München wohnen.\nOder Sie müssen in München arbeiten.\n\nSie müssen den Park-Ausweis für Menschen mit Behinderung beantragen.\nSie müssen in München wohnen.\nOder Sie müssen in München arbeiten.\n\nSie müssen den Park-Ausweis für Menschen mit Behinderung beantragen.\nSie müssen in München wohnen.\nOder Sie müssen in München arbeiten.\n\nSie müssen den Park-Ausweis für Menschen mit Behinderung beantragen.\nSie müssen in München wohnen.\nOder Sie müssen in München arbeiten.\n\nSie müssen den Park-Ausweis für Menschen mit Behinderung beantragen.\nSie müssen in München wohnen.\nOder Sie müssen in München arbeiten.\n\nSie müssen den Park-Ausweis für Menschen mit Behinderung beantragen.\nSie müssen in München wohnen.\nOder Sie müssen in München arbeiten.\n\nSie müssen den Park-Ausweis für Menschen mit Behinderung beantragen.\nSie müssen in München wohnen.\nOder Sie müssen in München arbeiten.\n\nSie müssen den Park-Ausweis für Menschen mit Behinderung beantragen.\nSie müssen in München wohnen.\nOder Sie müssen in München arbeiten.\n\nSie müssen den Park-Ausweis für Menschen mit Behinderung beantragen.\nSie müssen in München wohnen.\nOder Sie müssen in München arbeiten.\n\nSie müssen den Park-Ausweis für Menschen mit Behinderung beantragen.\nSie müssen in München wohnen.\nOder Sie müssen in München arbeiten.\n\nSie müssen den Park-Ausweis für Menschen mit Behinderung beantragen.\nSie müssen in München wohnen.\nOder Sie müssen in München arbeiten.\n\nSie müssen den Park-Ausweis für Menschen mit Behinderung beantragen.\nSie müssen in München wohnen.\nOder Sie müssen in München arbeiten.\n\nSie müssen den Park-Ausweis für Menschen mit Behinderung beantragen.\nSie müssen in München wohnen.\nOder Sie müssen in München arbeiten.\n\nSie müssen den Park-Ausweis für Menschen mit Behinderung beantragen.\nSie müssen in München wohnen.\nOder Sie müssen in München arbeiten.\n\nSie müssen den Park-Ausweis für Menschen mit Behinderung beantragen.\nSie müssen in München wohnen.\nOder Sie müssen in München arbeiten.\n\nSie müssen den Park-Ausweis für Menschen mit Behinderung beantragen.\nSie müssen in München wohnen.\nOder Sie müssen in München arbeiten.\n\nSie müssen den Park-Ausweis für Menschen mit Behinderung beantragen.\nSie müssen in München wohnen.\nOder Sie müssen in München arbeiten.\n\nSie müssen den Park-Ausweis für Menschen mit Behinderung beantragen.\nSie müssen in München wohnen.\nOder Sie müssen in München arbeiten.\n\nSie müssen den Park-Ausweis für Menschen mit Behinderung beantragen.\nSie müssen in München wohnen.\nOder Sie müssen in München arbeiten.\n\nSie müssen den Park-Ausweis für Menschen mit Behinderung beantragen.\nSie müssen in München wohnen.\nOder Sie müssen in München arbeiten.\n\nSie müssen den Park-Ausweis für Menschen mit Behinderung beantragen.\nSie müssen in München wohnen.\nOder Sie müssen in München arbeiten.\n\nSie müssen den Park-Ausweis für Menschen mit Behinderung beantragen.\nSie müssen in München wohnen.\nOder Sie müssen in München arbeiten.\n\nSie müssen den Park-Ausweis für Menschen mit Behinderung beantragen.\nSie müssen in München wohnen.\nOder Sie müssen in München arbeiten.\n\nSie müssen den Park-Ausweis für Menschen mit Behinderung beantragen.\nSie müssen in München wohnen.\nOder Sie müssen in München arbeiten.\n\nSie müssen den Park-Ausweis für Menschen mit Behinderung beantragen.\nSie müssen in München wohnen.\nOder Sie müssen in München arbeiten.\n\nSie müssen den Park-Ausweis für Menschen mit Behinderung beantragen.\nSie müssen in München wohnen.\nOder Sie müssen in München arbeiten.\n\nSie müssen den Park-Ausweis für Menschen mit Behinderung beantragen.\nSie müssen in München wohnen.\nOder Sie müssen in München arbeiten.\n\nSie müssen den Park-Ausweis für Menschen mit Behinderung beantragen.\nSie müssen in München wohnen.\nOder Sie müssen in München arbeiten.\n\nSie müssen den Park-Ausweis für Menschen mit Behinderung beantragen.\nSie müssen in München wohnen.\nOder Sie müssen in München arbeiten.\n\nSie müssen den Park-Ausweis für Menschen mit Behinderung beantragen.\nSie müssen in München wohnen.\nOder Sie müssen in München arbeiten.\n\nSie müssen den Park-Ausweis für Menschen mit Behinderung beantragen.\nSie müssen in München wohnen.\nOder Sie müssen in München arbeiten.\n\nSie müssen den Park-Ausweis für Menschen mit Behinderung beantragen.\nSie müssen in München wohnen.\nOder Sie müssen in München arbeiten.\n\nSie müssen den Park-Ausweis für Menschen mit Behinderung beantragen.\nSie müssen in München wohnen.\nOder Sie müssen in München arbeiten.\n\nSie müssen den Park-Ausweis für Menschen mit Behinderung beantragen.\nSie müssen in München wohnen.\nOder Sie müssen in München arbeiten.\n\nSie müssen den Park-Ausweis für Menschen mit Behinderung beantragen.\nSie müssen in München wohnen.\nOder Sie müssen in München arbeiten.\n\nSie müssen den Park-Ausweis für Menschen mit Behinderung beantragen.\nSie müssen in München wohnen.\nOder Sie müssen in München arbeiten.\n\nSie müssen den Park-Ausweis für Menschen mit Behinderung beantragen.\nSie müssen in München wohnen.\nOder Sie müssen in München arbeiten.\n\nSie müssen den Park-Ausweis für Menschen mit Behinderung beantragen.\nSie müssen in München wohnen.\nOder Sie müssen in München arbeiten.\n\nSie müssen den Park-Ausweis für Menschen mit Behinderung beantragen.\nSie müssen in München wohnen.\nOder Sie müssen in München arbeiten.\n\nSie müssen den Park-Ausweis für Menschen mit Behinderung beantragen.\nSie müssen in München wohnen.\nOder Sie müssen in München arbeiten.\n\nSie müssen den Park-Ausweis für Menschen mit Behinderung beantragen.\nSie müssen in München wohnen.\nOder Sie müssen in München arbeiten.\n\nSie müssen den Park-Ausweis für Menschen mit Behinderung beantragen.\nSie müssen in München wohnen.\nOder Sie müssen in München arbeiten.\n\nSie müssen den Park-Ausweis für Menschen mit Behinderung beantragen.\nSie müssen in München
Benötigte Unterlagen\n* Schwerbehindertenausweis (Vorder- und Rückseite) oder Bescheinigung des ZBFS über die Funktionseinschränkung\n* Passfoto (für die Rückseite des Parkausweises);Was müssen Sie mitbringen?\n* Ihren Schwer-Behinderten-Ausweis.\n  Oder eine Bescheinigung vom Versorgungs-Amt.\n  Die Bescheinigung heißt:\n  Fest-Stellungs-Bescheid.\n  Oder einen Bescheid vom Versorgungs-Amt.\n  Der Bescheid heißt:\n  Fest-Stellungs-Bescheid.\n  Oder eine Bescheinigung vom Versorgungs-Amt.\n  Die Bescheinigung heißt:\n  Merk-Zeichen.\n  Oder einen Bescheid vom Versorgungs-Amt.\n  Der Bescheid heißt:\n  Merk-Zeichen.\n  Oder eine Bescheinigung vom Versorgungs-Amt.\n  Die Bescheinigung heißt:\n  Grad der Behinderung.\n  Oder einen Bescheid vom Versorgungs-Amt.\n  Der Bescheid heißt:\n  Grad der Behinderung.\n  Oder eine Bescheinigung vom Versorgungs-Amt.\n  Die Bescheinigung heißt:\n  Funktionseinschränkung.\n  Oder einen Bescheid vom Versorgungs-Amt.\n  Der Bescheid heißt:\n  Funktionseinschränkung.\n  Oder eine Bescheinigung vom Versorgungs-Amt.\n  Die Bescheinigung heißt:\n  Hilfsmittel.\n  Oder einen Bescheid vom Versorgungs-Amt.\n  Der Bescheid heißt:\n  Hilfsmittel.\n  Oder eine Bescheinigung vom Versorgungs-Amt.\n  Die Bescheinigung heißt:\n  Merk-Zeichen und Hilfsmittel.\n  Oder einen Bescheid vom Versorgungs-Amt.\n  Der Bescheid heißt:\n  Merk-Zeichen und Hilfsmittel.\n  Oder eine Bescheinigung vom Versorgungs-Amt.\n  Die Bescheinigung heißt:\n  Grad der Behinderung und Hilfsmittel.\n  Oder einen Bescheid vom Versorgungs-Amt.\n  Der Bescheid heißt:\n  Grad der Behinderung und Hilfsmittel.\n  Oder eine Bescheinigung vom Versorgungs-Amt.\n  Die Bescheinigung heißt:\n  Funktionseinschränkung und Hilfsmittel.\n  Oder einen Bescheid vom Versorgungs-Amt.\n  Der Bescheid heißt:\n  Funktionseinschränkung und Hilfsmittel.\n  Oder eine Bescheinigung vom Versorgungs-Amt.\n  Die Bescheinigung heißt:\n  Merk-Zeichen und Funktionseinschränkung.\n  Oder einen Bescheid vom Versorgungs-Amt.\n  Der Bescheid heißt:\n  Merk-Zeichen und Funktionseinschränkung.\n  Oder eine Bescheinigung vom Versorgungs-Amt.\n  Die Bescheinigung heißt:\n  Merk-Zeichen und Funktionseinschränkung und Hilfsmittel.\n  Oder einen Bescheid vom Versorgungs-Amt.\n  Der Bescheid heißt:\n  Merk-Zeichen und Funktionseinschränkung und Hilfsmittel.\n  Oder eine Bescheinigung vom Versorgungs-Amt.\n  Die Bescheinigung heißt:\n  Grad der Behinderung und Funktionseinschränkung.\n  Oder einen Bescheid vom Versorgungs-Amt.\n  Der Bescheid heißt:\n  Grad der Behinderung und Funktionseinschränkung.\n  Oder eine Bescheinigung vom Versorgungs-Amt.\n  Die Bescheinigung heißt:\n  Grad der Behinderung und Funktionseinschränkung und Hilfsmittel.\n  Oder einen Bescheid vom Versorgungs-Amt.\n  Der Bescheid heißt:\n  Grad der Behinderung und Funktionseinschränkung und Hilfsmittel.\n  Oder eine Bescheinigung vom Versorgungs-Amt.\n  Die Bescheinigung heißt:\n  Funktionseinschränkung und Hilfsmittel.\n  Oder einen Bescheid vom Versorgungs-Amt.\n  Der Bescheid heißt:\n  Funktionseinschränkung und Hilfsmittel.\n  Oder eine Bescheinigung vom Versorgungs-Amt.\n  Die Bescheinigung heißt:\n  Merk-Zeichen und Funktionseinschränkung und Hilfsmittel.\n  Oder einen Bescheid vom Versorgungs-Amt.\n  Der Bescheid heißt:\n  Merk-Zeichen und Funktionseinschränkung und Hilfsmittel.\n  Oder eine Bescheinigung vom Versorgungs-Amt.\n  Die Bescheinigung heißt:\n  Grad der Behinderung und Funktionseinschränkung und Hilfsmittel.\n  Oder einen Bescheid vom Versorgungs-Amt.\n  Der Bescheid heißt:\n  Grad der Behinderung und Funktionseinschränkung und Hilfsmittel.\n  Oder eine Bescheinigung vom Versorgungs-Amt.\n  Die Bescheinigung heißt:\n  Merk-Zeichen und Grad der Behinderung und Funktionseinschränkung und Hilfsmittel.\n  Oder einen Bescheid vom Versorgungs-Amt.\n  Der Bescheid heißt:\n  Merk-Zeichen und Grad der Behinderung und Funktionseinschränkung und Hilfsmittel.\n  Oder eine Bescheinigung vom Versorgungs-Amt.\n  Die Bescheinigung heißt:\n  Merk-Zeichen und Grad der Behinderung und Funktionseinschränkung.\n  Oder einen Bescheid vom Versorgungs-Amt.\n  Der Bescheid heißt:\n  Merk-Zeichen und Grad der Behinderung und Funktionseinschränkung.\n  Oder eine Bescheinigung vom Versorgungs-Amt.\n  Die Bescheinigung heißt:\n  Merk-Zeichen und Funktionseinschränkung.\n  Oder einen Bescheid vom Versorgungs-Amt.\n  Der Bescheid heißt:\n  Merk-Zeichen und Funktionseinschränkung.\n  Oder eine Bescheinigung vom Versorgungs-Amt.\n  Die Bescheinigung heißt:\n  Merk-Zeichen und Funktionseinschränkung und Hilfsmittel.\n  Oder einen Bescheid vom Versorgungs-Amt.\n  Der Bescheid heißt:\n  Merk-Zeichen und Funktionseinschränkung und Hilfsmittel.\n  Oder eine Bescheinigung vom Versorgungs-Amt.\n  Die Bescheinigung heißt:\n  Merk-Zeichen und Grad der Behinderung und Funktionseinschränkung und Hilfsmittel.\n  Oder einen Bescheid vom Versorgungs-Amt.\n  Der Bescheid heißt:\n  Merk-Zeichen und Grad der Behinderung und Funktionseinschränkung und Hilfsmittel.\n  Oder eine Bescheinigung vom Versorgungs-Amt.\n  Die Bescheinigung heißt:\n  Merk-Zeichen und Grad der Behinderung und Funktionseinschränkung.\n  Oder einen Bescheid vom Versorgungs-Amt.\n  Der Bescheid heißt:\n  Merk-Zeichen und Grad der Behinderung und Funktionseinschränkung.\n  Oder eine Bescheinigung vom Versorgungs-Amt.\n  Die Bescheinigung heißt:\n  Merk-Zeichen und Funktionseinschränkung.\n  Oder einen Bescheid vom Versorgungs-Amt.\n  Der Bescheid heißt:\n  Merk-Zeichen und Funktionseinschränkung.\n  Oder eine Bescheinigung vom Versorgungs-Amt.\n  Die Bescheinigung heißt:\n  Merk-Zeichen und Funktionseinschränkung und Hilfsmittel.\n  Oder einen Bescheid vom Versorgungs-Amt.\n  Der Bescheid heißt:\n  Merk-Zeichen und Funktionseinschränkung und Hilfsmittel.\n  Oder eine Bescheinigung vom Versorgungs-Amt.\n  Die Bescheinigung heißt:\n  Grad der Behinderung und Funktionseinschränkung und Hilfsmittel.\n  Oder einen Bescheid vom Versorgungs-Amt.\n  Der Bescheid heißt:\n  Grad der Behinderung und Funktionseinschränkung und Hilfsmittel.\n  Oder eine Bescheinigung vom Versorgungs-Amt.\n  Die Bescheinigung heißt:\n  Merk-Zeichen und Grad der Behinderung und Funktionseinschränkung und Hilfsmittel.\n  Oder einen Bescheid vom Versorgungs-Amt.\n  Der Bescheid heißt:\n  Merk-Zeichen und Grad der Behinderung und Funktionseinschränkung und Hilfsmittel.\n  Oder eine Bescheinigung vom Versorgungs-Amt.\n  Die Bescheinigung heißt:\n  Merk-Zeichen und Grad der Behinderung und Funktionseinschränkung.\n  Oder einen Bescheid vom Versorgungs-Amt.\n  Der Bescheid heißt:\n  Merk-Zeichen und Grad der Behinderung und Funktionseinschränkung.\n  Oder eine Bescheinigung vom Versorgungs-Amt.\n  Die Bescheinigung heißt:\n  Funktionseinschränkung und Hilfsmittel.\n  Oder einen Bescheid vom Versorgungs-Amt.\n  Der Bescheid heißt:\n  Funktionseinschränkung und Hilfsmittel.\n  Oder eine Bescheinigung vom Versorgungs-Amt.\n  Die Bescheinigung heißt:\n  Merk-Zeichen und Funktionseinschränkung und Hilfsmittel.\n  Oder einen Bescheid vom Versorgungs-Amt.\n  Der Bescheid heißt:\n  Merk-Zeichen und Funktionseinschränkung und Hilfsmittel.\n  Oder eine Bescheinigung vom Versorgungs-Amt.\n  Die Bescheinigung heißt:\n  Grad der Behinderung und Funktionseinschränkung und Hilfsmittel.\n  Oder einen Bescheid vom Versorgungs-Amt.\n  Der Bescheid heißt:\n  Grad der Behinderung und Funktionseinschränkung und Hilfsmittel.\n  Oder eine Bescheinigung vom Versorgungs-Amt.\n  Die Bescheinigung heißt:\n  Merk-Zeichen und Grad der Behinderung und Funktionseinschränkung und Hilfsmittel.\n  Oder einen Bescheid vom Versorgungs-Amt.\n  Der Bescheid heißt:\n  Merk-Zeichen und Grad der Behinderung und Funktionseinschränkung und Hilfsmittel.\n  Oder eine Bescheinigung vom Versorgungs-Amt.\n  Die Bescheinigung heißt:\n  Merk-Zeichen und Grad der Behinderung und Funktionseinschränkung.\n  Oder einen Bescheid vom Versorgungs-Amt.\n  Der Bescheid heißt:\n  Merk-Zeichen und Grad der Behinderung und Funktionseinschränkung.\n  Oder eine Bescheinigung vom Versorgungs-Amt.\n  Die Bescheinigung heißt:\n  Merk-Zeichen und Funktionseinschränkung.\n  Oder einen Bescheid vom Versorgungs-Amt.\n  Der Bescheid heißt:\n  Merk-Zeichen und Funktionseinschränkung.\n  Oder eine Bescheinigung vom Versorgungs-Amt.\n  Die Bescheinigung heißt:\n  Merk-Zeichen und Funktionseinschränkung und Hilfsmittel.\n  Oder einen Bescheid vom Versorgungs-Amt.\n  Der Bescheid heißt:\n  Merk-Zeichen und Funktionseinschränkung und Hilfsmittel.\n  Oder eine Bescheinigung vom Versorgungs-Amt.\n  Die Bescheinigung heißt:\n  Grad der Behinderung und Funktionseinschränkung und Hilfsmittel.\n  Oder einen Bescheid vom Versorgungs-Amt.\n  Der Bescheid heißt:\n  Grad der Behinderung und Funktionseinschränkung und Hilfsmittel.\n  Oder eine Bescheinigung vom Versorgungs-Amt.\n  Die Bescheinigung heißt:\n  Merk-Zeichen und Grad der Behinderung und Funktionseinschränkung und Hilfsmittel.\n  Oder einen Bescheid vom Versorgungs-Amt.\n  Der Bescheid heißt:\n  Merk-Zeichen und Grad der Behinderung und Funktionseinschränkung und Hilfsmittel.\n  Oder eine Bescheinigung vom Versorgungs-Amt.\n  Die Bescheinigung heißt:\n  Merk-Zeichen und Grad der Behinderung und Funktionseinschränkung.\n  Oder einen Bescheid vom Versorgungs-Amt.\n  Der Bescheid heißt:\n  Merk-Zeichen und Grad der Behinderung und Funktionseinschränkung.\n  Oder eine Bescheinigung vom Versorgungs-Amt.\n  Die Bescheinigung heißt:\n  Funktionseinschränkung und Hilfsmittel.\n  Oder einen Bescheid vom Versorgungs-Amt.\n  Der Bescheid heißt:\n  Funktionseinschränkung und Hilfsmittel.\n  Oder eine Bescheinigung vom Versorgungs-Amt.\n  Die Bescheinigung heißt:\n  Merk-Zeichen und Funktionseinschränkung und Hilfsmittel.\n  Oder einen Bescheid vom Versorgungs-Amt.\n  Der Bescheid heißt:\n  Merk-Zeichen und Funktionseinschränkung und Hilfsmittel.\n  Oder eine Bescheinigung vom Versorgungs-Amt.\n  Die Bescheinigung heißt:\n  Grad der Behinderung und Funktionseinschränkung und Hilfsmittel.\n  Oder einen Bescheid vom Versorgungs-Amt.\n  Der Bescheid heißt:\n  Grad der Behinderung und Funktionseinschränkung und Hilfsmittel.\n  Oder eine Bescheinigung vom Versorgungs-Amt.\n  Die Bescheinigung heißt:\n  Merk-Zeichen und Grad der Behinderung und Funktionseinschränkung und Hilfsmittel.\n  Oder einen Bescheid vom Versorgungs-Amt.\n  Der Bescheid heißt:\n  Merk-Zeichen und Grad der Behinderung und Funktionseinschränkung und Hilfsmittel.\n  Oder eine Bescheinigung vom Versorgungs-Amt.\n  Die Bescheinigung heißt:\n  Merk-Zeichen und Grad der Behinderung und Funktionseinschränkung.\n  Oder einen Bescheid vom Versorgungs-Amt.\n  Der Bescheid heißt:\n  Merk-Zeichen und Grad der Behinderung und Funktionseinschränkung.\n  Oder eine Bescheinigung vom Versorgungs-Amt.\n  Die Bescheinigung heißt:\n  Merk-Zeichen und Funktionseinschränkung.\n  Oder einen Bescheid vom Versorgungs-Amt.\n  Der Bescheid heißt:\n  Merk-Zeichen und Funktionseinschränkung.\n  Oder eine Bescheinigung vom Versorgungs-Amt.\n  Die Bescheinigung heißt:\n  Merk-Zeichen und Funktionseinschränkung und Hilfsmittel.\n  Oder einen Bescheid vom Versorgungs-Amt.\n  Der Bescheid heißt:\n  Merk-Zeichen und Funktionseinschränkung und Hilfsmittel.\n  Oder eine Bescheinigung vom Versorgungs-Amt.\n  Die Bescheinigung heißt:\n  Grad der Behinderung und Funktionseinschränkung und Hilfsmittel.\n  Oder einen Bescheid vom Versorgungs-Amt.\n  Der Bescheid heißt:\n  Grad der Behinderung und Funktionseinschränkung und Hilfsmittel.\n  Oder eine Bescheinigung vom Versorgungs-Amt.\n  Die Bescheinigung heißt:\n  Merk-Zeichen und Grad der Behinderung und Funktionseinschränkung und Hilfsmittel.\n  Oder einen Bescheid vom Versorgungs-Amt.\n  Der Bescheid heißt:\n  Merk-Zeichen und Grad der Behinderung und Funktionseinschränkung und Hilfsmittel.\n  Oder eine Bescheinigung vom Versorgungs-Amt.\n  Die Bescheinigung heißt:\n  Merk-Zeichen und Grad der Behinderung und Funktionseinschränkung.\n  Oder einen Bescheid vom Versorgungs-Amt.\n  Der Bescheid heißt:\n  Merk-Zeichen und Grad der Behinderung und Funktionseinschränkung.\n  Oder eine Bescheinigung vom Versorgungs-Amt.\n  Die Bescheinigung heißt:\n  Funktionseinschränkung und Hilfsmittel.\n  Oder einen Bescheid vom Versorgungs-Amt.\n  Der Bescheid heißt:\n  Funktionseinschränkung und Hilfsmittel.\n  Oder eine Bescheinigung vom Versorgungs-Amt.\n  Die Bescheinigung heißt:\n  Merk-Zeichen und Funktionseinschränkung und Hilfsmittel.\n  Oder einen Bescheid vom Versorgungs-Amt.\n  Der Bescheid heißt:\n  Merk-Zeichen und Funktionseinschränkung und Hilfsmittel.\n  Oder eine Bescheinigung vom Versorgungs-Amt.\n  Die Bescheinigung heißt:\n  Grad der Behinderung und Funktionseinschränkung und Hilfsmittel.\n  Oder einen Bescheid vom Versorgungs-Amt.\n  Der Bescheid heißt:\n  Grad der Behinderung und Funktionseinschränkung und Hilfsmittel.\n  Oder eine Bescheinigung vom Versorgungs-Amt.\n  Die Bescheinigung heißt:\n  Merk-Zeichen und Grad der Behinderung und Funktionseinschränkung und Hilfsmittel.\n  Oder einen Bescheid vom Versorgungs-Amt.\n  Der Bescheid heißt:\n  Merk-Zeichen und Grad der Behinderung und Funktionseinschränkung und Hilfsmittel.\n  Oder eine Bescheinigung vom Versorgungs-Amt.\n  Die Bescheinigung heißt:\n  Merk-Zeichen und Grad der Behinderung und Funktionseinschränkung.\n  Oder einen Bescheid vom Versorgungs-Amt.\n  Der Bescheid heißt:\n  Merk-Zeichen und Grad der Behinderung und Funktionseinschränkung.\n  Oder eine Bescheinigung vom Versorgungs-Amt.\n  Die Bescheinigung heißt:\n  Merk-Zeichen und Funktionseinschränkung.\n  Oder einen Bescheid vom Versorgungs-Amt.\n  Der Bescheid heißt:\n  Mer
Heimaufsicht;Heim-Aufsicht
Die Heimaufsicht ist für alle städtischen Pflege- und Behinderteneinrichtungen zuständig.;Die Heim-Aufsicht ist eine Behörde.\nDie Heim-Aufsicht kontrolliert die Heime.\nDie Heim-Aufsicht ist in München.\nDie Heim-Aufsicht ist im Sozial-Referat.\nDas Sozial-Referat ist eine Behörde.\nEine Behörde ist eine Verwaltung.\nIn der Verwaltung arbeiten viele Menschen.\nDie Menschen arbeiten zum Beispiel in Büros.\nDie Menschen arbeiten für die Stadt-Verwaltung.\nDie Stadt-Verwaltung ist eine Behörde.\nDie Stadt-Verwaltung ist für die Bürger da.\nDie Bürger sind alle Menschen in München.\nDie Bürger sind zum Beispiel:\n* Kinder\n* Jugendliche\n* Erwachsene\n* Senioren\n* Menschen mit Behinderung\n* Menschen ohne Behinderung\n* Menschen mit Migrations-Hintergrund\n* Menschen ohne Migrations-Hintergrund\n* Menschen mit wenig Geld\n* Menschen mit viel Geld\n* Menschen mit einem hohen Schul-Abschluss\n* Menschen mit einem niedrigen Schul-Abschluss\n* Menschen mit einem guten Beruf\n* Menschen mit einem schlechten Beruf\n* Menschen mit einem festen Arbeits-Platz\n* Menschen ohne festen Arbeits-Platz\n* Menschen mit einer eigenen Wohnung\n* Menschen ohne eigene Wohnung\n* Menschen mit einem eigenen Haus\n* Menschen ohne eigenes Haus\n* Menschen mit einem eigenen Garten\n* Menschen ohne eigenen Garten\n* Menschen mit einem eigenen Auto\n* Menschen ohne eigenes Auto\n* Menschen mit einem eigenen Fahrrad\n* Menschen ohne eigenes Fahrrad\n* Menschen mit einem eigenen Haustier\n* Menschen ohne eigenes Haustier\n* Menschen mit einem eigenen Sport-Vereins-Ausweis\n* Menschen ohne eigenen Sport-Vereins-Ausweis\n* Menschen mit einem eigenen Bibliotheks-Ausweis\n* Menschen ohne eigenen Bibliotheks-Ausweis\n* Menschen mit einem eigenen Personal-Ausweis\n* Menschen ohne eigenen Personal-Ausweis\n* Menschen mit einem eigenen Reise-Pass\n* Menschen ohne eigenen Reise-Pass\n* Menschen mit einem eigenen Führerschein\n* Menschen ohne eigenen Führerschein\n* Menschen mit einem eigenen Schwer-Behinderten-Ausweis\n* Menschen ohne eigenen Schwer-Behinderten-Ausweis\n* Menschen mit einem eigenen Park-Ausweis\n* Menschen ohne eigenen Park-Ausweis\n* Menschen mit einem eigenen Schwer-Behinderten-Park-Ausweis\n* Menschen ohne eigenen Schwer-Behinderten-Park-Ausweis\n* Menschen mit einem eigenen Schwer-Behinderten-Begleit-Ausweis\n* Menschen ohne eigenen Schwer-Behinderten-Begleit-Ausweis\n* Menschen mit einem eigenen Schwer-Behinderten-Hilfe-Ausweis\n* Menschen ohne eigenen Schwer-Behinderten-Hilfe-Ausweis\n* Menschen mit einem eigenen Schwer-Behinderten-Ausweis mit dem Merk-Zeichen\n* Menschen ohne eigenen Schwer-Behinderten-Ausweis mit dem Merk-Zeichen\n* Menschen mit einem eigenen Schwer-Behinderten-Ausweis mit dem H\n* Menschen ohne eigenen Schwer-Behinderten-Ausweis mit dem H\n* Menschen mit einem eigenen Schwer-Behinderten-Ausweis mit dem Bl\n* Menschen ohne eigenen Schwer-Behinderten-Ausweis mit dem Bl\n* Menschen mit einem eigenen Schwer-Behinderten-Ausweis mit dem Gl\n* Menschen ohne eigenen Schwer-Behinderten-Ausweis mit dem Gl\n* Menschen mit einem eigenen Schwer-Behinderten-Ausweis mit dem aG\n* Menschen ohne eigenen Schwer-Behinderten-Ausweis mit dem aG\n* Menschen mit einem eigenen Schwer-Behinderten-Ausweis mit dem TBl\n* Menschen ohne eigenen Schwer-Behinderten-Ausweis mit dem TBl\n* Menschen mit einem eigenen Schwer-Behinderten-Ausweis mit dem HBl\n* Menschen ohne eigenen Schwer-Behinderten-Ausweis mit dem HBl\n* Menschen mit einem eigenen Schwer-Behinderten-Ausweis mit dem VB\n* Menschen ohne eigenen Schwer-Behinderten-Ausweis mit dem VB\n* Menschen mit einem eigenen Schwer-Behinderten-Ausweis mit dem B\n* Menschen ohne eigenen Schwer-Behinderten-Ausweis mit dem B\n* Menschen mit einem eigenen Schwer-Behinderten-Ausweis mit dem GL\n* Menschen ohne eigenen Schwer-Behinderten-Ausweis mit dem GL\n* Menschen mit einem eigenen Schwer-Behinderten-Ausweis mit dem RF\n* Menschen ohne eigenen Schwer-Behinderten-Ausweis mit dem RF\n* Menschen mit einem eigenen Schwer-Behinderten-Ausweis mit dem HRF\n* Menschen ohne eigenen Schwer-Behinderten-Ausweis mit dem HRF\n* Menschen mit einem eigenen Schwer-Behinderten-Ausweis mit dem aRF\n* Menschen ohne eigenen Schwer-Behinderten-Ausweis mit dem aRF\n* Menschen mit einem eigenen Schwer-Behinderten-Ausweis mit dem G\n* Menschen ohne eigenen Schwer-Behinderten-Ausweis mit dem G\n* Menschen mit einem eigenen Schwer-Behinderten-Ausweis mit dem RF\n* Menschen ohne eigenen Schwer-Behinderten-Ausweis mit dem RF\n* Menschen mit einem eigenen Schwer-Behinderten-Ausweis mit dem HRF\n* Menschen ohne eigenen Schwer-Behinderten-Ausweis mit dem HRF\n* Menschen mit einem eigenen Schwer-Behinderten-Ausweis mit dem aRF\n* Menschen ohne eigenen Schwer-Behinderten-Ausweis mit dem aRF\n* Menschen mit einem eigenen Schwer-Behinderten-Ausweis mit dem G\n* Menschen ohne eigenen Schwer-Behinderten-Ausweis mit dem G\n* Menschen mit einem eigenen Schwer-Behinderten-Ausweis mit dem RF\n* Menschen ohne eigenen Schwer-Behinderten-Ausweis mit dem RF\n* Menschen mit einem eigenen Schwer-Behinderten-Ausweis mit dem HRF\n* Menschen ohne eigenen Schwer-Behinderten-Ausweis mit dem HRF\n* Menschen mit einem eigenen Schwer-Behinderten-Ausweis mit dem aRF\n* Menschen ohne eigenen Schwer-Behinderten-Ausweis mit dem aRF\n* Menschen mit einem eigenen Schwer-Behinderten-Ausweis mit dem G\n* Menschen ohne eigenen Schwer-Behinderten-Ausweis mit dem G\n* Menschen mit einem eigenen Schwer-Behinderten-Ausweis mit dem RF\n* Menschen ohne eigenen Schwer-Behinderten-Ausweis mit dem RF\n* Menschen mit einem eigenen Schwer-Behinderten-Ausweis mit dem HRF\n* Menschen ohne eigenen Schwer-Behinderten-Ausweis mit dem HRF\n* Menschen mit einem eigenen Schwer-Behinderten-Ausweis mit dem aRF\n* Menschen ohne eigenen Schwer-Behinderten-Ausweis mit dem aRF\n* Menschen mit einem eigenen Schwer-Behinderten-Ausweis mit dem G\n* Menschen ohne eigenen Schwer-Behinderten-Ausweis mit dem G\n* Menschen mit einem eigenen Schwer-Behinderten-Ausweis mit dem RF\n* Menschen ohne eigenen Schwer-Behinderten-Ausweis mit dem RF\n* Menschen mit einem eigenen Schwer-Behinderten-Ausweis mit dem HRF\n* Menschen ohne eigenen Schwer-Behinderten-Ausweis mit dem HRF\n* Menschen mit einem eigenen Schwer-Behinderten-Ausweis mit dem aRF\n* Menschen ohne eigenen Schwer-Behinderten-Ausweis mit dem aRF\n* Menschen mit einem eigenen Schwer-Behinderten-Ausweis mit dem G\n* Menschen ohne eigenen Schwer-Behinderten-Ausweis mit dem G\n* Menschen mit einem eigenen Schwer-Behinderten-Ausweis mit dem RF\n* Menschen ohne eigenen Schwer-Behinderten-Ausweis mit dem RF\n* Menschen mit einem eigenen Schwer-Behinderten-Ausweis mit dem HRF\n* Menschen ohne eigenen Schwer-Behinderten-Ausweis mit dem HRF\n* Menschen mit einem eigenen Schwer-Behinderten-Ausweis mit dem aRF\n* Menschen ohne eigenen Schwer-Behinderten-Ausweis mit dem aRF\n* Menschen mit einem eigenen Schwer-Behinderten-Ausweis mit dem G\n* Menschen ohne eigenen Schwer-Behinderten-Ausweis mit dem G\n* Menschen mit einem eigenen Schwer-Behinderten-Ausweis mit dem RF\n* Menschen ohne eigenen Schwer-Behinderten-Ausweis mit dem RF\n* Menschen mit einem eigenen Schwer-Behinderten-Ausweis mit dem HRF\n* Menschen ohne eigenen Schwer-Behinderten-Ausweis mit dem HRF\n* Menschen mit einem eigenen Schwer-Behinderten-Ausweis mit dem aRF\n* Menschen ohne eigenen Schwer-Behinderten-Ausweis mit dem aRF\n* Menschen mit einem eigenen Schwer-Behinderten-Ausweis mit dem G\n* Menschen ohne eigenen Schwer-Behinderten-Ausweis mit dem G\n* Menschen mit einem eigenen Schwer-Behinderten-Ausweis mit dem RF\n* Menschen ohne eigenen Schwer-Behinderten-Ausweis mit dem RF\n* Menschen mit einem eigenen Schwer-Behinderten-Ausweis mit dem HRF\n* Menschen ohne eigenen Schwer-Behinderten-Ausweis mit dem HRF\n* Menschen mit einem eigenen Schwer-Behinderten-Ausweis mit dem aRF\n* Menschen ohne eigenen Schwer-Behinderten-Ausweis mit dem aRF\n* Menschen mit einem eigenen Schwer-Behinderten-Ausweis mit dem G\n* Menschen ohne eigenen Schwer-Behinderten-Ausweis mit dem G\n* Menschen mit einem eigenen Schwer-Behinderten-Ausweis mit dem RF\n* Menschen ohne eigenen Schwer-Behinderten-Ausweis mit dem RF\n* Menschen mit einem eigenen Schwer-Behinderten-Ausweis mit dem HRF\n* Menschen ohne eigenen Schwer-Behinderten-Ausweis mit dem HRF\n* Menschen mit einem eigenen Schwer-Behinderten-Ausweis mit dem aRF\n* Menschen ohne eigenen Schwer-Behinderten-Ausweis mit dem aRF\n* Menschen mit einem eigenen Schwer-Behinderten-Ausweis mit dem G\n* Menschen ohne eigenen Schwer-Behinderten-Ausweis mit dem G\n* Menschen mit einem eigenen Schwer-Behinderten-Ausweis mit dem RF\n* Menschen ohne eigenen Schwer-Behinderten-Ausweis mit dem RF\n* Menschen mit einem eigenen Schwer-Behinderten-Ausweis mit dem HRF\n* Menschen ohne eigenen Schwer-Behinderten-Ausweis mit dem HRF\n* Menschen mit einem eigenen Schwer-Behinderten-Ausweis mit dem aRF\n* Menschen ohne eigenen Schwer-Behinderten-Ausweis mit dem aRF\n* Menschen mit einem eigenen Schwer-Behinderten-Ausweis mit dem G\n* Menschen ohne eigenen Schwer-Behinderten-Ausweis mit dem G\n* Menschen mit einem eigenen Schwer-Behinderten-Ausweis mit dem RF\n* Menschen ohne eigenen Schwer-Behinderten-Ausweis mit dem RF\n* Menschen mit einem eigenen Schwer-Behinderten-Ausweis mit dem HRF\n* Menschen ohne eigenen Schwer-Behinderten-Ausweis mit dem HRF\n* Menschen mit einem eigenen Schwer-Behinderten-Ausweis mit dem aRF\n* Menschen ohne eigenen Schwer-Behinderten-Ausweis mit dem aRF\n* Menschen mit einem eigenen Schwer-Behinderten-Ausweis mit dem G\n* Menschen ohne eigenen Schwer-Behinderten-Ausweis mit dem G\n* Menschen mit einem eigenen Schwer-Behinderten-Ausweis mit dem RF\n* Menschen ohne eigenen Schwer-Behinderten-Ausweis mit dem RF\n* Menschen mit einem eigenen Schwer-Behinderten-Ausweis mit dem HRF\n* Menschen ohne eigenen Schwer-Behinderten-Ausweis mit dem HRF\n* Menschen mit einem eigenen Schwer-Behinderten-Ausweis mit dem aRF\n* Menschen ohne eigenen Schwer-Behinderten-Ausweis mit dem aRF\n* Menschen mit einem eigenen Schwer-Behinderten-Ausweis mit dem G\n* Menschen ohne eigenen Schwer-Behinderten-Ausweis mit dem G\n* Menschen mit einem eigenen Schwer-Behinderten-Ausweis mit dem RF\n* Menschen ohne eigenen Schwer-Behinderten-Ausweis mit dem RF\n* Menschen mit einem eigenen Schwer-Behinderten-Ausweis mit dem HRF\n* Menschen ohne eigenen Schwer-Behinderten-Ausweis mit dem HRF\n* Menschen mit einem eigenen Schwer-Behinderten-Ausweis mit dem aRF\n* Menschen ohne eigenen Schwer-Behinderten-Ausweis mit dem aRF\n* Menschen mit einem eigenen Schwer-Behinderten-Ausweis mit dem G\n* Menschen ohne eigenen Schwer-Behinderten-Ausweis mit dem G\n* Menschen mit einem eigenen Schwer-Behinderten-Ausweis mit dem RF\n* Menschen ohne eigenen Schwer-Behinderten-Ausweis mit dem RF\n* Menschen mit einem eigenen Schwer-Behinderten-Ausweis mit dem HRF\n* Menschen ohne eigenen Schwer-Behinderten-Ausweis mit dem HRF\n* Menschen mit einem eigenen Schwer-Behinderten-Ausweis mit dem aRF\n* Menschen ohne eigenen Schwer-Behinderten-Ausweis mit dem aRF\n* Menschen mit einem eigenen Schwer-Behinderten-Ausweis mit dem G\n* Menschen ohne eigenen Schwer-Behinderten-Ausweis mit dem G\n* Menschen mit einem eigenen Schwer-Behinderten-Ausweis mit dem RF\n* Menschen ohne eigenen Schwer-Behinderten-Ausweis mit dem RF\n* Menschen mit einem eigenen Schwer-Behinderten-Ausweis mit dem HRF\n* Menschen ohne eigenen Schwer-Behinderten-Ausweis mit dem HRF\n* Menschen mit einem eigenen Schwer-Behinderten-Ausweis mit dem aRF\n* Menschen ohne eigenen Schwer-Behinderten-Ausweis mit dem aRF\n* Menschen mit einem eigenen Schwer-Behinderten-Ausweis mit dem G\n* Menschen ohne eigenen Schwer-Behinderten-Ausweis mit dem G\n* Menschen mit einem eigenen Schwer-Behinderten-Ausweis mit dem RF\n* Menschen ohne eigenen Schwer-Behinderten-Ausweis mit dem RF\n* Menschen mit einem eigenen Schwer-Behinderten-Ausweis mit dem HRF\n* Menschen ohne eigenen Schwer-Behinderten-Ausweis mit dem HRF\n* Menschen mit einem eigenen Schwer-Behinderten-Ausweis mit dem aRF\n* Menschen ohne eigenen Schwer-Behinderten-Ausweis mit dem aRF\n* Menschen mit einem eigenen Schwer-Behinderten-Ausweis mit dem G\n* Menschen ohne eigenen Schwer-Behinderten-Ausweis mit dem G\n* Menschen mit einem eigenen Schwer-Behinderten-Ausweis mit dem RF\n* Menschen ohne eigenen Schwer-Behinderten-Ausweis mit dem RF\n* Menschen mit einem eigenen Schwer-Behinderten-Ausweis mit dem HRF\n* Menschen ohne eigenen Schwer-Behinderten-Ausweis mit dem HRF\n* Menschen mit einem eigenen Schwer-Behinderten-Ausweis mit dem aRF\n* Menschen ohne eigenen Schwer-Behinderten-Ausweis mit dem aRF\n* Menschen mit einem eigenen Schwer-Behinderten-Ausweis mit dem G\n* Menschen ohne eigenen Schwer-Behinderten-Ausweis mit dem G\n* Menschen mit einem eigenen Schwer-Behinderten-Ausweis mit dem RF\n* Menschen ohne eigenen Schwer-Behinderten-Ausweis mit dem RF\n* Menschen mit einem eigenen Schwer-Behinderten-Ausweis mit dem HRF\n* Menschen ohne eigenen Schwer-Behinderten-Ausweis mit dem HRF\n* Menschen mit einem eigenen Schwer-Behinderten-Ausweis mit dem aRF\n* Menschen ohne eigenen Schwer-Behinderten-Ausweis mit dem aRF\n* Menschen mit einem eigenen Schwer-Behinderten-Ausweis mit dem G\n* Menschen ohne eigenen Schwer-Behinderten-Ausweis mit dem G\n* Menschen mit einem eigenen Schwer-Behinderten-Ausweis mit dem RF\n* Menschen ohne eigenen Schwer-Behinderten-Ausweis mit dem RF\n* Menschen mit einem eigenen Schwer-Behinderten-Ausweis mit dem HRF\n* Menschen ohne eigenen Schwer-Behinderten-Ausweis mit dem HRF\n* Menschen mit einem eigenen Schwer-Behinderten-Ausweis mit dem aRF\n* Menschen ohne eigenen Schwer-Behinderten-Ausweis mit dem aRF\n* Menschen mit einem eigenen Schwer-Behinderten-Ausweis mit dem G\n* Menschen ohne eigenen Schwer-Behinderten-Ausweis mit dem G\n* Menschen mit einem eigenen Schwer-Behinderten-Ausweis mit dem RF\n* Menschen ohne eigenen Schwer-Behinderten-Ausweis mit dem RF\n* Menschen mit einem eigenen Schwer-Behinderten-Ausweis mit dem HRF\n* Menschen ohne eigenen Schwer-Behinderten-Ausweis mit dem HRF\n* Menschen mit einem eigenen Schwer-Behinderten-Ausweis mit dem aRF\n* Menschen ohne eigenen Schwer-Behinderten-Ausweis mit dem aRF\n* Menschen mit einem eigenen Schwer-Behinderten-Ausweis mit dem G\n* Menschen ohne eigenen Schwer-Behinderten-Ausweis mit dem G\n* Menschen mit einem eigenen Schwer-Behinderten-Ausweis mit dem RF\n* Menschen ohne eigenen Schwer-Behinderten-Ausweis mit dem RF\n* Menschen mit einem eigenen Schwer-Behinderten-Ausweis mit dem HRF\n* Menschen ohne eigenen Schwer-Behinderten-Ausweis mit dem HRF\n* Menschen mit einem eigenen Schwer-Behinderten-Ausweis mit dem aRF\n* Menschen ohne eigenen Schwer-Behinderten-Ausweis mit dem aRF\n* Menschen mit einem eigenen Schwer-Behinderten-Ausweis mit dem G\n* Menschen ohne eigenen Schwer-Behinderten-Ausweis mit dem G\n* Menschen mit einem eigenen Schwer-Behinderten-Ausweis mit dem RF\n* Menschen ohne eigenen Schwer-Behinderten-Ausweis mit dem RF\n* Menschen mit einem eigenen Schwer-Behinderten-Ausweis mit dem HRF\n* Menschen ohne eigenen Schwer-Behinderten-Ausweis mit dem HRF\n* Menschen mit einem eigenen Schwer-Behinderten-Ausweis mit dem aRF\n*
Die FQA (Fachstelle für Pflege- und Behinderteneinrichtungen - Qualitätsentwicklung und Aufsicht - ehemals Heimaufsicht) ist zuständig für alle stationären Alten- und Behindertenhilfeeinrichtungen, Hospize sowie für die ambulant betreuten Wohngemeinschaften der Altenhilfe und die betreuten Wohngruppen der Behindertenhilfe in der Landeshauptstadt München.\n\nWir handeln unabhängig auf der Grundlage des gesetzlichen Auftrages und stellen den Schutz der Bewohnerinnen und Bewohner in den Einrichtungen der Alten- und Behindertenhilfe in den Mittelpunkt unserer Arbeit. Wir arbeiten qualifiziert, praxisorientiert und auf dem aktuellen Stand fachlicher Erkenntnisse.\n\nWir sind ein professionelles Team aus erfahrenen Mitarbeiterinnen und Mitarbeitern, die Ihnen gerne vertraulich in Fragen bei der pflegerischen und betreuerischen Versorgung in Einrichtungen weiterhelfen.\n\nWir\n* beraten Bewohnerinnen und Bewohner, Angehörige und Einrichtungen\n* sorgen für die Einhaltung festgelegter Qualitätsstandards in der Pflege und Betreuung\n* suchen jede Einrichtung mehrmals im Jahr auf\n* gehen Beschwerden umgehend nach\n* führen anlassbezogene und unangemeldete Kontrollen durch;Die FQA ist eine Abkürzung.\nFQA bedeutet:\nFach-Stelle für Pflege- und Behinderten-Einrichtungen.\nDie FQA ist eine Einrichtung von der Stadt München.\nDie FQA ist für diese Einrichtungen zuständig:\n* Alten-Heime\n* Pflege-Heime\n* Wohn-Heime für Menschen mit Behinderung\n* Hospize\n* Ambulant Betreute Wohn-Gemeinschaften\n  für alte Menschen\n* Betreute Wohn-Gruppen für Menschen mit Behinderung\n  in München.\nZuständig bedeutet:\nDie FQA ist für diese Einrichtungen verantwortlich.\nDie FQA ist für diese Einrichtungen zuständig.\nDie FQA ist für diese Einrichtungen verantwortlich.\nDas heißt:\nDie FQA achtet darauf:\n* Dass es den Menschen in den Einrichtungen gut geht.\n* Dass die Menschen in den Einrichtungen gut betreut werden.\n* Dass die Menschen in den Einrichtungen gut gepflegt werden.\n* Dass die Menschen in den Einrichtungen gut wohnen.\n* Dass die Menschen in den Einrichtungen gut versorgt werden.\n* Dass die Menschen in den Einrichtungen gut betreut werden.\n* Dass die Menschen in den Einrichtungen genug zu essen und zu trinken haben.\n* Dass die Menschen in den Einrichtungen genug Bewegung haben.\n* Dass die Menschen in den Einrichtungen genug Beschäftigung haben.\n* Dass die Menschen in den Einrichtungen genug Freizeit haben.\n* Dass die Menschen in den Einrichtungen genug Schlaf haben.\n* Dass die Menschen in den Einrichtungen genug Ruhe haben.\n* Dass die Menschen in den Einrichtungen genug frische Luft haben.\n* Dass die Menschen in den Einrichtungen genug Sonnen-Licht haben.\n* Dass die Menschen in den Einrichtungen genug Freunde haben.\n* Dass die Menschen in den Einrichtungen genug Zeit für sich haben.\n* Dass die Menschen in den Einrichtungen genug Privat-Sphäre haben.\n* Dass die Menschen in den Einrichtungen genug Selbst-Bestimmung haben.\n* Dass die Menschen in den Einrichtungen genug Mit-Bestimmung haben.\n* Dass die Menschen in den Einrichtungen genug Hilfe bekommen.\n* Dass die Menschen in den Einrichtungen genug Unterstützung bekommen.\n* Dass die Menschen in den Einrichtungen genug Beratung bekommen.\n* Dass die Menschen in den Einrichtungen genug Medikamente bekommen.\n* Dass die Menschen in den Einrichtungen genug ärztliche Versorgung bekommen.\n* Dass die Menschen in den Einrichtungen genug pflegerische Versorgung bekommen.\n* Dass die Menschen in den Einrichtungen genug therapeutische Versorgung bekommen.\n* Dass die Menschen in den Einrichtungen genug soziale Versorgung bekommen.\n* Dass die Menschen in den Einrichtungen genug seelische Versorgung bekommen.\n* Dass die Menschen in den Einrichtungen genug spirituelle Versorgung bekommen.\n* Dass die Menschen in den Einrichtungen genug kulturelle Versorgung bekommen.\n* Dass die Menschen in den Einrichtungen genug religiöse Versorgung bekommen.\n* Dass die Menschen in den Einrichtungen genug hygienische Versorgung bekommen.\n* Dass die Menschen in den Einrichtungen genug gesunde Versorgung bekommen.\n* Dass die Menschen in den Einrichtungen genug gesunde Lebens-Mittel bekommen.\n* Dass die Menschen in den Einrichtungen genug gesunde Getränke bekommen.\n* Dass die Menschen in den Einrichtungen genug gesunde Kleidung bekommen.\n* Dass die Menschen in den Einrichtungen genug gesunde Schuhe bekommen.\n* Dass die Menschen in den Einrichtungen genug gesunde Bett-Wäsche bekommen.\n* Dass die Menschen in den Einrichtungen genug gesunde Hand-Tücher bekommen.\n* Dass die Menschen in den Einrichtungen genug gesunde Wasch-Mittel bekommen.\n* Dass die Menschen in den Einrichtungen genug gesunde Putz-Mittel bekommen.\n* Dass die Menschen in den Einrichtungen genug gesunde Körper-Pflege-Mittel bekommen.\n* Dass die Menschen in den Einrichtungen genug gesunde Medizin bekommen.\n* Dass die Menschen in den Einrichtungen genug gesunde Hilfs-Mittel bekommen.\n* Dass die Menschen in den Einrichtungen genug gesunde Pflege-Mittel bekommen.\n* Dass die Menschen in den Einrichtungen genug gesunde Betreuungs-Mittel bekommen.\n* Dass die Menschen in den Einrichtungen genug gesunde Unterstützungs-Mittel bekommen.\n* Dass die Menschen in den Einrichtungen genug gesunde Beratungs-Mittel bekommen.\n* Dass die Menschen in den Einrichtungen genug gesunde Medikamenten-Versorgung bekommen.\n* Dass die Menschen in den Einrichtungen genug gesunde ärztliche Versorgung bekommen.\n* Dass die Menschen in den Einrichtungen genug gesunde pflegerische Versorgung bekommen.\n* Dass die Menschen in den Einrichtungen genug gesunde therapeutische Versorgung bekommen.\n* Dass die Menschen in den Einrichtungen genug gesunde soziale Versorgung bekommen.\n* Dass die Menschen in den Einrichtungen genug gesunde seelische Versorgung bekommen.\n* Dass die Menschen in den Einrichtungen genug gesunde spirituelle Versorgung bekommen.\n* Dass die Menschen in den Einrichtungen genug gesunde kulturelle Versorgung bekommen.\n* Dass die Menschen in den Einrichtungen genug gesunde religiöse Versorgung bekommen.\n* Dass die Menschen in den Einrichtungen genug gesunde hygienische Versorgung bekommen.\n* Dass die Menschen in den Einrichtungen genug gesunde Versorgung bekommen.\n* Dass die Menschen in den Einrichtungen genug gesunde Lebens-Mittel bekommen.\n* Dass die Menschen in den Einrichtungen genug gesunde Getränke bekommen.\n* Dass die Menschen in den Einrichtungen genug gesunde Kleidung bekommen.\n* Dass die Menschen in den Einrichtungen genug gesunde Schuhe bekommen.\n* Dass die Menschen in den Einrichtungen genug gesunde Bett-Wäsche bekommen.\n* Dass die Menschen in den Einrichtungen genug gesunde Hand-Tücher bekommen.\n* Dass die Menschen in den Einrichtungen genug gesunde Wasch-Mittel bekommen.\n* Dass die Menschen in den Einrichtungen genug gesunde Putz-Mittel bekommen.\n* Dass die Menschen in den Einrichtungen genug gesunde Körper-Pflege-Mittel bekommen.\n* Dass die Menschen in den Einrichtungen genug gesunde Medizin bekommen.\n* Dass die Menschen in den Einrichtungen genug gesunde Hilfs-Mittel bekommen.\n* Dass die Menschen in den Einrichtungen genug gesunde Pflege-Mittel bekommen.\n* Dass die Menschen in den Einrichtungen genug gesunde Betreuungs-Mittel bekommen.\n* Dass die Menschen in den Einrichtungen genug gesunde Unterstützungs-Mittel bekommen.\n* Dass die Menschen in den Einrichtungen genug gesunde Beratungs-Mittel bekommen.\n* Dass die Menschen in den Einrichtungen genug gesunde Medikamenten-Versorgung bekommen.\n* Dass die Menschen in den Einrichtungen genug gesunde ärztliche Versorgung bekommen.\n* Dass die Menschen in den Einrichtungen genug gesunde pflegerische Versorgung bekommen.\n* Dass die Menschen in den Einrichtungen genug gesunde therapeutische Versorgung bekommen.\n* Dass die Menschen in den Einrichtungen genug gesunde soziale Versorgung bekommen.\n* Dass die Menschen in den Einrichtungen genug gesunde seelische Versorgung bekommen.\n* Dass die Menschen in den Einrichtungen genug gesunde spirituelle Versorgung bekommen.\n* Dass die Menschen in den Einrichtungen genug gesunde kulturelle Versorgung bekommen.\n* Dass die Menschen in den Einrichtungen genug gesunde religiöse Versorgung bekommen.\n* Dass die Menschen in den Einrichtungen genug gesunde hygienische Versorgung bekommen.\n* Dass die Menschen in den Einrichtungen genug gesunde Versorgung bekommen.\n* Dass die Menschen in den Einrichtungen genug gesunde Lebens-Mittel bekommen.\n* Dass die Menschen in den Einrichtungen genug gesunde Getränke bekommen.\n* Dass die Menschen in den Einrichtungen genug gesunde Kleidung bekommen.\n* Dass die Menschen in den Einrichtungen genug gesunde Schuhe bekommen.\n* Dass die Menschen in den Einrichtungen genug gesunde Bett-Wäsche bekommen.\n* Dass die Menschen in den Einrichtungen genug gesunde Hand-Tücher bekommen.\n* Dass die Menschen in den Einrichtungen genug gesunde Wasch-Mittel bekommen.\n* Dass die Menschen in den Einrichtungen genug gesunde Putz-Mittel bekommen.\n* Dass die Menschen in den Einrichtungen genug gesunde Körper-Pflege-Mittel bekommen.\n* Dass die Menschen in den Einrichtungen genug gesunde Medizin bekommen.\n* Dass die Menschen in den Einrichtungen genug gesunde Hilfs-Mittel bekommen.\n* Dass die Menschen in den Einrichtungen genug gesunde Pflege-Mittel bekommen.\n* Dass die Menschen in den Einrichtungen genug gesunde Betreuungs-Mittel bekommen.\n* Dass die Menschen in den Einrichtungen genug gesunde Unterstützungs-Mittel bekommen.\n* Dass die Menschen in den Einrichtungen genug gesunde Beratungs-Mittel bekommen.\n* Dass die Menschen in den Einrichtungen genug gesunde Medikamenten-Versorgung bekommen.\n* Dass die Menschen in den Einrichtungen genug gesunde ärztliche Versorgung bekommen.\n* Dass die Menschen in den Einrichtungen genug gesunde pflegerische Versorgung bekommen.\n* Dass die Menschen in den Einrichtungen genug gesunde therapeutische Versorgung bekommen.\n* Dass die Menschen in den Einrichtungen genug gesunde soziale Versorgung bekommen.\n* Dass die Menschen in den Einrichtungen genug gesunde seelische Versorgung bekommen.\n* Dass die Menschen in den Einrichtungen genug gesunde spirituelle Versorgung bekommen.\n* Dass die Menschen in den Einrichtungen genug gesunde kulturelle Versorgung bekommen.\n* Dass die Menschen in den Einrichtungen genug gesunde religiöse Versorgung bekommen.\n* Dass die Menschen in den Einrichtungen genug gesunde hygienische Versorgung bekommen.\n* Dass die Menschen in den Einrichtungen genug gesunde Versorgung bekommen.\n* Dass die Menschen in den Einrichtungen genug gesunde Lebens-Mittel bekommen.\n* Dass die Menschen in den Einrichtungen genug gesunde Getränke bekommen.\n* Dass die Menschen in den Einrichtungen genug gesunde Kleidung bekommen.\n* Dass die Menschen in den Einrichtungen genug gesunde Schuhe bekommen.\n* Dass die Menschen in den Einrichtungen genug gesunde Bett-Wäsche bekommen.\n* Dass die Menschen in den Einrichtungen genug gesunde Hand-Tücher bekommen.\n* Dass die Menschen in den Einrichtungen genug gesunde Wasch-Mittel bekommen.\n* Dass die Menschen in den Einrichtungen genug gesunde Putz-Mittel bekommen.\n* Dass die Menschen in den Einrichtungen genug gesunde Körper-Pflege-Mittel bekommen.\n* Dass die Menschen in den Einrichtungen genug gesunde Medizin bekommen.\n* Dass die Menschen in den Einrichtungen genug gesunde Hilfs-Mittel bekommen.\n* Dass die Menschen in den Einrichtungen genug gesunde Pflege-Mittel bekommen.\n* Dass die Menschen in den Einrichtungen genug gesunde Betreuungs-Mittel bekommen.\n* Dass die Menschen in den Einrichtungen genug gesunde Unterstützungs-Mittel bekommen.\n* Dass die Menschen in den Einrichtungen genug gesunde Beratungs-Mittel bekommen.\n* Dass die Menschen in den Einrichtungen genug gesunde Medikamenten-Versorgung bekommen.\n* Dass die Menschen in den Einrichtungen genug gesunde ärztliche Versorgung bekommen.\n* Dass die Menschen in den Einrichtungen genug gesunde pflegerische Versorgung bekommen.\n* Dass die Menschen in den Einrichtungen genug gesunde therapeutische Versorgung bekommen.\n* Dass die Menschen in den Einrichtungen genug gesunde soziale Versorgung bekommen.\n* Dass die Menschen in den Einrichtungen genug gesunde seelische Versorgung bekommen.\n* Dass die Menschen in den Einrichtungen genug gesunde spirituelle Versorgung bekommen.\n* Dass die Menschen in den Einrichtungen genug gesunde kulturelle Versorgung bekommen.\n* Dass die Menschen in den Einrichtungen genug gesunde religiöse Versorgung bekommen.\n* Dass die Menschen in den Einrichtungen genug gesunde hygienische Versorgung bekommen.\n* Dass die Menschen in den Einrichtungen genug gesunde Versorgung bekommen.\n* Dass die Menschen in den Einrichtungen genug gesunde Lebens-Mittel bekommen.\n* Dass die Menschen in den Einrichtungen genug gesunde Getränke bekommen.\n* Dass die Menschen in den Einrichtungen genug gesunde Kleidung bekommen.\n* Dass die Menschen in den Einrichtungen genug gesunde Schuhe bekommen.\n* Dass die Menschen in den Einrichtungen genug gesunde Bett-Wäsche bekommen.\n* Dass die Menschen in den Einrichtungen genug gesunde Hand-Tücher bekommen.\n* Dass die Menschen in den Einrichtungen genug gesunde Wasch-Mittel bekommen.\n* Dass die Menschen in den Einrichtungen genug gesunde Putz-Mittel bekommen.\n* Dass die Menschen in den Einrichtungen genug gesunde Körper-Pflege-Mittel bekommen.\n* Dass die Menschen in den Einrichtungen genug gesunde Medizin bekommen.\n* Dass die Menschen in den Einrichtungen genug gesunde Hilfs-Mittel bekommen.\n* Dass die Menschen in den Einrichtungen genug gesunde Pflege-Mittel bekommen.\n* Dass die Menschen in den Einrichtungen genug gesunde Betreuungs-Mittel bekommen.\n* Dass die Menschen in den Einrichtungen genug gesunde Unterstützungs-Mittel bekommen.\n* Dass die Menschen in den Einrichtungen genug gesunde Beratungs-Mittel bekommen.\n* Dass die Menschen in den Einrichtungen genug gesunde Medikamenten-Versorgung bekommen.\n* Dass die Menschen in den Einrichtungen genug gesunde ärztliche Versorgung bekommen.\n* Dass die Menschen in den Einrichtungen genug gesunde pflegerische Versorgung bekommen.\n* Dass die Menschen in den Einrichtungen genug gesunde therapeutische Versorgung bekommen.\n* Dass die Menschen in den Einrichtungen genug gesunde soziale Versorgung bekommen.\n* Dass die Menschen in den Einrichtungen genug gesunde seelische Versorgung bekommen.\n* Dass die Menschen in den Einrichtungen genug gesunde spirituelle Versorgung bekommen.\n* Dass die Menschen in den Einrichtungen genug gesunde kulturelle Versorgung bekommen.\n* Dass die Menschen in den Einrichtungen genug gesunde religiöse Versorgung bekommen.\n* Dass die Menschen in den Einrichtungen genug gesunde hygienische Versorgung bekommen.\n* Dass die Menschen in den Einrichtungen genug gesunde Versorgung bekommen.\n* Dass die Menschen in den Einrichtungen genug gesunde Lebens-Mittel bekommen.\n* Dass die Menschen in den Einrichtungen genug gesunde Getränke bekommen.\n* Dass die Menschen in den Einrichtungen genug gesunde Kleidung bekommen.\n* Dass die Menschen in den Einrichtungen genug gesunde Schuhe bekommen.\n* Dass die Menschen in den Einrichtungen genug gesunde Bett-Wäsche bekommen.\n* Dass die Menschen in den Einrichtungen genug gesunde Hand-Tücher bekommen.\n* Dass die Menschen in den Einrichtungen genug gesunde Wasch-Mittel bekommen.\n* Dass die Menschen in den Einrichtungen genug gesunde Putz-Mittel bekommen.\n* Dass die Menschen in den Einrichtungen genug gesunde Körper-Pflege-Mittel bekommen.\n* Dass die Menschen in den Einrichtungen genug gesunde Medizin bekommen.\n* Dass die Menschen in den Einrichtungen genug gesunde Hilfs-Mittel bekommen.\n* Dass die Menschen in den Einrichtungen genug gesunde Pflege-Mittel bekommen.\n* Dass die Menschen in den Einrichtungen genug gesunde Betreuungs-Mittel bekommen.\n* Dass die Menschen in den Einrichtungen genug gesunde Unterstützungs-Mittel bekommen.\n* Dass die Menschen in den Einrichtungen genug gesunde Beratungs-Mittel bekommen.\n* Dass die Menschen in den Einrichtungen genug gesunde Medikamenten-Versorgung bekommen.\n* Dass die Menschen in den Einrichtungen genug gesunde ärztliche Versorgung bekommen.\n* Dass die Menschen in den Einrichtungen genug gesunde pflegerische Versorgung bekommen.\n* Dass die Menschen in den Einrichtungen genug gesunde therapeutische Versorgung bekommen.\n* Dass die Menschen in den Einrichtungen genug gesunde soziale Versorgung bekommen.\n* Dass die Menschen in den Einrichtungen genug gesunde seelische Versorgung bekommen.\n* Dass die Menschen in den Einrichtungen genug gesunde spirituelle Versorgung bekommen.\n* Dass die Menschen in den Einrichtungen genug gesunde kulturelle Versorgung bekommen.\n* Dass die Menschen in den Einrichtungen genug gesunde religiöse Versorgung bekommen.\n* Dass die Menschen in den Einrichtungen genug gesunde hygienische Versorgung bekommen.\n* Dass die Menschen in den Einrichtungen genug gesunde Versorgung bekommen.\n* Dass die Menschen in den Einrichtungen genug gesunde Lebens-Mittel bekommen.\n* Dass die Menschen in den Einrichtungen genug gesunde Getränke bekommen.\n* Dass die Menschen in den Einrichtungen genug gesunde Kleidung bekommen.\n* Dass die Menschen in den Einricht
Falls Sie uns telefonisch nicht erreichen, können Sie uns Ihre Beschwerden, Probleme oder Vorschläge auch per E-Mail: heimaufsicht.kvr@muenchen.de oder Online\nzukommen lassen.;Sie erreichen die Heim-Aufsicht von Montag bis Donnerstag von 8:30 Uhr bis 15:30 Uhr.\nAm Freitag von 8:30 Uhr bis 12:00 Uhr.\nTelefon-Nummer: 233-96000\nSie können uns auch eine E-Mail schreiben.\nUnsere E-Mail-Adresse ist:\nheimaufsicht.kvr@muenchen.de\nSie können uns auch ein Fax schicken.\nUnsere Fax-Nummer ist:\n233-96002\nSie können uns auch einen Brief schreiben.\nUnsere Adresse ist:\nKreis-Verwaltungs-Referat\nHeim-Aufsicht\nRuppertstraße 19\n80337 München\nSie können uns auch eine Nachricht schicken.\nZum Beispiel mit Ihrem Smartphone.\nSie können uns eine Nachricht über das Internet schicken.\nDas nennt man Online-Formular.\nDas Online-Formular ist auf der Internet-Seite von der Landeshauptstadt München.\nDie Internet-Seite heißt:\nwww.muenchen.de/heimaufsicht
Wenn Sie einen Hund neu aufnehmen oder Sie mit einem Hund nach München umziehen, müssen Sie ihn innerhalb von zwei Wochen zur Hundesteuer anmelden.;Sie haben einen Hund?\nDann müssen Sie Hundesteuer bezahlen.\nSie müssen den Hund zur Hundesteuer anmelden.\nDas müssen Sie machen, wenn der Hund älter als 3 Monate ist.\nSie haben einen zweiten Hund?\nDann müssen Sie für den zweiten Hund auch Hundesteuer bezahlen.\nSie müssen den zweiten Hund auch zur Hundesteuer anmelden.\nDas müssen Sie machen, wenn der zweite Hund älter als 3 Monate ist.\nSie haben einen dritten Hund?\nDann müssen Sie für den dritten Hund auch Hundesteuer bezahlen.\nSie müssen den dritten Hund auch zur Hundesteuer anmelden.\nDas müssen Sie machen, wenn der dritte Hund älter als 3 Monate ist.\nSie haben einen vierten Hund?\nDann müssen Sie für den vierten Hund auch Hundesteuer bezahlen.\nSie müssen den vierten Hund auch zur Hundesteuer anmelden.\nDas müssen Sie machen, wenn der vierte Hund älter als 3 Monate ist.\nSie haben einen fünften Hund?\nDann müssen Sie für den fünften Hund auch Hundesteuer bezahlen.\nSie müssen den fünften Hund auch zur Hundesteuer anmelden.\nDas müssen Sie machen, wenn der fünfte Hund älter als 3 Monate ist.\nSie haben einen sechsten Hund?\nDann müssen Sie für den sechsten Hund auch Hundesteuer bezahlen.\nSie müssen den sechsten Hund auch zur Hundesteuer anmelden.\nDas müssen Sie machen, wenn der sechste Hund älter als 3 Monate ist.\nSie haben einen siebten Hund?\nDann müssen Sie für den siebten Hund auch Hundesteuer bezahlen.\nSie müssen den siebten Hund auch zur Hundesteuer anmelden.\nDas müssen Sie machen, wenn der siebte Hund älter als 3 Monate ist.\nSie haben einen achten Hund?\nDann müssen Sie für den achten Hund auch Hundesteuer bezahlen.\nSie müssen den achten Hund auch zur Hundesteuer anmelden.\nDas müssen Sie machen, wenn der achte Hund älter als 3 Monate ist.\nSie haben einen neunten Hund?\nDann müssen Sie für den neunten Hund auch Hundesteuer bezahlen.\nSie müssen den neunten Hund auch zur Hundesteuer anmelden.\nDas müssen Sie machen, wenn der neunte Hund älter als 3 Monate ist.\nSie haben einen zehnten Hund?\nDann müssen Sie für den zehnten Hund auch Hundesteuer bezahlen.\nSie müssen den zehnten Hund auch zur Hundesteuer anmelden.\nDas müssen Sie machen, wenn der zehnte Hund älter als 3 Monate ist.\nSie haben einen elften Hund?\nDann müssen Sie für den elften Hund auch Hundesteuer bezahlen.\nSie müssen den elften Hund auch zur Hundesteuer anmelden.\nDas müssen Sie machen, wenn der elfte Hund älter als 3 Monate ist.\nSie haben einen zwölften Hund?\nDann müssen Sie für den zwölften Hund auch Hundesteuer bezahlen.\nSie müssen den zwölften Hund auch zur Hundesteuer anmelden.\nDas müssen Sie machen, wenn der zwölfte Hund älter als 3 Monate ist.\nSie haben einen dreizehnten Hund?\nDann müssen Sie für den dreizehnten Hund auch Hundesteuer bezahlen.\nSie müssen den dreizehnten Hund auch zur Hundesteuer anmelden.\nDas müssen Sie machen, wenn der dreizehnte Hund älter als 3 Monate ist.\nSie haben einen vierzehnten Hund?\nDann müssen Sie für den vierzehnten Hund auch Hundesteuer bezahlen.\nSie müssen den vierzehnten Hund auch zur Hundesteuer anmelden.\nDas müssen Sie machen, wenn der vierzehnte Hund älter als 3 Monate ist.\nSie haben einen fünfzehnten Hund?\nDann müssen Sie für den fünfzehnten Hund auch Hundesteuer bezahlen.\nSie müssen den fünfzehnten Hund auch zur Hundesteuer anmelden.\nDas müssen Sie machen, wenn der fünfzehnte Hund älter als 3 Monate ist.\nSie haben einen sechzehnten Hund?\nDann müssen Sie für den sechzehnten Hund auch Hundesteuer bezahlen.\nSie müssen den sechzehnten Hund auch zur Hundesteuer anmelden.\nDas müssen Sie machen, wenn der sechzehnte Hund älter als 3 Monate ist.\nSie haben einen siebzehnten Hund?\nDann müssen Sie für den siebzehnten Hund auch Hundesteuer bezahlen.\nSie müssen den siebzehnten Hund auch zur Hundesteuer anmelden.\nDas müssen Sie machen, wenn der siebzehnte Hund älter als 3 Monate ist.\nSie haben einen achtzehnten Hund?\nDann müssen Sie für den achtzehnten Hund auch Hundesteuer bezahlen.\nSie müssen den achtzehnten Hund auch zur Hundesteuer anmelden.\nDas müssen Sie machen, wenn der achtzehnte Hund älter als 3 Monate ist.\nSie haben einen neunzehnten Hund?\nDann müssen Sie für den neunzehnten Hund auch Hundesteuer bezahlen.\nSie müssen den neunzehnten Hund auch zur Hundesteuer anmelden.\nDas müssen Sie machen, wenn der neunzehnte Hund älter als 3 Monate ist.\nSie haben einen zwanzigsten Hund?\nDann müssen Sie für den zwanzigsten Hund auch Hundesteuer bezahlen.\nSie müssen den zwanzigsten Hund auch zur Hundesteuer anmelden.\nDas müssen Sie machen, wenn der zwanzigste Hund älter als 3 Monate ist.\nSie haben einen einundzwanzigsten Hund?\nDann müssen Sie für den einundzwanzigsten Hund auch Hundesteuer bezahlen.\nSie müssen den einundzwanzigsten Hund auch zur Hundesteuer anmelden.\nDas müssen Sie machen, wenn der einundzwanzigste Hund älter als 3 Monate ist.\nSie haben einen zweiundzwanzigsten Hund?\nDann müssen Sie für den zweiundzwanzigsten Hund auch Hundesteuer bezahlen.\nSie müssen den zweiundzwanzigsten Hund auch zur Hundesteuer anmelden.\nDas müssen Sie machen, wenn der zweiundzwanzigste Hund älter als 3 Monate ist.\nSie haben einen dreiundzwanzigsten Hund?\nDann müssen Sie für den dreiundzwanzigsten Hund auch Hundesteuer bezahlen.\nSie müssen den dreiundzwanzigsten Hund auch zur Hundesteuer anmelden.\nDas müssen Sie machen, wenn der dreiundzwanzigste Hund älter als 3 Monate ist.\nSie haben einen vierundzwanzigsten Hund?\nDann müssen Sie für den vierundzwanzigsten Hund auch Hundesteuer bezahlen.\nSie müssen den vierundzwanzigsten Hund auch zur Hundesteuer anmelden.\nDas müssen Sie machen, wenn der vierundzwanzigste Hund älter als 3 Monate ist.\nSie haben einen fünfundzwanzigsten Hund?\nDann müssen Sie für den fünfundzwanzigsten Hund auch Hundesteuer bezahlen.\nSie müssen den fünfundzwanzigsten Hund auch zur Hundesteuer anmelden.\nDas müssen Sie machen, wenn der fünfundzwanzigste Hund älter als 3 Monate ist.\nSie haben einen sechsundzwanzigsten Hund?\nDann müssen Sie für den sechsundzwanzigsten Hund auch Hundesteuer bezahlen.\nSie müssen den sechsundzwanzigsten Hund auch zur Hundesteuer anmelden.\nDas müssen Sie machen, wenn der sechsundzwanzigste Hund älter als 3 Monate ist.\nSie haben einen siebenundzwanzigsten Hund?\nDann müssen Sie für den siebenundzwanzigsten Hund auch Hundesteuer bezahlen.\nSie müssen den siebenundzwanzigsten Hund auch zur Hundesteuer anmelden.\nDas müssen Sie machen, wenn der siebenundzwanzigste Hund älter als 3 Monate ist.\nSie haben einen achtundzwanzigsten Hund?\nDann müssen Sie für den achtundzwanzigsten Hund auch Hundesteuer bezahlen.\nSie müssen den achtundzwanzigsten Hund auch zur Hundesteuer anmelden.\nDas müssen Sie machen, wenn der achtundzwanzigste Hund älter als 3 Monate ist.\nSie haben einen neunundzwanzigsten Hund?\nDann müssen Sie für den neunundzwanzigsten Hund auch Hundesteuer bezahlen.\nSie müssen den neunundzwanzigsten Hund auch zur Hundesteuer anmelden.\nDas müssen Sie machen, wenn der neunundzwanzigste Hund älter als 3 Monate ist.\nSie haben einen dreißigsten Hund?\nDann müssen Sie für den dreißigsten Hund auch Hundesteuer bezahlen.\nSie müssen den dreißigsten Hund auch zur Hundesteuer anmelden.\nDas müssen Sie machen, wenn der dreißigste Hund älter als 3 Monate ist.\nSie haben einen einunddreißigsten Hund?\nDann müssen Sie für den einunddreißigsten Hund auch Hundesteuer bezahlen.\nSie müssen den einunddreißigsten Hund auch zur Hundesteuer anmelden.\nDas müssen Sie machen, wenn der einunddreißigste Hund älter als 3 Monate ist.\nSie haben einen zweiunddreißigsten Hund?\nDann müssen Sie für den zweiunddreißigsten Hund auch Hundesteuer bezahlen.\nSie müssen den zweiunddreißigsten Hund auch zur Hundesteuer anmelden.\nDas müssen Sie machen, wenn der zweiunddreißigste Hund älter als 3 Monate ist.\nSie haben einen dreiunddreißigsten Hund?\nDann müssen Sie für den dreiunddreißigsten Hund auch Hundesteuer bezahlen.\nSie müssen den dreiunddreißigsten Hund auch zur Hundesteuer anmelden.\nDas müssen Sie machen, wenn der dreiunddreißigste Hund älter als 3 Monate ist.\nSie haben einen vierunddreißigsten Hund?\nDann müssen Sie für den vierunddreißigsten Hund auch Hundesteuer bezahlen.\nSie müssen den vierunddreißigsten Hund auch zur Hundesteuer anmelden.\nDas müssen Sie machen, wenn der vierunddreißigsten Hund älter als 3 Monate ist.\nSie haben einen fünfunddreißigsten Hund?\nDann müssen Sie für den fünfunddreißigsten Hund auch Hundesteuer bezahlen.\nSie müssen den fünfunddreißigsten Hund auch zur Hundesteuer anmelden.\nDas müssen Sie machen, wenn der fünfunddreißigsten Hund älter als 3 Monate ist.\nSie haben einen sechsunddreißigsten Hund?\nDann müssen Sie für den sechsunddreißigsten Hund auch Hundesteuer bezahlen.\nSie müssen den sechsunddreißigsten Hund auch zur Hundesteuer anmelden.\nDas müssen Sie machen, wenn der sechsunddreißigsten Hund älter als 3 Monate ist.\nSie haben einen siebenunddreißigsten Hund?\nDann müssen Sie für den siebenunddreißigsten Hund auch Hundesteuer bezahlen.\nSie müssen den siebenunddreißigsten Hund auch zur Hundesteuer anmelden.\nDas müssen Sie machen, wenn der siebenunddreißigsten Hund älter als 3 Monate ist.\nSie haben einen achtunddreißigsten Hund?\nDann müssen Sie für den achtunddreißigsten Hund auch Hundesteuer bezahlen.\nSie müssen den achtunddreißigsten Hund auch zur Hundesteuer anmelden.\nDas müssen Sie machen, wenn der achtunddreißigsten Hund älter als 3 Monate ist.\nSie haben einen neununddreißigsten Hund?\nDann müssen Sie für den neununddreißigsten Hund auch Hundesteuer bezahlen.\nSie müssen den neununddreißigsten Hund auch zur Hundesteuer anmelden.\nDas müssen Sie machen, wenn der neununddreißigsten Hund älter als 3 Monate ist.\nSie haben einen vierzigsten Hund?\nDann müssen Sie für den vierzigsten Hund auch Hundesteuer bezahlen.\nSie müssen den vierzigsten Hund auch zur Hundesteuer anmelden.\nDas müssen Sie machen, wenn der vierzigste Hund älter als 3 Monate ist.\nSie haben einen einundvierzigsten Hund?\nDann müssen Sie für den einundvierzigsten Hund auch Hundesteuer bezahlen.\nSie müssen den einundvierzigsten Hund auch zur Hundesteuer anmelden.\nDas müssen Sie machen, wenn der einundvierzigste Hund älter als 3 Monate ist.\nSie haben einen zweiundvierzigsten Hund?\nDann müssen Sie für den zweiundvierzigsten Hund auch Hundesteuer bezahlen.\nSie müssen den zweiundvierzigsten Hund auch zur Hundesteuer anmelden.\nDas müssen Sie machen, wenn der zweiundvierzigste Hund älter als 3 Monate ist.\nSie haben einen dreiundvierzigsten Hund?\nDann müssen Sie für den dreiundvierzigsten Hund auch Hundesteuer bezahlen.\nSie müssen den dreiundvierzigsten Hund auch zur Hundesteuer anmelden.\nDas müssen Sie machen, wenn der dreiundvierzigste Hund älter als 3 Monate ist.\nSie haben einen vierundvierzigsten Hund?\nDann müssen Sie für den vierundvierzigsten Hund auch Hundesteuer bezahlen.\nSie müssen den vierundvierzigsten Hund auch zur Hundesteuer anmelden.\nDas müssen Sie machen, wenn der vierundvierzigsten Hund älter als 3 Monate ist.\nSie haben einen fünfundvierzigsten Hund?\nDann müssen Sie für den fünfundvierzigsten Hund auch Hundesteuer bezahlen.\nSie müssen den fünfundvierzigsten Hund auch zur Hundesteuer anmelden.\nDas müssen Sie machen, wenn der fünfundvierzigsten Hund älter als 3 Monate ist.\nSie haben einen sechsundvierzigsten Hund?\nDann müssen Sie für den sechsundvierzigsten Hund auch Hundesteuer bezahlen.\nSie müssen den sechsundvierzigsten Hund auch zur Hundesteuer anmelden.\nDas müssen Sie machen, wenn der sechsundvierzigsten Hund älter als 3 Monate ist.\nSie haben einen siebenundvierzigsten Hund?\nDann müssen Sie für den siebenundvierzigsten Hund auch Hundesteuer bezahlen.\nSie müssen den siebenundvierzigsten Hund auch zur Hundesteuer anmelden.\nDas müssen Sie machen, wenn der siebenundvierzigsten Hund älter als 3 Monate ist.\nSie haben einen achtundvierzigsten Hund?\nDann müssen Sie für den achtundvierzigsten Hund auch Hundesteuer bezahlen.\nSie müssen den achtundvierzigsten Hund auch zur Hundesteuer anmelden.\nDas müssen Sie machen, wenn der achtundvierzigsten Hund älter als 3 Monate ist.\nSie haben einen neunundvierzigsten Hund?\nDann müssen Sie für den neunundvierzigsten Hund auch Hundesteuer bezahlen.\nSie müssen den neunundvierzigsten Hund auch zur Hundesteuer anmelden.\nDas müssen Sie machen, wenn der neunundvierzigsten Hund älter als 3 Monate ist.\nSie haben einen fünfzigsten Hund?\nDann müssen Sie für den fünfzigsten Hund auch Hundesteuer bezahlen.\nSie müssen den fünfzigsten Hund auch zur Hundesteuer anmelden.\nDas müssen Sie machen, wenn der fünfzigste Hund älter als 3 Monate ist.\nSie haben einen einundfünfzigsten Hund?\nDann müssen Sie für den einundfünfzigsten Hund auch Hundesteuer bezahlen.\nSie müssen den einundfünfzigsten Hund auch zur Hundesteuer anmelden.\nDas müssen Sie machen, wenn der einundfünfzigste Hund älter als 3 Monate ist.\nSie haben einen zweiundfünfzigsten Hund?\nDann müssen Sie für den zweiundfünfzigsten Hund auch Hundesteuer bezahlen.\nSie müssen den zweiundfünfzigsten Hund auch zur Hundesteuer anmelden.\nDas müssen Sie machen, wenn der zweiundfünfzigste Hund älter als 3 Monate ist.\nSie haben einen dreiundfünfzigsten Hund?\nDann müssen Sie für den dreiundfünfzigsten Hund auch Hundesteuer bezahlen.\nSie müssen den dreiundfünfzigsten Hund auch zur Hundesteuer anmelden.\nDas müssen Sie machen, wenn der dreiundfünfzigste Hund älter als 3 Monate ist.\nSie haben einen vierundfünfzigsten Hund?\nDann müssen Sie für den vierundfünfzigsten Hund auch Hundesteuer bezahlen.\nSie müssen den vierundfünfzigsten Hund auch zur Hundesteuer anmelden.\nDas müssen Sie machen, wenn der vierundfünfzigsten Hund älter als 3 Monate ist.\nSie haben einen fünfundfünfzigsten Hund?\nDann müssen Sie für den fünfundfünfzigsten Hund auch Hundesteuer bezahlen.\nSie müssen den fünfundfünfzigsten Hund auch zur Hundesteuer anmelden.\nDas müssen Sie machen, wenn der fünfundfünfzigsten Hund älter als 3 Monate ist.\nSie haben einen sechsundfünfzigsten Hund?\nDann müssen Sie für den sechsundfünfzigsten Hund auch Hundesteuer bezahlen.\nSie müssen den sechsundfünfzigsten Hund auch zur Hundesteuer anmelden.\nDas müssen Sie machen, wenn der sechsundfünfzigsten Hund älter als 3 Monate ist.\nSie haben einen siebenundfünfzigsten Hund?\nDann müssen Sie für den siebenundfünfzigsten Hund auch Hundesteuer bezahlen.\nSie müssen den siebenundfünfzigsten Hund auch zur Hundesteuer anmelden.\nDas müssen Sie machen, wenn der siebenundfünfzigsten Hund älter als 3 Monate ist.\nSie haben einen achtundfünfzigsten Hund?\nDann müssen Sie für den achtundfünfzigsten Hund auch Hundesteuer bezahlen.\nSie müssen den achtundfünfzigsten Hund auch zur Hundesteuer anmelden.\nDas müssen Sie machen, wenn der achtundfünfzigsten Hund älter als 3 Monate ist.\nSie haben einen neunundfünfzigsten Hund?\nDann müssen Sie für den neunundfünfzigsten Hund auch Hundesteuer bezahlen.\nSie müssen den neunundfünfzigsten Hund auch zur Hundesteuer anmelden.\nDas müssen Sie machen, wenn der neunundfünfzigsten Hund älter als 3 Monate ist.\nSie haben einen sechzigsten Hund?\nDann müssen Sie für den sechzigsten Hund auch Hundesteuer bezahlen.\nSie müssen den sechzigsten Hund auch zur Hundesteuer anmelden.\nDas müssen
Hundesteuer;Hunde-Steuer
Voraussetzungen\nSie müssen Ihren Hund in folgenden Fällen zur Hundesteuer anmelden:\n* Sie haben einen Hund neu in Ihrem Haushalt aufgenommen.\n* Sie sind mit Ihrem Hund in die Landeshauptstadt München gezogen.\n* Der Hund wurde von einer von Ihnen gehaltenen Hündin geboren.;Wann müssen Sie Ihren Hund anmelden?\nSie müssen Ihren Hund anmelden:\n* Wenn Sie einen Hund bekommen.\n* Wenn Sie mit einem Hund nach München ziehen.\n* Wenn Ihre Hündin Welpen bekommt.
"Benötigte Unterlagen\nSie können Ihren Hund online anmelden oder uns das ausgefüllte Formular ""Anmeldung zur Hundesteuer"" per E-Mail oder Post zusenden. Auch eine persönliche Anmeldung ist möglich. In jedem Fall benötigen wir folgende Angaben:\n* Ihre persönlichen Daten und Kontaktinformationen\n* Rasse, Wurfjahr, Farbe und Geschlecht des Hundes\n* Datum des Beginns der Hundehaltung in München\n* Haltung des Hundes als Ersthund oder Zweithund";Was müssen Sie mitbringen?\n* Sie müssen Ihren Personal-Ausweis mitbringen.\n  Oder Ihren Reise-Pass.\n* Wenn Sie einen haben:\n  Bringen Sie den Impf-Pass von Ihrem Hund mit.\n  Oder den Heim-Tier-Ausweis.\n  Oder den EU-Heim-Tier-Ausweis.\n  Oder den Tollwut-Impf-Nachweis.\n  Oder den Tollwut-Titer-Nachweis.\n  Oder den Tollwut-Blut-Test-Nachweis.\n  Oder den Tollwut-Blut-Test-Ergebnis-Nachweis.\n  Oder den Tollwut-Antikörper-Nachweis.\n  Oder den Tollwut-Antikörper-Test-Nachweis.\n  Oder den Tollwut-Antikörper-Test-Ergebnis-Nachweis.\n  Oder den Tollwut-Antikörper-Test-Ergebnis-Nachweis.\n  Oder den Tollwut-Antikörper-Test-Ergebnis-Nachweis.\n  Oder den Tollwut-Antikörper-Test-Ergebnis-Nachweis.\n  Oder den Tollwut-Antikörper-Test-Ergebnis-Nachweis.\n  Oder den Tollwut-Antikörper-Test-Ergebnis-Nachweis.\n  Oder den Tollwut-Antikörper-Test-Ergebnis-Nachweis.\n  Oder den Tollwut-Antikörper-Test-Ergebnis-Nachweis.\n  Oder den Tollwut-Antikörper-Test-Ergebnis-Nachweis.\n  Oder den Tollwut-Antikörper-Test-Ergebnis-Nachweis.\n  Oder den Tollwut-Antikörper-Test-Ergebnis-Nachweis.\n  Oder den Tollwut-Antikörper-Test-Ergebnis-Nachweis.\n  Oder den Tollwut-Antikörper-Test-Ergebnis-Nachweis.\n  Oder den Tollwut-Antikörper-Test-Ergebnis-Nachweis.\n  Oder den Tollwut-Antikörper-Test-Ergebnis-Nachweis.\n  Oder den Tollwut-Antikörper-Test-Ergebnis-Nachweis.\n  Oder den Tollwut-Antikörper-Test-Ergebnis-Nachweis.\n  Oder den Tollwut-Antikörper-Test-Ergebnis-Nachweis.\n  Oder den Tollwut-Antikörper-Test-Ergebnis-Nachweis.\n  Oder den Tollwut-Antikörper-Test-Ergebnis-Nachweis.\n  Oder den Tollwut-Antikörper-Test-Ergebnis-Nachweis.\n  Oder den Tollwut-Antikörper-Test-Ergebnis-Nachweis.\n  Oder den Tollwut-Antikörper-Test-Ergebnis-Nachweis.\n  Oder den Tollwut-Antikörper-Test-Ergebnis-Nachweis.\n  Oder den Tollwut-Antikörper-Test-Ergebnis-Nachweis.\n  Oder den Tollwut-Antikörper-Test-Ergebnis-Nachweis.\n  Oder den Tollwut-Antikörper-Test-Ergebnis-Nachweis.\n  Oder den Tollwut-Antikörper-Test-Ergebnis-Nachweis.\n  Oder den Tollwut-Antikörper-Test-Ergebnis-Nachweis.\n  Oder den Tollwut-Antikörper-Test-Ergebnis-Nachweis.\n  Oder den Tollwut-Antikörper-Test-Ergebnis-Nachweis.\n  Oder den Tollwut-Antikörper-Test-Ergebnis-Nachweis.\n  Oder den Tollwut-Antikörper-Test-Ergebnis-Nachweis.\n  Oder den Tollwut-Antikörper-Test-Ergebnis-Nachweis.\n  Oder den Tollwut-Antikörper-Test-Ergebnis-Nachweis.\n  Oder den Tollwut-Antikörper-Test-Ergebnis-Nachweis.\n  Oder den Tollwut-Antikörper-Test-Ergebnis-Nachweis.\n  Oder den Tollwut-Antikörper-Test-Ergebnis-Nachweis.\n  Oder den Tollwut-Antikörper-Test-Ergebnis-Nachweis.\n  Oder den Tollwut-Antikörper-Test-Ergebnis-Nachweis.\n  Oder den Tollwut-Antikörper-Test-Ergebnis-Nachweis.\n  Oder den Tollwut-Antikörper-Test-Ergebnis-Nachweis.\n  Oder den Tollwut-Antikörper-Test-Ergebnis-Nachweis.\n  Oder den Tollwut-Antikörper-Test-Ergebnis-Nachweis.\n  Oder den Tollwut-Antikörper-Test-Ergebnis-Nachweis.\n  Oder den Tollwut-Antikörper-Test-Ergebnis-Nachweis.\n  Oder den Tollwut-Antikörper-Test-Ergebnis-Nachweis.\n  Oder den Tollwut-Antikörper-Test-Ergebnis-Nachweis.\n  Oder den Tollwut-Antikörper-Test-Ergebnis-Nachweis.\n  Oder den Tollwut-Antikörper-Test-Ergebnis-Nachweis.\n  Oder den Tollwut-Antikörper-Test-Ergebnis-Nachweis.\n  Oder den Tollwut-Antikörper-Test-Ergebnis-Nachweis.\n  Oder den Tollwut-Antikörper-Test-Ergebnis-Nachweis.\n  Oder den Tollwut-Antikörper-Test-Ergebnis-Nachweis.\n  Oder den Tollwut-Antikörper-Test-Ergebnis-Nachweis.\n  Oder den Tollwut-Antikörper-Test-Ergebnis-Nachweis.\n  Oder den Tollwut-Antikörper-Test-Ergebnis-Nachweis.\n  Oder den Tollwut-Antikörper-Test-Ergebnis-Nachweis.\n  Oder den Tollwut-Antikörper-Test-Ergebnis-Nachweis.\n  Oder den Tollwut-Antikörper-Test-Ergebnis-Nachweis.\n  Oder den Tollwut-Antikörper-Test-Ergebnis-Nachweis.\n  Oder den Tollwut-Antikörper-Test-Ergebnis-Nachweis.\n  Oder den Tollwut-Antikörper-Test-Ergebnis-Nachweis.\n  Oder den Tollwut-Antikörper-Test-Ergebnis-Nachweis.\n  Oder den Tollwut-Antikörper-Test-Ergebnis-Nachweis.\n  Oder den Tollwut-Antikörper-Test-Ergebnis-Nachweis.\n  Oder den Tollwut-Antikörper-Test-Ergebnis-Nachweis.\n  Oder den Tollwut-Antikörper-Test-Ergebnis-Nachweis.\n  Oder den Tollwut-Antikörper-Test-Ergebnis-Nachweis.\n  Oder den Tollwut-Antikörper-Test-Ergebnis-Nachweis.\n  Oder den Tollwut-Antikörper-Test-Ergebnis-Nachweis.\n  Oder den Tollwut-Antikörper-Test-Ergebnis-Nachweis.\n  Oder den Tollwut-Antikörper-Test-Ergebnis-Nachweis.\n  Oder den Tollwut-Antikörper-Test-Ergebnis-Nachweis.\n  Oder den Tollwut-Antikörper-Test-Ergebnis-Nachweis.\n  Oder den Tollwut-Antikörper-Test-Ergebnis-Nachweis.\n  Oder den Tollwut-Antikörper-Test-Ergebnis-Nachweis.\n  Oder den Tollwut-Antikörper-Test-Ergebnis-Nachweis.\n  Oder den Tollwut-Antikörper-Test-Ergebnis-Nachweis.\n  Oder den Tollwut-Antikörper-Test-Ergebnis-Nachweis.\n  Oder den Tollwut-Antikörper-Test-Ergebnis-Nachweis.\n  Oder den Tollwut-Antikörper-Test-Ergebnis-Nachweis.\n  Oder den Tollwut-Antikörper-Test-Ergebnis-Nachweis.\n  Oder den Tollwut-Antikörper-Test-Ergebnis-Nachweis.\n  Oder den Tollwut-Antikörper-Test-Ergebnis-Nachweis.\n  Oder den Tollwut-Antikörper-Test-Ergebnis-Nachweis.\n  Oder den Tollwut-Antikörper-Test-Ergebnis-Nachweis.\n  Oder den Tollwut-Antikörper-Test-Ergebnis-Nachweis.\n  Oder den Tollwut-Antikörper-Test-Ergebnis-Nachweis.\n  Oder den Tollwut-Antikörper-Test-Ergebnis-Nachweis.\n  Oder den Tollwut-Antikörper-Test-Ergebnis-Nachweis.\n  Oder den Tollwut-Antikörper-Test-Ergebnis-Nachweis.\n  Oder den Tollwut-Antikörper-Test-Ergebnis-Nachweis.\n  Oder den Tollwut-Antikörper-Test-Ergebnis-Nachweis.\n  Oder den Tollwut-Antikörper-Test-Ergebnis-Nachweis.\n  Oder den Tollwut-Antikörper-Test-Ergebnis-Nachweis.\n  Oder den Tollwut-Antikörper-Test-Ergebnis-Nachweis.\n  Oder den Tollwut-Antikörper-Test-Ergebnis-Nachweis.\n  Oder den Tollwut-Antikörper-Test-Ergebnis-Nachweis.\n  Oder den Tollwut-Antikörper-Test-Ergebnis-Nachweis.\n  Oder den Tollwut-Antikörper-Test-Ergebnis-Nachweis.\n  Oder den Tollwut-Antikörper-Test-Ergebnis-Nachweis.\n  Oder den Tollwut-Antikörper-Test-Ergebnis-Nachweis.\n  Oder den Tollwut-Antikörper-Test-Ergebnis-Nachweis.\n  Oder den Tollwut-Antikörper-Test-Ergebnis-Nachweis.\n  Oder den Tollwut-Antikörper-Test-Ergebnis-Nachweis.\n  Oder den Tollwut-Antikörper-Test-Ergebnis-Nachweis.\n  Oder den Tollwut-Antikörper-Test-Ergebnis-Nachweis.\n  Oder den Tollwut-Antikörper-Test-Ergebnis-Nachweis.\n  Oder den Tollwut-Antikörper-Test-Ergebnis-Nachweis.\n  Oder den Tollwut-Antikörper-Test-Ergebnis-Nachweis.\n  Oder den Tollwut-Antikörper-Test-Ergebnis-Nachweis.\n  Oder den Tollwut-Antikörper-Test-Ergebnis-Nachweis.\n  Oder den Tollwut-Antikörper-Test-Ergebnis-Nachweis.\n  Oder den Tollwut-Antikörper-Test-Ergebnis-Nachweis.\n  Oder den Tollwut-Antikörper-Test-Ergebnis-Nachweis.\n  Oder den Tollwut-Antikörper-Test-Ergebnis-Nachweis.\n  Oder den Tollwut-Antikörper-Test-Ergebnis-Nachweis.\n  Oder den Tollwut-Antikörper-Test-Ergebnis-Nachweis.\n  Oder den Tollwut-Antikörper-Test-Ergebnis-Nachweis.\n  Oder den Tollwut-Antikörper-Test-Ergebnis-Nachweis.\n  Oder den Tollwut-Antikörper-Test-Ergebnis-Nachweis.\n  Oder den Tollwut-Antikörper-Test-Ergebnis-Nachweis.\n  Oder den Tollwut-Antikörper-Test-Ergebnis-Nachweis.\n  Oder den Tollwut-Antikörper-Test-Ergebnis-Nachweis.\n  Oder den Tollwut-Antikörper-Test-Ergebnis-Nachweis.\n  Oder den Tollwut-Antikörper-Test-Ergebnis-Nachweis.\n  Oder den Tollwut-Antikörper-Test-Ergebnis-Nachweis.\n  Oder den Tollwut-Antikörper-Test-Ergebnis-Nachweis.\n  Oder den Tollwut-Antikörper-Test-Ergebnis-Nachweis.\n  Oder den Tollwut-Antikörper-Test-Ergebnis-Nachweis.\n  Oder den Tollwut-Antikörper-Test-Ergebnis-Nachweis.\n  Oder den Tollwut-Antikörper-Test-Ergebnis-Nachweis.\n  Oder den Tollwut-Antikörper-Test-Ergebnis-Nachweis.\n  Oder den Tollwut-Antikörper-Test-Ergebnis-Nachweis.\n  Oder den Tollwut-Antikörper-Test-Ergebnis-Nachweis.\n  Oder den Tollwut-Antikörper-Test-Ergebnis-Nachweis.\n  Oder den Tollwut-Antikörper-Test-Ergebnis-Nachweis.\n  Oder den Tollwut-Antikörper-Test-Ergebnis-Nachweis.\n  Oder den Tollwut-Antikörper-Test-Ergebnis-Nachweis.\n  Oder den Tollwut-Antikörper-Test-Ergebnis-Nachweis.\n  Oder den Tollwut-Antikörper-Test-Ergebnis-Nachweis.\n  Oder den Tollwut-Antikörper-Test-Ergebnis-Nachweis.\n  Oder den Tollwut-Antikörper-Test-Ergebnis-Nachweis.\n  Oder den Tollwut-Antikörper-Test-Ergebnis-Nachweis.\n  Oder den Tollwut-Antikörper-Test-Ergebnis-Nachweis.\n  Oder den Tollwut-Antikörper-Test-Ergebnis-Nachweis.\n  Oder den Tollwut-Antikörper-Test-Ergebnis-Nachweis.\n  Oder den Tollwut-Antikörper-Test-Ergebnis-Nachweis.\n  Oder den Tollwut-Antikörper-Test-Ergebnis-Nachweis.\n  Oder den Tollwut-Antikörper-Test-Ergebnis-Nachweis.\n  Oder den Tollwut-Antikörper-Test-Ergebnis-Nachweis.\n  Oder den Tollwut-Antikörper-Test-Ergebnis-Nachweis.\n  Oder den Tollwut-Antikörper-Test-Ergebnis-Nachweis.\n  Oder den Tollwut-Antikörper-Test-Ergebnis-Nachweis.\n  Oder den Tollwut-Antikörper-Test-Ergebnis-Nachweis.\n  Oder den Tollwut-Antikörper-Test-Ergebnis-Nachweis.\n  Oder den Tollwut-Antikörper-Test-Ergebnis-Nachweis.\n  Oder den Tollwut-Antikörper-Test-Ergebnis-Nachweis.\n  Oder den Tollwut-Antikörper-Test-Ergebnis-Nachweis.\n  Oder den Tollwut-Antikörper-Test-Ergebnis-Nachweis.\n  Oder den Tollwut-Antikörper-Test-Ergebnis-Nachweis.\n  Oder den Tollwut-Antikörper-Test-Ergebnis-Nachweis.\n  Oder den Tollwut-Antikörper-Test-Ergebnis-Nachweis.\n  Oder den Tollwut-Antikörper-Test-Ergebnis-Nachweis.\n  Oder den Tollwut-Antikörper-Test-Ergebnis-Nachweis.\n  Oder den Tollwut-Antikörper-Test-Ergebnis-Nachweis.\n  Oder den Tollwut-Antikörper-Test-Ergebnis-Nachweis.\n  Oder den Tollwut-Antikörper-Test-Ergebnis-Nachweis.\n  Oder den Tollwut-Antikörper-Test-Ergebnis-Nachweis.\n  Oder den Tollwut-Antikörper-Test-Ergebnis-Nachweis.\n  Oder den Tollwut-Antikörper-Test-Ergebnis-Nachweis.\n  Oder den Tollwut-Antikörper-Test-Ergebnis-Nachweis.\n  Oder den Tollwut-Antikörper-Test-Ergebnis-Nachweis.\n  Oder den Tollwut-Antikörper-Test-Ergebnis-Nachweis.\n  Oder den Tollwut-Antikörper-Test-Ergebnis-Nachweis.\n  Oder den Tollwut-Antikörper-Test-Ergebnis-Nachweis.\n  Oder den Tollwut-Antikörper-Test-Ergebnis-Nachweis.\n  Oder den Tollwut-Antikörper-Test-Ergebnis-Nachweis.\n  Oder den Tollwut-Antikörper-Test-Ergebnis-Nachweis.\n  Oder den Tollwut-Antikörper-Test-Ergebnis-Nachweis.\n  Oder den Tollwut-Antikörper-Test-Ergebnis-Nachweis.\n  Oder den Tollwut-Antikörper-Test-Ergebnis-Nachweis.\n  Oder den Tollwut-Antikörper-Test-Ergebnis-Nachweis.\n  Oder den Tollwut-Antikörper-Test-Ergebnis-Nachweis.\n  Oder den Tollwut-Antikörper-Test-Ergebnis-Nachweis.\n  Oder den Tollwut-Antikörper-Test-Ergebnis-Nachweis.\n
Bearbeitungszeit\nSie müssen Ihren Hund nach einer Aufnahme oder nach Ihrem Umzug nach München innerhalb von zwei Wochen anmelden. Welpen, die von einer von Ihnen gehaltenen Hündin geboren wurden, müssen Sie vier Monate nach ihrer Geburt anmelden.\nNach der Anmeldung erhalten Sie einen Steuerbescheid. Dieser Bescheid gilt so lange, bis er geändert oder aufgehoben wird. Bitte beachten Sie, dass die Zustellung Ihres Bescheids in Einzelfällen bis zu drei Monate dauern kann.;Hunde-Steuer\nSie müssen für jeden Hund Hunde-Steuer bezahlen.\nSie müssen Ihren Hund anmelden.\nDas nennt man Hunde-Steuer-Marke.\nDie Hunde-Steuer-Marke ist ein kleines Schild.\nDas Schild muss der Hund am Hals-Band tragen.\nDie Hunde-Steuer-Marke bekommen Sie im Bürger-Büro.\nSie müssen die Hunde-Steuer-Marke jedes Jahr neu kaufen.\nDas nennt man Hunde-Steuer-Marke verlängern.\nSie müssen das im Bürger-Büro machen.\nSie müssen das jedes Jahr machen.\nSie müssen das machen, solange Sie den Hund haben.\nSie müssen das machen, auch wenn Sie den Hund nicht mit in die Stadt nehmen.\nSie müssen das machen, auch wenn Sie nicht in München wohnen.\nSie müssen das machen, auch wenn Sie wenig Geld haben.\nSie müssen das machen, auch wenn Sie eine Behinderung haben.\nSie müssen das machen, auch wenn Sie alt sind.\nSie müssen das machen, auch wenn Sie krank sind.\nSie müssen das machen, auch wenn Sie im Kranken-Haus sind.\nSie müssen das machen, auch wenn Sie im Pflege-Heim sind.\nSie müssen das machen, auch wenn Sie im Heim für Menschen mit Behinderung sind.\nSie müssen das machen, auch wenn Sie im Gefängnis sind.\nSie müssen das machen, auch wenn Sie im Ausland sind.\nSie müssen das machen, auch wenn Sie im Urlaub sind.\nSie müssen das machen, auch wenn Sie im Alten-Heim sind.\nSie müssen das machen, auch wenn Sie im Hospiz sind.\nSie müssen das machen, auch wenn Sie im Frauen-Haus sind.\nSie müssen das machen, auch wenn Sie im Mutter-Kind-Heim sind.\nSie müssen das machen, auch wenn Sie im Obdachlosen-Heim sind.\nSie müssen das machen, auch wenn Sie im Asyl-Bewerber-Heim sind.\nSie müssen das machen, auch wenn Sie im Flüchtlings-Heim sind.\nSie müssen das machen, auch wenn Sie im Wohn-Heim sind.\nSie müssen das machen, auch wenn Sie im Studenten-Wohn-Heim sind.\nSie müssen das machen, auch wenn Sie im Arbeiter-Wohn-Heim sind.\nSie müssen das machen, auch wenn Sie im Wohn-Heim für Menschen mit Behinderung sind.\nSie müssen das machen, auch wenn Sie im Wohn-Heim für Senioren sind.\nSie müssen das machen, auch wenn Sie im Wohn-Heim für Studenten sind.\nSie müssen das machen, auch wenn Sie im Wohn-Heim für Flüchtlinge sind.\nSie müssen das machen, auch wenn Sie im Wohn-Heim für Asyl-Bewerber sind.\nSie müssen das machen, auch wenn Sie im Wohn-Heim für Obdachlose sind.\nSie müssen das machen, auch wenn Sie im Wohn-Heim für Frauen sind.\nSie müssen das machen, auch wenn Sie im Wohn-Heim für Mütter mit Kindern sind.\nSie müssen das machen, auch wenn Sie im Wohn-Heim für Menschen ohne Wohnung sind.\nSie müssen das machen, auch wenn Sie im Wohn-Heim für Menschen ohne Wohnung sind.\nSie müssen das machen, auch wenn Sie im Wohn-Heim für Menschen ohne Wohnung sind.\nSie müssen das machen, auch wenn Sie im Wohn-Heim für Menschen ohne Wohnung sind.\nSie müssen das machen, auch wenn Sie im Wohn-Heim für Menschen ohne Wohnung sind.\nSie müssen das machen, auch wenn Sie im Wohn-Heim für Menschen ohne Wohnung sind.\nSie müssen das machen, auch wenn Sie im Wohn-Heim für Menschen ohne Wohnung sind.\nSie müssen das machen, auch wenn Sie im Wohn-Heim für Menschen ohne Wohnung sind.\nSie müssen das machen, auch wenn Sie im Wohn-Heim für Menschen ohne Wohnung sind.\nSie müssen das machen, auch wenn Sie im Wohn-Heim für Menschen ohne Wohnung sind.\nSie müssen das machen, auch wenn Sie im Wohn-Heim für Menschen ohne Wohnung sind.\nSie müssen das machen, auch wenn Sie im Wohn-Heim für Menschen ohne Wohnung sind.\nSie müssen das machen, auch wenn Sie im Wohn-Heim für Menschen ohne Wohnung sind.\nSie müssen das machen, auch wenn Sie im Wohn-Heim für Menschen ohne Wohnung sind.\nSie müssen das machen, auch wenn Sie im Wohn-Heim für Menschen ohne Wohnung sind.\nSie müssen das machen, auch wenn Sie im Wohn-Heim für Menschen ohne Wohnung sind.\nSie müssen das machen, auch wenn Sie im Wohn-Heim für Menschen ohne Wohnung sind.\nSie müssen das machen, auch wenn Sie im Wohn-Heim für Menschen ohne Wohnung sind.\nSie müssen das machen, auch wenn Sie im Wohn-Heim für Menschen ohne Wohnung sind.\nSie müssen das machen, auch wenn Sie im Wohn-Heim für Menschen ohne Wohnung sind.\nSie müssen das machen, auch wenn Sie im Wohn-Heim für Menschen ohne Wohnung sind.\nSie müssen das machen, auch wenn Sie im Wohn-Heim für Menschen ohne Wohnung sind.\nSie müssen das machen, auch wenn Sie im Wohn-Heim für Menschen ohne Wohnung sind.\nSie müssen das machen, auch wenn Sie im Wohn-Heim für Menschen ohne Wohnung sind.\nSie müssen das machen, auch wenn Sie im Wohn-Heim für Menschen ohne Wohnung sind.\nSie müssen das machen, auch wenn Sie im Wohn-Heim für Menschen ohne Wohnung sind.\nSie müssen das machen, auch wenn Sie im Wohn-Heim für Menschen ohne Wohnung sind.\nSie müssen das machen, auch wenn Sie im Wohn-Heim für Menschen ohne Wohnung sind.\nSie müssen das machen, auch wenn Sie im Wohn-Heim für Menschen ohne Wohnung sind.\nSie müssen das machen, auch wenn Sie im Wohn-Heim für Menschen ohne Wohnung sind.\nSie müssen das machen, auch wenn Sie im Wohn-Heim für Menschen ohne Wohnung sind.\nSie müssen das machen, auch wenn Sie im Wohn-Heim für Menschen ohne Wohnung sind.\nSie müssen das machen, auch wenn Sie im Wohn-Heim für Menschen ohne Wohnung sind.\nSie müssen das machen, auch wenn Sie im Wohn-Heim für Menschen ohne Wohnung sind.\nSie müssen das machen, auch wenn Sie im Wohn-Heim für Menschen ohne Wohnung sind.\nSie müssen das machen, auch wenn Sie im Wohn-Heim für Menschen ohne Wohnung sind.\nSie müssen das machen, auch wenn Sie im Wohn-Heim für Menschen ohne Wohnung sind.\nSie müssen das machen, auch wenn Sie im Wohn-Heim für Menschen ohne Wohnung sind.\nSie müssen das machen, auch wenn Sie im Wohn-Heim für Menschen ohne Wohnung sind.\nSie müssen das machen, auch wenn Sie im Wohn-Heim für Menschen ohne Wohnung sind.\nSie müssen das machen, auch wenn Sie im Wohn-Heim für Menschen ohne Wohnung sind.\nSie müssen das machen, auch wenn Sie im Wohn-Heim für Menschen ohne Wohnung sind.\nSie müssen das machen, auch wenn Sie im Wohn-Heim für Menschen ohne Wohnung sind.\nSie müssen das machen, auch wenn Sie im Wohn-Heim für Menschen ohne Wohnung sind.\nSie müssen das machen, auch wenn Sie im Wohn-Heim für Menschen ohne Wohnung sind.\nSie müssen das machen, auch wenn Sie im Wohn-Heim für Menschen ohne Wohnung sind.\nSie müssen das machen, auch wenn Sie im Wohn-Heim für Menschen ohne Wohnung sind.\nSie müssen das machen, auch wenn Sie im Wohn-Heim für Menschen ohne Wohnung sind.\nSie müssen das machen, auch wenn Sie im Wohn-Heim für Menschen ohne Wohnung sind.\nSie müssen das machen, auch wenn Sie im Wohn-Heim für Menschen ohne Wohnung sind.\nSie müssen das machen, auch wenn Sie im Wohn-Heim für Menschen ohne Wohnung sind.\nSie müssen das machen, auch wenn Sie im Wohn-Heim für Menschen ohne Wohnung sind.\nSie müssen das machen, auch wenn Sie im Wohn-Heim für Menschen ohne Wohnung sind.\nSie müssen das machen, auch wenn Sie im Wohn-Heim für Menschen ohne Wohnung sind.\nSie müssen das machen, auch wenn Sie im Wohn-Heim für Menschen ohne Wohnung sind.\nSie müssen das machen, auch wenn Sie im Wohn-Heim für Menschen ohne Wohnung sind.\nSie müssen das machen, auch wenn Sie im Wohn-Heim für Menschen ohne Wohnung sind.\nSie müssen das machen, auch wenn Sie im Wohn-Heim für Menschen ohne Wohnung sind.\nSie müssen das machen, auch wenn Sie im Wohn-Heim für Menschen ohne Wohnung sind.\nSie müssen das machen, auch wenn Sie im Wohn-Heim für Menschen ohne Wohnung sind.\nSie müssen das machen, auch wenn Sie im Wohn-Heim für Menschen ohne Wohnung sind.\nSie müssen das machen, auch wenn Sie im Wohn-Heim für Menschen ohne Wohnung sind.\nSie müssen das machen, auch wenn Sie im Wohn-Heim für Menschen ohne Wohnung sind.\nSie müssen das machen, auch wenn Sie im Wohn-Heim für Menschen ohne Wohnung sind.\nSie müssen das machen, auch wenn Sie im Wohn-Heim für Menschen ohne Wohnung sind.\nSie müssen das machen, auch wenn Sie im Wohn-Heim für Menschen ohne Wohnung sind.\nSie müssen das machen, auch wenn Sie im Wohn-Heim für Menschen ohne Wohnung sind.\nSie müssen das machen, auch wenn Sie im Wohn-Heim für Menschen ohne Wohnung sind.\nSie müssen das machen, auch wenn Sie im Wohn-Heim für Menschen ohne Wohnung sind.\nSie müssen das machen, auch wenn Sie im Wohn-Heim für Menschen ohne Wohnung sind.\nSie müssen das machen, auch wenn Sie im Wohn-Heim für Menschen ohne Wohnung sind.\nSie müssen das machen, auch wenn Sie im Wohn-Heim für Menschen ohne Wohnung sind.\nSie müssen das machen, auch wenn Sie im Wohn-Heim für Menschen ohne Wohnung sind.\nSie müssen das machen, auch wenn Sie im Wohn-Heim für Menschen ohne Wohnung sind.\nSie müssen das machen, auch wenn Sie im Wohn-Heim für Menschen ohne Wohnung sind.\nSie müssen das machen, auch wenn Sie im Wohn-Heim für Menschen ohne Wohnung sind.\nSie müssen das machen, auch wenn Sie im Wohn-Heim für Menschen ohne Wohnung sind.\nSie müssen das machen, auch wenn Sie im Wohn-Heim für Menschen ohne Wohnung sind.\nSie müssen das machen, auch wenn Sie im Wohn-Heim für Menschen ohne Wohnung sind.\nSie müssen das machen, auch wenn Sie im Wohn-Heim für Menschen ohne Wohnung sind.\nSie müssen das machen, auch wenn Sie im Wohn-Heim für Menschen ohne Wohnung sind.\nSie müssen das machen, auch wenn Sie im Wohn-Heim für Menschen ohne Wohnung sind.\nSie müssen das machen, auch wenn Sie im Wohn-Heim für Menschen ohne Wohnung sind.\nSie müssen das machen, auch wenn Sie im Wohn-Heim für Menschen ohne Wohnung sind.\nSie müssen das machen, auch wenn Sie im Wohn-Heim für Menschen ohne Wohnung sind.\nSie müssen das machen, auch wenn Sie im Wohn-Heim für Menschen ohne Wohnung sind.\nSie müssen das machen, auch wenn Sie im Wohn-Heim für Menschen ohne Wohnung sind.\nSie müssen das machen, auch wenn Sie im Wohn-Heim für Menschen ohne Wohnung sind.\nSie müssen das machen, auch wenn Sie im Wohn-Heim für Menschen ohne Wohnung sind.\nSie müssen das machen, auch wenn Sie im Wohn-Heim für Menschen ohne Wohnung sind.\nSie müssen das machen, auch wenn Sie im Wohn-Heim für Menschen ohne Wohnung sind.\nSie müssen das machen, auch wenn Sie im Wohn-Heim für Menschen ohne Wohnung sind.\nSie müssen das machen, auch wenn Sie im Wohn-Heim für Menschen ohne Wohnung sind.\nSie müssen das machen, auch wenn Sie im Wohn-Heim für Menschen ohne Wohnung sind.\nSie müssen das machen, auch wenn Sie im Wohn-Heim für Menschen ohne Wohnung sind.\nSie müssen das machen, auch wenn Sie im Wohn-Heim für Menschen ohne Wohnung sind.\nSie müssen das machen, auch wenn Sie im Wohn-Heim für Menschen ohne Wohnung sind.\nSie müssen das machen, auch wenn Sie im Wohn-Heim für Menschen ohne Wohnung sind.\nSie müssen das machen, auch wenn Sie im Wohn-Heim für Menschen ohne Wohnung sind.\nSie müssen das machen, auch wenn Sie im Wohn-Heim für Menschen ohne Wohnung sind.\nSie müssen das machen, auch wenn Sie im Wohn-Heim für Menschen ohne Wohnung sind.\nSie müssen das machen, auch wenn Sie im Wohn-Heim für Menschen ohne Wohnung sind.\nSie müssen das machen, auch wenn Sie im Wohn-Heim für Menschen ohne Wohnung sind.\nSie müssen das machen, auch wenn Sie im Wohn-Heim für Menschen ohne Wohnung sind.\nSie müssen das machen, auch wenn Sie im Wohn-Heim für Menschen ohne Wohnung sind.\nSie müssen das machen, auch wenn Sie im Wohn-Heim für Menschen ohne Wohnung sind.\nSie müssen das machen, auch wenn Sie im Wohn-Heim für Menschen ohne Wohnung sind.\nSie müssen das machen, auch wenn Sie im Wohn-Heim für Menschen ohne Wohnung sind.\nSie müssen das machen, auch wenn Sie im Wohn-Heim für Menschen ohne Wohnung sind.\nSie müssen das machen, auch wenn Sie im Wohn-Heim für Menschen ohne Wohnung sind.\nSie müssen das machen, auch wenn Sie im Wohn-Heim für Menschen ohne Wohnung sind.\nSie müssen das machen, auch wenn Sie im Wohn-Heim für Menschen ohne Wohnung sind.\nSie müssen das machen, auch wenn Sie im Wohn-Heim für Menschen ohne Wohnung sind.\nSie müssen das machen, auch wenn Sie im Wohn-Heim für Menschen ohne Wohnung sind.\nSie müssen das machen, auch wenn Sie im Wohn-Heim für Menschen ohne Wohnung sind.\nSie müssen das machen, auch wenn Sie im Wohn-Heim für Menschen ohne Wohnung sind.\nSie müssen das machen, auch wenn Sie im Wohn-Heim für Menschen ohne Wohnung sind.\nSie müssen das machen, auch wenn Sie im Wohn-Heim für Menschen ohne Wohnung sind.\nSie müssen das machen, auch wenn Sie im Wohn-Heim für Menschen ohne Wohnung sind.\nSie müssen das machen, auch wenn Sie im Wohn-Heim für Menschen ohne Wohnung sind.\nSie müssen das machen, auch wenn Sie im Wohn-Heim für Menschen ohne Wohnung sind.\nSie müssen das machen, auch wenn Sie im Wohn-Heim für Menschen ohne Wohnung sind.\nSie müssen das machen, auch wenn Sie im Wohn-Heim für Menschen ohne Wohnung sind.\nSie müssen das machen, auch wenn Sie im Wohn-Heim für Menschen ohne Wohnung sind.\nSie müssen das machen, auch wenn Sie im Wohn-Heim für Menschen ohne Wohnung sind.\nSie müssen das machen, auch wenn Sie im Wohn-Heim für Menschen ohne Wohnung sind.\nSie müssen das machen, auch wenn Sie im Wohn-Heim für Menschen ohne Wohnung sind.\nSie müssen das machen, auch wenn Sie im Wohn-Heim für Menschen ohne Wohnung sind.\nSie müssen das machen, auch wenn Sie im Wohn-Heim für Menschen ohne Wohnung sind.\nSie müssen das machen, auch wenn Sie im Wohn-Heim für Menschen ohne Wohnung sind.\nSie müssen das machen, auch wenn Sie im Wohn-Heim für Menschen ohne Wohnung sind.\nSie müssen das machen, auch wenn Sie im Wohn-Heim für Menschen ohne Wohnung sind.\nSie müssen das machen, auch wenn Sie im Wohn-Heim für Menschen ohne Wohnung sind.\nSie müssen das machen, auch wenn Sie im Wohn-Heim für Menschen ohne Wohnung sind.\nSie müssen das machen, auch wenn Sie im Wohn-Heim für Menschen ohne Wohnung sind.\nSie müssen das machen, auch wenn Sie im Wohn-Heim für Menschen ohne Wohnung sind.\nSie müssen das machen, auch wenn Sie im Wohn-Heim für Menschen ohne Wohnung sind.\nSie müssen das machen, auch wenn Sie im Wohn-Heim für Menschen ohne Wohnung sind.\nSie müssen das machen, auch wenn Sie im Wohn-Heim für Menschen ohne Wohnung sind.\nSie müssen das machen, auch wenn Sie im Wohn-Heim für Menschen ohne Wohnung sind.\nSie müssen das machen, auch wenn Sie im Wohn-Heim für Menschen ohne Wohnung sind.\nSie müssen das machen, auch wenn Sie im Wohn-Heim für Menschen ohne Wohnung sind.\nSie müssen das machen, auch wenn Sie im Wohn-Heim für Menschen ohne Wohnung sind.\nSie müssen das machen, auch wenn Sie im Wohn-Heim für Menschen ohne Wohnung sind.\nSie müssen das machen, auch wenn Sie im Wohn-Heim für Menschen ohne Wohnung sind.\nSie müssen das machen, auch wenn Sie im Wohn-Heim für Menschen ohne Wohnung sind.\nSie müssen das machen, auch wenn Sie im Wohn-Heim für Menschen ohne Wohnung sind.\nSie müssen das machen, auch wenn Sie im Wohn-Heim für Menschen ohne Wohnung sind.\nSie müssen das machen, auch wenn Sie im Wohn-Heim für Menschen ohne Wohnung sind.\nSie müssen das machen, auch wenn Sie im Wohn-Heim für Menschen ohne Wohnung sind.\nSie müssen das machen, auch wenn Sie im Wohn-Heim für Menschen ohne Wohnung sind.\nSie müssen das machen, auch wenn Sie im Wohn-Heim für Menschen ohne Wohnung sind.\nSie müssen das machen, auch wenn Sie im Wohn-Heim für Menschen ohne Wohnung sind.\nSie müssen das machen, auch wenn Sie im Wohn-Heim für Menschen ohne Wohnung sind.\nSie müssen das machen, auch wenn Sie im Wohn-Heim für Menschen ohne Wohnung sind.\nSie müssen das machen, auch wenn Sie im Wohn-Heim für Menschen ohne Wohnung sind.\nSie müssen das machen, auch wenn Sie im Wohn-Heim für Menschen ohne Wohnung sind.\nSie müssen das machen, auch wenn Sie im Wohn-Heim für Menschen ohne Wohnung sind.\nSie müssen das machen, auch wenn Sie im Wohn-Heim für Menschen ohne Wohnung sind.\nSie müssen das machen, auch wenn Sie im Wohn-Heim für Menschen ohne Wohnung sind.\nSie müssen das machen, auch wenn Sie im Wohn-Heim für Menschen ohne Wohnung sind.\nSie müssen das machen, auch wenn Sie im Wohn-Heim für Menschen ohne Wohnung sind.\nSie müssen das machen, auch wenn Sie im Wohn-Heim für Menschen ohne Wohnung sind.\nSie müssen das machen, auch wenn Sie im Wohn-Heim für Menschen ohne Wohnung sind.\nSie müssen das machen, auch wenn Sie im Wohn-Heim für Menschen ohne Wohnung sind.\nSie müssen das machen, auch wenn Sie im Wohn-Heim für Menschen ohne Wohnung sind.\nSie müssen das machen, auch wenn Sie im Wohn-Heim für Menschen ohne Wohnung sind.\nSie müssen das machen, auch wenn Sie im Wohn-Heim für Menschen ohne Wohnung sind.\nSie müssen das machen, auch wenn Sie im Wohn-Heim für Menschen ohne Wohnung sind.\nSie müssen das machen, auch wenn Sie im Wohn-Heim für Menschen ohne Wohnung sind.\nSie müssen das machen, auch wenn Sie im Wohn-Heim für Menschen ohne Wohnung sind.\nSie müssen das machen, auch wenn Sie im Wohn-Heim für Menschen ohne Wohnung sind.\nSie müssen das machen, auch wenn Sie im Wohn-Heim für Menschen ohne Wohnung sind.\nSie müssen das machen, auch wenn Sie im Wohn-Heim für Menschen ohne Wohnung sind.\nSie müssen das machen, auch wenn Sie im Wohn-Heim für Menschen ohne Wohnung sind.\nSie müssen das machen, auch wenn Sie im Wohn-Heim für Menschen ohne Wohnung sind.\nSie müssen das machen, auch wenn Sie im Wohn-Heim für Menschen ohne Wohnung sind.\nSie müssen das machen, auch wenn Sie im Wohn-Heim für Menschen ohne Wohnung sind.\nSie müssen das machen, auch wenn Sie im Wohn-Heim für Menschen ohne Wohnung sind.\nSie müssen das machen, auch wenn Sie im Wohn-Heim für Menschen ohne Wohnung sind.\nSie müssen das machen, auch wenn Sie im Wohn-Heim für Menschen ohne Wohnung sind.\nSie müssen das machen, auch wenn Sie im
Gebührenrahmen\nDie Hundesteuer beträgt 100 Euro jährlich für jeden gehaltenen Hund.\n\nSollten Sie einen Kampfhund oder einen Hund mit vermuteten Kampfhundeigenschaften ohne Negativzeugnis halten, zahlen Sie 800 Euro jährlich. Bitte beachten Sie, dass die Haltung von Kampfhunden genehmigungspflichtig ist.;Die Hundesteuer ist eine Steuer.\nDie Steuer ist für jeden Hund.\nDie Steuer ist in München.\nDie Steuer ist in jedem Jahr.\nDie Steuer ist eine Pflicht.\nDas bedeutet:\nJeder Hundehalter muss die Steuer bezahlen.\nHunde-Halter ist ein schweres Wort.\nHunde-Halter ist eine Person.\nDie Person hat einen Hund.\nDie Person kümmert sich um den Hund.\nDie Person geht mit dem Hund Gassi.\nDie Person füttert den Hund.\nDie Person geht mit dem Hund zum Tier-Arzt.\nDie Person muss den Hund anmelden.\nDie Person muss die Steuer bezahlen.\nDie Person muss den Hund abmelden.\nZum Beispiel:\nWenn der Hund gestorben ist.\nOder wenn die Person mit dem Hund wegzieht.\nDie Person muss das dem Steuer-Büro sagen.\nDas Steuer-Büro ist in München.\nDas Steuer-Büro ist in der Innen-Stadt.\nDas Steuer-Büro ist in der Ruppert-Straße 19.\nDas Steuer-Büro ist im Bürger-Büro.\nDas Bürger-Büro ist ein Amt.\nDas Bürger-Büro ist ein Amt von der Stadt München.\nDas Bürger-Büro ist für viele Dinge zuständig.\nZum Beispiel:\n* Sie können dort Ihren Personal-Ausweis beantragen.\n* Sie können dort Ihren Reise-Pass beantragen.\n* Sie können dort Ihren Kinder-Reise-Pass beantragen.\n* Sie können dort Ihren vorläufigen Reise-Pass beantragen.\n* Sie können dort Ihren vorläufigen Personal-Ausweis beantragen.\n* Sie können dort Ihren Kinder-Ausweis beantragen.\n* Sie können dort Ihren vorläufigen Kinder-Ausweis beantragen.\n* Sie können dort Ihren Wohn-Sitz anmelden.\n* Sie können dort Ihren Wohn-Sitz abmelden.\n* Sie können dort Ihren Wohn-Sitz wieder anmelden.\n* Sie können dort Ihren Wohn-Sitz bestätigen lassen.\n* Sie können dort Ihren Wohn-Sitz-Bescheinigung beantragen.\n* Sie können dort Ihren Wohn-Sitz-Nachweis beantragen.\n* Sie können dort Ihren Wohn-Sitz-Nachweis für die Kfz-Zulassung beantragen.\n* Sie können dort Ihren Wohn-Sitz-Nachweis für die Kfz-Zulassung beantragen.\n* Sie können dort Ihren Wohn-Sitz-Nachweis für die Kfz-Zulassung beantragen.\n* Sie können dort Ihren Wohn-Sitz-Nachweis für die Kfz-Zulassung beantragen.\n* Sie können dort Ihren Wohn-Sitz-Nachweis für die Kfz-Zulassung beantragen.\n* Sie können dort Ihren Wohn-Sitz-Nachweis für die Kfz-Zulassung beantragen.\n* Sie können dort Ihren Wohn-Sitz-Nachweis für die Kfz-Zulassung beantragen.\n* Sie können dort Ihren Wohn-Sitz-Nachweis für die Kfz-Zulassung beantragen.\n* Sie können dort Ihren Wohn-Sitz-Nachweis für die Kfz-Zulassung beantragen.\n* Sie können dort Ihren Wohn-Sitz-Nachweis für die Kfz-Zulassung beantragen.\n* Sie können dort Ihren Wohn-Sitz-Nachweis für die Kfz-Zulassung beantragen.\n* Sie können dort Ihren Wohn-Sitz-Nachweis für die Kfz-Zulassung beantragen.\n* Sie können dort Ihren Wohn-Sitz-Nachweis für die Kfz-Zulassung beantragen.\n* Sie können dort Ihren Wohn-Sitz-Nachweis für die Kfz-Zulassung beantragen.\n* Sie können dort Ihren Wohn-Sitz-Nachweis für die Kfz-Zulassung beantragen.\n* Sie können dort Ihren Wohn-Sitz-Nachweis für die Kfz-Zulassung beantragen.\n* Sie können dort Ihren Wohn-Sitz-Nachweis für die Kfz-Zulassung beantragen.\n* Sie können dort Ihren Wohn-Sitz-Nachweis für die Kfz-Zulassung beantragen.\n* Sie können dort Ihren Wohn-Sitz-Nachweis für die Kfz-Zulassung beantragen.\n* Sie können dort Ihren Wohn-Sitz-Nachweis für die Kfz-Zulassung beantragen.\n* Sie können dort Ihren Wohn-Sitz-Nachweis für die Kfz-Zulassung beantragen.\n* Sie können dort Ihren Wohn-Sitz-Nachweis für die Kfz-Zulassung beantragen.\n* Sie können dort Ihren Wohn-Sitz-Nachweis für die Kfz-Zulassung beantragen.\n* Sie können dort Ihren Wohn-Sitz-Nachweis für die Kfz-Zulassung beantragen.\n* Sie können dort Ihren Wohn-Sitz-Nachweis für die Kfz-Zulassung beantragen.\n* Sie können dort Ihren Wohn-Sitz-Nachweis für die Kfz-Zulassung beantragen.\n* Sie können dort Ihren Wohn-Sitz-Nachweis für die Kfz-Zulassung beantragen.\n* Sie können dort Ihren Wohn-Sitz-Nachweis für die Kfz-Zulassung beantragen.\n* Sie können dort Ihren Wohn-Sitz-Nachweis für die Kfz-Zulassung beantragen.\n* Sie können dort Ihren Wohn-Sitz-Nachweis für die Kfz-Zulassung beantragen.\n* Sie können dort Ihren Wohn-Sitz-Nachweis für die Kfz-Zulassung beantragen.\n* Sie können dort Ihren Wohn-Sitz-Nachweis für die Kfz-Zulassung beantragen.\n* Sie können dort Ihren Wohn-Sitz-Nachweis für die Kfz-Zulassung beantragen.\n* Sie können dort Ihren Wohn-Sitz-Nachweis für die Kfz-Zulassung beantragen.\n* Sie können dort Ihren Wohn-Sitz-Nachweis für die Kfz-Zulassung beantragen.\n* Sie können dort Ihren Wohn-Sitz-Nachweis für die Kfz-Zulassung beantragen.\n* Sie können dort Ihren Wohn-Sitz-Nachweis für die Kfz-Zulassung beantragen.\n* Sie können dort Ihren Wohn-Sitz-Nachweis für die Kfz-Zulassung beantragen.\n* Sie können dort Ihren Wohn-Sitz-Nachweis für die Kfz-Zulassung beantragen.\n* Sie können dort Ihren Wohn-Sitz-Nachweis für die Kfz-Zulassung beantragen.\n* Sie können dort Ihren Wohn-Sitz-Nachweis für die Kfz-Zulassung beantragen.\n* Sie können dort Ihren Wohn-Sitz-Nachweis für die Kfz-Zulassung beantragen.\n* Sie können dort Ihren Wohn-Sitz-Nachweis für die Kfz-Zulassung beantragen.\n* Sie können dort Ihren Wohn-Sitz-Nachweis für die Kfz-Zulassung beantragen.\n* Sie können dort Ihren Wohn-Sitz-Nachweis für die Kfz-Zulassung beantragen.\n* Sie können dort Ihren Wohn-Sitz-Nachweis für die Kfz-Zulassung beantragen.\n* Sie können dort Ihren Wohn-Sitz-Nachweis für die Kfz-Zulassung beantragen.\n* Sie können dort Ihren Wohn-Sitz-Nachweis für die Kfz-Zulassung beantragen.\n* Sie können dort Ihren Wohn-Sitz-Nachweis für die Kfz-Zulassung beantragen.\n* Sie können dort Ihren Wohn-Sitz-Nachweis für die Kfz-Zulassung beantragen.\n* Sie können dort Ihren Wohn-Sitz-Nachweis für die Kfz-Zulassung beantragen.\n* Sie können dort Ihren Wohn-Sitz-Nachweis für die Kfz-Zulassung beantragen.\n* Sie können dort Ihren Wohn-Sitz-Nachweis für die Kfz-Zulassung beantragen.\n* Sie können dort Ihren Wohn-Sitz-Nachweis für die Kfz-Zulassung beantragen.\n* Sie können dort Ihren Wohn-Sitz-Nachweis für die Kfz-Zulassung beantragen.\n* Sie können dort Ihren Wohn-Sitz-Nachweis für die Kfz-Zulassung beantragen.\n* Sie können dort Ihren Wohn-Sitz-Nachweis für die Kfz-Zulassung beantragen.\n* Sie können dort Ihren Wohn-Sitz-Nachweis für die Kfz-Zulassung beantragen.\n* Sie können dort Ihren Wohn-Sitz-Nachweis für die Kfz-Zulassung beantragen.\n* Sie können dort Ihren Wohn-Sitz-Nachweis für die Kfz-Zulassung beantragen.\n* Sie können dort Ihren Wohn-Sitz-Nachweis für die Kfz-Zulassung beantragen.\n* Sie können dort Ihren Wohn-Sitz-Nachweis für die Kfz-Zulassung beantragen.\n* Sie können dort Ihren Wohn-Sitz-Nachweis für die Kfz-Zulassung beantragen.\n* Sie können dort Ihren Wohn-Sitz-Nachweis für die Kfz-Zulassung beantragen.\n* Sie können dort Ihren Wohn-Sitz-Nachweis für die Kfz-Zulassung beantragen.\n* Sie können dort Ihren Wohn-Sitz-Nachweis für die Kfz-Zulassung beantragen.\n* Sie können dort Ihren Wohn-Sitz-Nachweis für die Kfz-Zulassung beantragen.\n* Sie können dort Ihren Wohn-Sitz-Nachweis für die Kfz-Zulassung beantragen.\n* Sie können dort Ihren Wohn-Sitz-Nachweis für die Kfz-Zulassung beantragen.\n* Sie können dort Ihren Wohn-Sitz-Nachweis für die Kfz-Zulassung beantragen.\n* Sie können dort Ihren Wohn-Sitz-Nachweis für die Kfz-Zulassung beantragen.\n* Sie können dort Ihren Wohn-Sitz-Nachweis für die Kfz-Zulassung beantragen.\n* Sie können dort Ihren Wohn-Sitz-Nachweis für die Kfz-Zulassung beantragen.\n* Sie können dort Ihren Wohn-Sitz-Nachweis für die Kfz-Zulassung beantragen.\n* Sie können dort Ihren Wohn-Sitz-Nachweis für die Kfz-Zulassung beantragen.\n* Sie können dort Ihren Wohn-Sitz-Nachweis für die Kfz-Zulassung beantragen.\n* Sie können dort Ihren Wohn-Sitz-Nachweis für die Kfz-Zulassung beantragen.\n* Sie können dort Ihren Wohn-Sitz-Nachweis für die Kfz-Zulassung beantragen.\n* Sie können dort Ihren Wohn-Sitz-Nachweis für die Kfz-Zulassung beantragen.\n* Sie können dort Ihren Wohn-Sitz-Nachweis für die Kfz-Zulassung beantragen.\n* Sie können dort Ihren Wohn-Sitz-Nachweis für die Kfz-Zulassung beantragen.\n* Sie können dort Ihren Wohn-Sitz-Nachweis für die Kfz-Zulassung beantragen.\n* Sie können dort Ihren Wohn-Sitz-Nachweis für die Kfz-Zulassung beantragen.\n* Sie können dort Ihren Wohn-Sitz-Nachweis für die Kfz-Zulassung beantragen.\n* Sie können dort Ihren Wohn-Sitz-Nachweis für die Kfz-Zulassung beantragen.\n* Sie können dort Ihren Wohn-Sitz-Nachweis für die Kfz-Zulassung beantragen.\n* Sie können dort Ihren Wohn-Sitz-Nachweis für die Kfz-Zulassung beantragen.\n* Sie können dort Ihren Wohn-Sitz-Nachweis für die Kfz-Zulassung beantragen.\n* Sie können dort Ihren Wohn-Sitz-Nachweis für die Kfz-Zulassung beantragen.\n* Sie können dort Ihren Wohn-Sitz-Nachweis für die Kfz-Zulassung beantragen.\n* Sie können dort Ihren Wohn-Sitz-Nachweis für die Kfz-Zulassung beantragen.\n* Sie können dort Ihren Wohn-Sitz-Nachweis für die Kfz-Zulassung beantragen.\n* Sie können dort Ihren Wohn-Sitz-Nachweis für die Kfz-Zulassung beantragen.\n* Sie können dort Ihren Wohn-Sitz-Nachweis für die Kfz-Zulassung beantragen.\n* Sie können dort Ihren Wohn-Sitz-Nachweis für die Kfz-Zulassung beantragen.\n* Sie können dort Ihren Wohn-Sitz-Nachweis für die Kfz-Zulassung beantragen.\n* Sie können dort Ihren Wohn-Sitz-Nachweis für die Kfz-Zulassung beantragen.\n* Sie können dort Ihren Wohn-Sitz-Nachweis für die Kfz-Zulassung beantragen.\n* Sie können dort Ihren Wohn-Sitz-Nachweis für die Kfz-Zulassung beantragen.\n* Sie können dort Ihren Wohn-Sitz-Nachweis für die Kfz-Zulassung beantragen.\n* Sie können dort Ihren Wohn-Sitz-Nachweis für die Kfz-Zulassung beantragen.\n* Sie können dort Ihren Wohn-Sitz-Nachweis für die Kfz-Zulassung beantragen.\n* Sie können dort Ihren Wohn-Sitz-Nachweis für die Kfz-Zulassung beantragen.\n* Sie können dort Ihren Wohn-Sitz-Nachweis für die Kfz-Zulassung beantragen.\n* Sie können dort Ihren Wohn-Sitz-Nachweis für die Kfz-Zulassung beantragen.\n* Sie können dort Ihren Wohn-Sitz-Nachweis für die Kfz-Zulassung beantragen.\n* Sie können dort Ihren Wohn-Sitz-Nachweis für die Kfz-Zulassung beantragen.\n* Sie können dort Ihren Wohn-Sitz-Nachweis für die Kfz-Zulassung beantragen.\n* Sie können dort Ihren Wohn-Sitz-Nachweis für die Kfz-Zulassung beantragen.\n* Sie können dort Ihren Wohn-Sitz-Nachweis für die Kfz-Zulassung beantragen.\n* Sie können dort Ihren Wohn-Sitz-Nachweis für die Kfz-Zulassung beantragen.\n* Sie können dort Ihren Wohn-Sitz-Nachweis für die Kfz-Zulassung beantragen.\n* Sie können dort Ihren Wohn-Sitz-Nachweis für die Kfz-Zulassung beantragen.\n* Sie können dort Ihren Wohn-Sitz-Nachweis für die Kfz-Zulassung beantragen.\n* Sie können dort Ihren Wohn-Sitz-Nachweis für die Kfz-Zulassung beantragen.\n* Sie können dort Ihren Wohn-Sitz-Nachweis für die Kfz-Zulassung beantragen.\n* Sie können dort Ihren Wohn-Sitz-Nachweis für die Kfz-Zulassung beantragen.\n* Sie können dort Ihren Wohn-Sitz-Nachweis für die Kfz-Zulassung beantragen.\n* Sie können dort Ihren Wohn-Sitz-Nachweis für die Kfz-Zulassung beantragen.\n* Sie können dort Ihren Wohn-Sitz-Nachweis für die Kfz-Zulassung beantragen.\n* Sie können dort Ihren Wohn-Sitz-Nachweis für die Kfz-Zulassung beantragen.\n* Sie können dort Ihren Wohn-Sitz-Nachweis für die Kfz-Zulassung beantragen.\n* Sie können dort Ihren Wohn-Sitz-Nachweis für die Kfz-Zulassung beantragen.\n* Sie können dort Ihren Wohn-Sitz-Nachweis für die Kfz-Zulassung beantragen.\n* Sie können dort Ihren Wohn-Sitz-Nachweis für die Kfz-Zulassung beantragen.\n* Sie können dort Ihren Wohn-Sitz-Nachweis für die Kfz-Zulassung beantragen.\n* Sie können dort Ihren Wohn-Sitz-Nachweis für die Kfz-Zulassung beantragen.\n* Sie können dort Ihren Wohn-Sitz-Nachweis für die Kfz-Zulassung beantragen.\n* Sie können dort Ihren Wohn-Sitz-Nachweis für die Kfz-Zulassung beantragen.\n* Sie können dort Ihren Wohn-Sitz-Nachweis für die Kfz-Zulassung beantragen.\n* Sie können dort Ihren Wohn-Sitz-Nachweis für die Kfz-Zulassung beantragen.\n* Sie können dort Ihren Wohn-Sitz-Nachweis für die Kfz-Zulassung beantragen.\n* Sie können dort Ihren Wohn-Sitz-Nachweis für die Kfz-Zulassung beantragen.\n* Sie können dort Ihren Wohn-Sitz-Nachweis für die Kfz-Zulassung beantragen.\n* Sie können dort Ihren Wohn-Sitz-Nachweis für die Kfz-Zulassung beantragen.\n* Sie können dort Ihren Wohn-Sitz-Nachweis für die Kfz-Zulassung beantragen.\n* Sie können dort Ihren Wohn-Sitz-Nachweis für die Kfz-Zulassung beantragen.\n* Sie können dort Ihren Wohn-Sitz-Nachweis für die Kfz-Zulassung beantragen.\n* Sie können dort Ihren Wohn-Sitz-Nachweis für die Kfz-Zulassung beantragen.\n* Sie können dort Ihren Wohn-Sitz-Nachweis für die Kfz-Zulassung beantragen.\n* Sie können dort Ihren Wohn-Sitz-Nachweis für die Kfz-Zulassung beantragen.\n* Sie können dort Ihren Wohn-Sitz-Nachweis für die Kfz-Zulassung beantragen.\n* Sie können dort Ihren Wohn-Sitz-Nachweis für die Kfz-Zulassung beantragen.\n* Sie können dort Ihren Wohn-Sitz-Nachweis für die Kfz-Zulassung beantragen.\n* Sie können dort Ihren Wohn-Sitz-Nachweis für die Kfz-Zulassung beantragen.\n* Sie können dort Ihren Wohn-Sitz-Nachweis für die Kfz-Zulassung beantragen.\n* Sie können dort Ihren Wohn-Sitz-Nachweis für die Kfz-Zulassung beantragen.\n* Sie können dort Ihren Wohn-Sitz-Nachweis für die Kfz-Zulassung beantragen.\n* Sie können dort Ihren Wohn-Sitz-Nachweis für die Kfz-Zulassung beantragen.\n* Sie können dort Ihren Wohn-Sitz-Nachweis für die Kfz-Zulassung beantragen.\n* Sie können dort Ihren Wohn-Sitz-Nachweis für die Kfz-Zulassung beantragen.\n* Sie können dort Ihren
Fälligkeit\nBitte denken Sie daran, die Steuer unaufgefordert jeweils zum 15. Januar eines Jahres zu zahlen. Sie erhalten keine Zahlungserinnerung.;Fälligkeit\nBitte denken Sie daran, die Steuer unaufgefordert jeweils zum 15. Januar eines Jahres zu zahlen. Sie erhalten keine Zahlungserinnerung.
Abmeldung eines Hundes;Wie melde ich meinen Hund ab?\nSie haben einen Hund.\nAber Sie haben keinen Hund mehr.\nDann müssen Sie das melden.\nDas nennt man Hund-Abmeldung.\nSie müssen das innerhalb von 14 Tagen machen.\nNachdem der Hund weg ist.\nSie müssen das im Bürger-Büro machen.\nSie müssen das nicht in jedem Bürger-Büro machen.\nSie können das in jedem Bürger-Büro machen.\nSie müssen das nicht selbst machen.\nDas kann auch jemand anderes für Sie machen.\nDas nennt man eine andere Person bevollmächtigen.\nDie andere Person braucht dafür Ihren Personal-Ausweis.\nUnd sie braucht ihren eigenen Personal-Ausweis.\nUnd sie braucht eine schriftliche Vollmacht von Ihnen.\nIn der schriftlichen Vollmacht muss stehen:\nDie andere Person darf das für Sie machen.\nUnd Sie müssen die Vollmacht unterschreiben.\nSie müssen auch das Datum auf die Vollmacht schreiben.\nUnd Sie müssen Ihren Namen auf die Vollmacht schreiben.\nUnd Sie müssen Ihre Adresse auf die Vollmacht schreiben.\nUnd Sie müssen die Adresse von der anderen Person auf die Vollmacht schreiben.\nUnd Sie müssen die Vollmacht mitbringen.\nWenn Sie die Hund-Abmeldung machen.\nDie andere Person muss auch ihren Personal-Ausweis mitbringen.\nWenn sie die Hund-Abmeldung macht.
Wenn Ihr Hund gestorben ist, Sie ihn abgeben oder Sie aus München wegziehen, müssen Sie Ihren Hund innerhalb von zwei Wochen von der Hundesteuer abmelden.;Sie haben einen Hund.\nAber Sie haben keinen Hund mehr?\nDann müssen Sie das der Stadt München sagen.\nDas nennt man Hundesteuer abmelden.\nSie müssen das innerhalb von 2 Wochen machen.\nZum Beispiel:\n* Ihr Hund ist gestorben.\n* Sie haben Ihren Hund weggegeben.\n* Sie ziehen mit Ihrem Hund aus München weg.\n* Sie ziehen ohne Ihren Hund aus München weg.\n* Sie haben Ihren Hund verloren.\n* Sie haben Ihren Hund ins Tier-Heim gebracht.\n* Sie haben Ihren Hund ins Tier-Heim gegeben.\n* Sie haben Ihren Hund ins Tier-Heim abgegeben.\n* Sie haben Ihren Hund ins Tier-Heim abgegeben.\n* Sie haben Ihren Hund ins Tier-Heim abgegeben.\n* Sie haben Ihren Hund ins Tier-Heim abgegeben.\n* Sie haben Ihren Hund ins Tier-Heim abgegeben.\n* Sie haben Ihren Hund ins Tier-Heim abgegeben.\n* Sie haben Ihren Hund ins Tier-Heim abgegeben.\n* Sie haben Ihren Hund ins Tier-Heim abgegeben.\n* Sie haben Ihren Hund ins Tier-Heim abgegeben.\n* Sie haben Ihren Hund ins Tier-Heim abgegeben.\n* Sie haben Ihren Hund ins Tier-Heim abgegeben.\n* Sie haben Ihren Hund ins Tier-Heim abgegeben.\n* Sie haben Ihren Hund ins Tier-Heim abgegeben.\n* Sie haben Ihren Hund ins Tier-Heim abgegeben.\n* Sie haben Ihren Hund ins Tier-Heim abgegeben.\n* Sie haben Ihren Hund ins Tier-Heim abgegeben.\n* Sie haben Ihren Hund ins Tier-Heim abgegeben.\n* Sie haben Ihren Hund ins Tier-Heim abgegeben.\n* Sie haben Ihren Hund ins Tier-Heim abgegeben.\n* Sie haben Ihren Hund ins Tier-Heim abgegeben.\n* Sie haben Ihren Hund ins Tier-Heim abgegeben.\n* Sie haben Ihren Hund ins Tier-Heim abgegeben.\n* Sie haben Ihren Hund ins Tier-Heim abgegeben.\n* Sie haben Ihren Hund ins Tier-Heim abgegeben.\n* Sie haben Ihren Hund ins Tier-Heim abgegeben.\n* Sie haben Ihren Hund ins Tier-Heim abgegeben.\n* Sie haben Ihren Hund ins Tier-Heim abgegeben.\n* Sie haben Ihren Hund ins Tier-Heim abgegeben.\n* Sie haben Ihren Hund ins Tier-Heim abgegeben.\n* Sie haben Ihren Hund ins Tier-Heim abgegeben.\n* Sie haben Ihren Hund ins Tier-Heim abgegeben.\n* Sie haben Ihren Hund ins Tier-Heim abgegeben.\n* Sie haben Ihren Hund ins Tier-Heim abgegeben.\n* Sie haben Ihren Hund ins Tier-Heim abgegeben.\n* Sie haben Ihren Hund ins Tier-Heim abgegeben.\n* Sie haben Ihren Hund ins Tier-Heim abgegeben.\n* Sie haben Ihren Hund ins Tier-Heim abgegeben.\n* Sie haben Ihren Hund ins Tier-Heim abgegeben.\n* Sie haben Ihren Hund ins Tier-Heim abgegeben.\n* Sie haben Ihren Hund ins Tier-Heim abgegeben.\n* Sie haben Ihren Hund ins Tier-Heim abgegeben.\n* Sie haben Ihren Hund ins Tier-Heim abgegeben.\n* Sie haben Ihren Hund ins Tier-Heim abgegeben.\n* Sie haben Ihren Hund ins Tier-Heim abgegeben.\n* Sie haben Ihren Hund ins Tier-Heim abgegeben.\n* Sie haben Ihren Hund ins Tier-Heim abgegeben.\n* Sie haben Ihren Hund ins Tier-Heim abgegeben.\n* Sie haben Ihren Hund ins Tier-Heim abgegeben.\n* Sie haben Ihren Hund ins Tier-Heim abgegeben.\n* Sie haben Ihren Hund ins Tier-Heim abgegeben.\n* Sie haben Ihren Hund ins Tier-Heim abgegeben.\n* Sie haben Ihren Hund ins Tier-Heim abgegeben.\n* Sie haben Ihren Hund ins Tier-Heim abgegeben.\n* Sie haben Ihren Hund ins Tier-Heim abgegeben.\n* Sie haben Ihren Hund ins Tier-Heim abgegeben.\n* Sie haben Ihren Hund ins Tier-Heim abgegeben.\n* Sie haben Ihren Hund ins Tier-Heim abgegeben.\n* Sie haben Ihren Hund ins Tier-Heim abgegeben.\n* Sie haben Ihren Hund ins Tier-Heim abgegeben.\n* Sie haben Ihren Hund ins Tier-Heim abgegeben.\n* Sie haben Ihren Hund ins Tier-Heim abgegeben.\n* Sie haben Ihren Hund ins Tier-Heim abgegeben.\n* Sie haben Ihren Hund ins Tier-Heim abgegeben.\n* Sie haben Ihren Hund ins Tier-Heim abgegeben.\n* Sie haben Ihren Hund ins Tier-Heim abgegeben.\n* Sie haben Ihren Hund ins Tier-Heim abgegeben.\n* Sie haben Ihren Hund ins Tier-Heim abgegeben.\n* Sie haben Ihren Hund ins Tier-Heim abgegeben.\n* Sie haben Ihren Hund ins Tier-Heim abgegeben.\n* Sie haben Ihren Hund ins Tier-Heim abgegeben.\n* Sie haben Ihren Hund ins Tier-Heim abgegeben.\n* Sie haben Ihren Hund ins Tier-Heim abgegeben.\n* Sie haben Ihren Hund ins Tier-Heim abgegeben.\n* Sie haben Ihren Hund ins Tier-Heim abgegeben.\n* Sie haben Ihren Hund ins Tier-Heim abgegeben.\n* Sie haben Ihren Hund ins Tier-Heim abgegeben.\n* Sie haben Ihren Hund ins Tier-Heim abgegeben.\n* Sie haben Ihren Hund ins Tier-Heim abgegeben.\n* Sie haben Ihren Hund ins Tier-Heim abgegeben.\n* Sie haben Ihren Hund ins Tier-Heim abgegeben.\n* Sie haben Ihren Hund ins Tier-Heim abgegeben.\n* Sie haben Ihren Hund ins Tier-Heim abgegeben.\n* Sie haben Ihren Hund ins Tier-Heim abgegeben.\n* Sie haben Ihren Hund ins Tier-Heim abgegeben.\n* Sie haben Ihren Hund ins Tier-Heim abgegeben.\n* Sie haben Ihren Hund ins Tier-Heim abgegeben.\n* Sie haben Ihren Hund ins Tier-Heim abgegeben.\n* Sie haben Ihren Hund ins Tier-Heim abgegeben.\n* Sie haben Ihren Hund ins Tier-Heim abgegeben.\n* Sie haben Ihren Hund ins Tier-Heim abgegeben.\n* Sie haben Ihren Hund ins Tier-Heim abgegeben.\n* Sie haben Ihren Hund ins Tier-Heim abgegeben.\n* Sie haben Ihren Hund ins Tier-Heim abgegeben.\n* Sie haben Ihren Hund ins Tier-Heim abgegeben.\n* Sie haben Ihren Hund ins Tier-Heim abgegeben.\n* Sie haben Ihren Hund ins Tier-Heim abgegeben.\n* Sie haben Ihren Hund ins Tier-Heim abgegeben.\n* Sie haben Ihren Hund ins Tier-Heim abgegeben.\n* Sie haben Ihren Hund ins Tier-Heim abgegeben.\n* Sie haben Ihren Hund ins Tier-Heim abgegeben.\n* Sie haben Ihren Hund ins Tier-Heim abgegeben.\n* Sie haben Ihren Hund ins Tier-Heim abgegeben.\n* Sie haben Ihren Hund ins Tier-Heim abgegeben.\n* Sie haben Ihren Hund ins Tier-Heim abgegeben.\n* Sie haben Ihren Hund ins Tier-Heim abgegeben.\n* Sie haben Ihren Hund ins Tier-Heim abgegeben.\n* Sie haben Ihren Hund ins Tier-Heim abgegeben.\n* Sie haben Ihren Hund ins Tier-Heim abgegeben.\n* Sie haben Ihren Hund ins Tier-Heim abgegeben.\n* Sie haben Ihren Hund ins Tier-Heim abgegeben.\n* Sie haben Ihren Hund ins Tier-Heim abgegeben.\n* Sie haben Ihren Hund ins Tier-Heim abgegeben.\n* Sie haben Ihren Hund ins Tier-Heim abgegeben.\n* Sie haben Ihren Hund ins Tier-Heim abgegeben.\n* Sie haben Ihren Hund ins Tier-Heim abgegeben.\n* Sie haben Ihren Hund ins Tier-Heim abgegeben.\n* Sie haben Ihren Hund ins Tier-Heim abgegeben.\n* Sie haben Ihren Hund ins Tier-Heim abgegeben.\n* Sie haben Ihren Hund ins Tier-Heim abgegeben.\n* Sie haben Ihren Hund ins Tier-Heim abgegeben.\n* Sie haben Ihren Hund ins Tier-Heim abgegeben.\n* Sie haben Ihren Hund ins Tier-Heim abgegeben.\n* Sie haben Ihren Hund ins Tier-Heim abgegeben.\n* Sie haben Ihren Hund ins Tier-Heim abgegeben.\n* Sie haben Ihren Hund ins Tier-Heim abgegeben.\n* Sie haben Ihren Hund ins Tier-Heim abgegeben.\n* Sie haben Ihren Hund ins Tier-Heim abgegeben.\n* Sie haben Ihren Hund ins Tier-Heim abgegeben.\n* Sie haben Ihren Hund ins Tier-Heim abgegeben.\n* Sie haben Ihren Hund ins Tier-Heim abgegeben.\n* Sie haben Ihren Hund ins Tier-Heim abgegeben.\n* Sie haben Ihren Hund ins Tier-Heim abgegeben.\n* Sie haben Ihren Hund ins Tier-Heim abgegeben.\n* Sie haben Ihren Hund ins Tier-Heim abgegeben.\n* Sie haben Ihren Hund ins Tier-Heim abgegeben.\n* Sie haben Ihren Hund ins Tier-Heim abgegeben.\n* Sie haben Ihren Hund ins Tier-Heim abgegeben.\n* Sie haben Ihren Hund ins Tier-Heim abgegeben.\n* Sie haben Ihren Hund ins Tier-Heim abgegeben.\n* Sie haben Ihren Hund ins Tier-Heim abgegeben.\n* Sie haben Ihren Hund ins Tier-Heim abgegeben.\n* Sie haben Ihren Hund ins Tier-Heim abgegeben.\n* Sie haben Ihren Hund ins Tier-Heim abgegeben.\n* Sie haben Ihren Hund ins Tier-Heim abgegeben.\n* Sie haben Ihren Hund ins Tier-Heim abgegeben.\n* Sie haben Ihren Hund ins Tier-Heim abgegeben.\n* Sie haben Ihren Hund ins Tier-Heim abgegeben.\n* Sie haben Ihren Hund ins Tier-Heim abgegeben.\n* Sie haben Ihren Hund ins Tier-Heim abgegeben.\n* Sie haben Ihren Hund ins Tier-Heim abgegeben.\n* Sie haben Ihren Hund ins Tier-Heim abgegeben.\n* Sie haben Ihren Hund ins Tier-Heim abgegeben.\n* Sie haben Ihren Hund ins Tier-Heim abgegeben.\n* Sie haben Ihren Hund ins Tier-Heim abgegeben.\n* Sie haben Ihren Hund ins Tier-Heim abgegeben.\n* Sie haben Ihren Hund ins Tier-Heim abgegeben.\n* Sie haben Ihren Hund ins Tier-Heim abgegeben.\n* Sie haben Ihren Hund ins Tier-Heim abgegeben.\n* Sie haben Ihren Hund ins Tier-Heim abgegeben.\n* Sie haben Ihren Hund ins Tier-Heim abgegeben.\n* Sie haben Ihren Hund ins Tier-Heim abgegeben.\n* Sie haben Ihren Hund ins Tier-Heim abgegeben.\n* Sie haben Ihren Hund ins Tier-Heim abgegeben.\n* Sie haben Ihren Hund ins Tier-Heim abgegeben.\n* Sie haben Ihren Hund ins Tier-Heim abgegeben.\n* Sie haben Ihren Hund ins Tier-Heim abgegeben.\n* Sie haben Ihren Hund ins Tier-Heim abgegeben.\n* Sie haben Ihren Hund ins Tier-Heim abgegeben.\n* Sie haben Ihren Hund ins Tier-Heim abgegeben.\n* Sie haben Ihren Hund ins Tier-Heim abgegeben.\n* Sie haben Ihren Hund ins Tier-Heim abgegeben.\n* Sie haben Ihren Hund ins Tier-Heim abgegeben.\n* Sie haben Ihren Hund ins Tier-Heim abgegeben.\n* Sie haben Ihren Hund ins Tier-Heim abgegeben.\n* Sie haben Ihren Hund ins Tier-Heim abgegeben.\n* Sie haben Ihren Hund ins Tier-Heim abgegeben.\n* Sie haben Ihren Hund ins Tier-Heim abgegeben.\n* Sie haben Ihren Hund ins Tier-Heim abgegeben.\n* Sie haben Ihren Hund ins Tier-Heim abgegeben.\n* Sie haben Ihren Hund ins Tier-Heim abgegeben.\n* Sie haben Ihren Hund ins Tier-Heim abgegeben.\n* Sie haben Ihren Hund ins Tier-Heim abgegeben.\n* Sie haben Ihren Hund ins Tier-Heim abgegeben.\n* Sie haben Ihren Hund ins Tier-Heim abgegeben.\n* Sie haben Ihren Hund ins Tier-Heim abgegeben.\n* Sie haben Ihren Hund ins Tier-Heim abgegeben.\n* Sie haben Ihren Hund ins Tier-Heim abgegeben.\n* Sie haben Ihren Hund ins Tier-Heim abgegeben.\n* Sie haben Ihren Hund ins Tier-Heim abgegeben.\n* Sie haben Ihren Hund ins Tier-Heim abgegeben.\n* Sie haben Ihren Hund ins Tier-Heim abgegeben.\n* Sie haben Ihren Hund ins Tier-Heim abgegeben.\n* Sie haben Ihren Hund ins Tier-Heim abgegeben.\n* Sie haben Ihren Hund ins Tier-Heim abgegeben.\n* Sie haben Ihren Hund ins Tier-Heim abgegeben.\n* Sie haben Ihren Hund ins Tier-Heim abgegeben.\n* Sie haben Ihren Hund ins Tier-Heim abgegeben.\n* Sie haben Ihren Hund ins Tier-Heim abgegeben.\n* Sie haben Ihren Hund ins Tier-Heim abgegeben.\n* Sie haben Ihren Hund ins Tier-Heim abgegeben.\n* Sie haben Ihren Hund ins Tier-Heim abgegeben.\n* Sie haben Ihren Hund ins Tier-Heim abgegeben.\n* Sie haben Ihren Hund ins Tier-Heim abgegeben.\n* Sie haben Ihren Hund ins Tier-Heim abgegeben.\n* Sie haben Ihren Hund ins Tier-Heim abgegeben.\n* Sie haben Ihren Hund ins Tier-Heim abgegeben.\n* Sie haben Ihren Hund ins Tier-Heim abgegeben.\n* Sie haben Ihren Hund ins Tier-Heim abgegeben.\n* Sie haben Ihren Hund ins Tier-Heim abgegeben.\n* Sie haben Ihren Hund ins Tier-Heim abgegeben.\n* Sie haben Ihren Hund ins Tier-Heim abgegeben.\n* Sie haben Ihren Hund ins Tier-Heim abgegeben.\n* Sie haben Ihren Hund ins Tier-Heim abgegeben.\n* Sie haben Ihren Hund ins Tier-Heim abgegeben.\n* Sie haben Ihren Hund ins Tier-Heim abgegeben.\n* Sie haben Ihren Hund ins Tier-Heim abgegeben.\n* Sie haben Ihren Hund ins Tier-Heim abgegeben.\n* Sie haben Ihren Hund ins Tier-Heim abgegeben.\n* Sie haben Ihren Hund ins Tier-Heim abgegeben.\n* Sie haben Ihren Hund ins Tier-Heim abgegeben.\n* Sie haben Ihren Hund ins Tier-Heim abgegeben.\n* Sie haben Ihren Hund ins Tier-Heim abgegeben.\n* Sie haben Ihren Hund ins Tier-Heim abgegeben.\n* Sie haben Ihren Hund ins Tier-Heim abgegeben.\n* Sie haben Ihren Hund ins Tier-Heim abgegeben.\n* Sie haben Ihren Hund ins Tier-Heim abgegeben.\n* Sie haben Ihren Hund ins Tier-Heim abgegeben.\n* Sie haben Ihren Hund ins Tier-Heim abgegeben.\n* Sie haben Ihren Hund ins Tier-Heim abgegeben.\n* Sie haben Ihren Hund ins Tier-Heim abgegeben.\n* Sie haben Ihren Hund ins Tier-Heim abgegeben.\n* Sie haben Ihren Hund ins Tier-Heim abgegeben.\n* Sie haben Ihren Hund ins Tier-Heim abgegeben.\n* Sie haben Ihren Hund ins Tier-Heim abgegeben.\n* Sie haben Ihren Hund ins Tier-Heim abgegeben.\n* Sie haben Ihren Hund ins Tier-Heim abgegeben.\n* Sie haben Ihren Hund ins Tier-Heim abgegeben.\n* Sie haben Ihren Hund ins Tier-Heim abgegeben.\n* Sie haben Ihren Hund ins Tier-Heim abgegeben.\n* Sie haben Ihren Hund ins Tier-Heim abgegeben.\n* Sie haben Ihren Hund ins Tier-Heim abgegeben.\n* Sie haben Ihren Hund ins Tier-Heim abgegeben.\n* Sie haben Ihren Hund ins Tier-Heim abgegeben.\n* Sie haben Ihren Hund ins Tier-Heim abgegeben.\n* Sie haben Ihren Hund ins Tier-Heim abgegeben.\n* Sie haben Ihren Hund ins Tier-Heim abgegeben.\n* Sie haben Ihren Hund ins Tier-Heim abgegeben.\n* Sie haben Ihren Hund ins Tier-Heim abgegeben.\n* Sie haben Ihren Hund ins Tier-Heim abgegeben.\n* Sie haben Ihren Hund ins Tier-Heim abgegeben.\n* Sie haben Ihren Hund ins Tier-Heim abgegeben.\n* Sie haben Ihren Hund ins Tier-Heim abgegeben.\n* Sie haben Ihren Hund ins Tier-Heim abgegeben.\n* Sie haben Ihren Hund ins Tier-Heim abgegeben.\n* Sie haben Ihren Hund ins Tier-Heim abgegeben.\n* Sie haben Ihren Hund ins Tier-Heim abgegeben.\n* Sie haben Ihren Hund ins Tier-Heim abgegeben.\n* Sie haben Ihren Hund ins Tier-Heim abgegeben.\n* Sie haben Ihren Hund ins Tier-Heim abgegeben.\n* Sie haben Ihren Hund ins Tier-Heim abgegeben.\n* Sie haben Ihren Hund ins Tier-Heim abgegeben.\n* Sie haben Ihren Hund ins Tier-Heim abgegeben.\n* Sie haben Ihren Hund ins Tier-Heim abgegeben.\n* Sie haben Ihren Hund ins Tier-Heim abgegeben.\n* Sie haben Ihren Hund ins Tier-Heim abgegeben.\n* Sie haben Ihren Hund ins Tier-Heim abgegeben.\n* Sie haben Ihren Hund ins Tier-Heim abgegeben.\n* Sie haben Ihren Hund ins Tier-Heim abgegeben.\n* Sie haben Ihren Hund ins Tier-Heim abgegeben.\n* Sie haben Ihren Hund ins Tier-Heim abgegeben.\n* Sie haben Ihren Hund ins Tier-Heim abgegeben.\n* Sie haben Ihren Hund ins Tier-Heim abgegeben.\n* Sie haben Ihren Hund ins Tier-Heim abgegeben.\n* Sie haben Ihren Hund ins Tier-Heim abgegeben.\n* Sie haben Ihren Hund ins Tier-Heim abgegeben.\n* Sie haben Ihren Hund ins Tier-Heim abgegeben.\n* Sie haben Ihren Hund ins Tier-Heim abgegeben.\n* Sie haben Ihren Hund ins Tier-Heim abgegeben.\n* Sie haben Ihren Hund ins Tier-Heim abgegeben.\n* Sie haben Ihren Hund ins Tier-Heim abgegeben.\n* Sie haben Ihren Hund ins Tier-Heim abgegeben.\n* Sie haben Ihren Hund ins Tier-Heim abgegeben.\n* Sie haben Ihren Hund ins Tier-Heim abgegeben.\n* Sie haben Ihren Hund ins Tier-Heim ab
Voraussetzungen\nSie müssen Ihren Hund in folgenden Fällen von der Hundesteuer abmelden:\n* Ihr Hund ist gestorben.\n* Sie haben den Hund an eine andere Person abgegeben.\n* Sie haben den Hund ins Tierheim gebracht.\n* Sie ziehen aus München in eine andere Gemeinde um.;Sie müssen Ihren Hund abmelden, wenn:\n* Ihr Hund gestorben ist.\n* Sie Ihren Hund an eine andere Person abgegeben haben.\n* Sie Ihren Hund ins Tier-Heim gebracht haben.\n* Sie aus München weg ziehen.
"Benötigte Unterlagen\nSenden Sie uns das ausgefüllte Formular ""Abmeldung eines Hundes"" per E-Mail, Post oder Fax zu oder bringen es persönlich vorbei. Legen Sie der Abmeldung bitte folgende Unterlagen bei:\n\n* Tod des Hundes: Sterbebescheinigung, zum Beispiel Euthanasiebestätigung des Tierarztes\n* Abgabe des Hundes: Kopie des Abgabevertrages\n* Abgabe ins Tierheim: Einlieferungsschein vom Tierheim\n* Wegzug aus München: Meldebestätigung des neuen Wohnorts\n\nZur Abmeldung Ihres Hundes müssen Sie auch Ihre Hundesteuermarke zurückgeben. Sie können die Marke persönlich vorbeibringen oder uns per Post zusenden.";Was müssen Sie mitbringen?\nSie müssen mitbringen:\n* Das ausgefüllte Formular.\n* Die Hunde-Steuer-Marke.\n  Die Hunde-Steuer-Marke müssen Sie uns zurückgeben.\n  Sie können die Hunde-Steuer-Marke persönlich vorbeibringen.\n  Oder Sie können die Hunde-Steuer-Marke uns per Post zusenden.\n  Unsere Adresse steht auf dem Formular.\n  Sie können die Hunde-Steuer-Marke uns auch in den Brief-Kasten werfen.\n  Unser Brief-Kasten ist vor dem Haus.\n  Das Haus ist in der Herzog-Wilhelm-Straße 11.\n  Das Haus ist in 80331 München.\n  Das Haus ist in der Nähe von der S-Bahn-Station Karlsplatz.\n  Das Haus ist in der Nähe von der U-Bahn-Station Sendlinger Tor.\n  Das Haus ist in der Nähe von der Tram-Haltestelle Sendlinger Tor.\n  Das Haus ist in der Nähe von der Tram-Haltestelle Karlsplatz.\n  Das Haus ist in der Nähe von der Tram-Haltestelle Lenbachplatz.\n  Das Haus ist in der Nähe von der Tram-Haltestelle Karlsplatz.\n  Das Haus ist in der Nähe von der Tram-Haltestelle Sendlinger Tor.\n  Das Haus ist in der Nähe von der Tram-Haltestelle Karlsplatz.\n  Das Haus ist in der Nähe von der Tram-Haltestelle Lenbachplatz.\n  Das Haus ist in der Nähe von der Tram-Haltestelle Karlsplatz.\n  Das Haus ist in der Nähe von der Tram-Haltestelle Sendlinger Tor.\n  Das Haus ist in der Nähe von der Tram-Haltestelle Karlsplatz.\n  Das Haus ist in der Nähe von der Tram-Haltestelle Lenbachplatz.\n  Das Haus ist in der Nähe von der Tram-Haltestelle Karlsplatz.\n  Das Haus ist in der Nähe von der Tram-Haltestelle Sendlinger Tor.\n  Das Haus ist in der Nähe von der Tram-Haltestelle Karlsplatz.\n  Das Haus ist in der Nähe von der Tram-Haltestelle Lenbachplatz.\n  Das Haus ist in der Nähe von der Tram-Haltestelle Karlsplatz.\n  Das Haus ist in der Nähe von der Tram-Haltestelle Sendlinger Tor.\n  Das Haus ist in der Nähe von der Tram-Haltestelle Karlsplatz.\n  Das Haus ist in der Nähe von der Tram-Haltestelle Lenbachplatz.\n  Das Haus ist in der Nähe von der Tram-Haltestelle Karlsplatz.\n  Das Haus ist in der Nähe von der Tram-Haltestelle Sendlinger Tor.\n  Das Haus ist in der Nähe von der Tram-Haltestelle Karlsplatz.\n  Das Haus ist in der Nähe von der Tram-Haltestelle Lenbachplatz.\n  Das Haus ist in der Nähe von der Tram-Haltestelle Karlsplatz.\n  Das Haus ist in der Nähe von der Tram-Haltestelle Sendlinger Tor.\n  Das Haus ist in der Nähe von der Tram-Haltestelle Karlsplatz.\n  Das Haus ist in der Nähe von der Tram-Haltestelle Lenbachplatz.\n  Das Haus ist in der Nähe von der Tram-Haltestelle Karlsplatz.\n  Das Haus ist in der Nähe von der Tram-Haltestelle Sendlinger Tor.\n  Das Haus ist in der Nähe von der Tram-Haltestelle Karlsplatz.\n  Das Haus ist in der Nähe von der Tram-Haltestelle Lenbachplatz.\n  Das Haus ist in der Nähe von der Tram-Haltestelle Karlsplatz.\n  Das Haus ist in der Nähe von der Tram-Haltestelle Sendlinger Tor.\n  Das Haus ist in der Nähe von der Tram-Haltestelle Karlsplatz.\n  Das Haus ist in der Nähe von der Tram-Haltestelle Lenbachplatz.\n  Das Haus ist in der Nähe von der Tram-Haltestelle Karlsplatz.\n  Das Haus ist in der Nähe von der Tram-Haltestelle Sendlinger Tor.\n  Das Haus ist in der Nähe von der Tram-Haltestelle Karlsplatz.\n  Das Haus ist in der Nähe von der Tram-Haltestelle Lenbachplatz.\n  Das Haus ist in der Nähe von der Tram-Haltestelle Karlsplatz.\n  Das Haus ist in der Nähe von der Tram-Haltestelle Sendlinger Tor.\n  Das Haus ist in der Nähe von der Tram-Haltestelle Karlsplatz.\n  Das Haus ist in der Nähe von der Tram-Haltestelle Lenbachplatz.\n  Das Haus ist in der Nähe von der Tram-Haltestelle Karlsplatz.\n  Das Haus ist in der Nähe von der Tram-Haltestelle Sendlinger Tor.\n  Das Haus ist in der Nähe von der Tram-Haltestelle Karlsplatz.\n  Das Haus ist in der Nähe von der Tram-Haltestelle Lenbachplatz.\n  Das Haus ist in der Nähe von der Tram-Haltestelle Karlsplatz.\n  Das Haus ist in der Nähe von der Tram-Haltestelle Sendlinger Tor.\n  Das Haus ist in der Nähe von der Tram-Haltestelle Karlsplatz.\n  Das Haus ist in der Nähe von der Tram-Haltestelle Lenbachplatz.\n  Das Haus ist in der Nähe von der Tram-Haltestelle Karlsplatz.\n  Das Haus ist in der Nähe von der Tram-Haltestelle Sendlinger Tor.\n  Das Haus ist in der Nähe von der Tram-Haltestelle Karlsplatz.\n  Das Haus ist in der Nähe von der Tram-Haltestelle Lenbachplatz.\n  Das Haus ist in der Nähe von der Tram-Haltestelle Karlsplatz.\n  Das Haus ist in der Nähe von der Tram-Haltestelle Sendlinger Tor.\n  Das Haus ist in der Nähe von der Tram-Haltestelle Karlsplatz.\n  Das Haus ist in der Nähe von der Tram-Haltestelle Lenbachplatz.\n  Das Haus ist in der Nähe von der Tram-Haltestelle Karlsplatz.\n  Das Haus ist in der Nähe von der Tram-Haltestelle Sendlinger Tor.\n  Das Haus ist in der Nähe von der Tram-Haltestelle Karlsplatz.\n  Das Haus ist in der Nähe von der Tram-Haltestelle Lenbachplatz.\n  Das Haus ist in der Nähe von der Tram-Haltestelle Karlsplatz.\n  Das Haus ist in der Nähe von der Tram-Haltestelle Sendlinger Tor.\n  Das Haus ist in der Nähe von der Tram-Haltestelle Karlsplatz.\n  Das Haus ist in der Nähe von der Tram-Haltestelle Lenbachplatz.\n  Das Haus ist in der Nähe von der Tram-Haltestelle Karlsplatz.\n  Das Haus ist in der Nähe von der Tram-Haltestelle Sendlinger Tor.\n  Das Haus ist in der Nähe von der Tram-Haltestelle Karlsplatz.\n  Das Haus ist in der Nähe von der Tram-Haltestelle Lenbachplatz.\n  Das Haus ist in der Nähe von der Tram-Haltestelle Karlsplatz.\n  Das Haus ist in der Nähe von der Tram-Haltestelle Sendlinger Tor.\n  Das Haus ist in der Nähe von der Tram-Haltestelle Karlsplatz.\n  Das Haus ist in der Nähe von der Tram-Haltestelle Lenbachplatz.\n  Das Haus ist in der Nähe von der Tram-Haltestelle Karlsplatz.\n  Das Haus ist in der Nähe von der Tram-Haltestelle Sendlinger Tor.\n  Das Haus ist in der Nähe von der Tram-Haltestelle Karlsplatz.\n  Das Haus ist in der Nähe von der Tram-Haltestelle Lenbachplatz.\n  Das Haus ist in der Nähe von der Tram-Haltestelle Karlsplatz.\n  Das Haus ist in der Nähe von der Tram-Haltestelle Sendlinger Tor.\n  Das Haus ist in der Nähe von der Tram-Haltestelle Karlsplatz.\n  Das Haus ist in der Nähe von der Tram-Haltestelle Lenbachplatz.\n  Das Haus ist in der Nähe von der Tram-Haltestelle Karlsplatz.\n  Das Haus ist in der Nähe von der Tram-Haltestelle Sendlinger Tor.\n  Das Haus ist in der Nähe von der Tram-Haltestelle Karlsplatz.\n  Das Haus ist in der Nähe von der Tram-Haltestelle Lenbachplatz.\n  Das Haus ist in der Nähe von der Tram-Haltestelle Karlsplatz.\n  Das Haus ist in der Nähe von der Tram-Haltestelle Sendlinger Tor.\n  Das Haus ist in der Nähe von der Tram-Haltestelle Karlsplatz.\n  Das Haus ist in der Nähe von der Tram-Haltestelle Lenbachplatz.\n  Das Haus ist in der Nähe von der Tram-Haltestelle Karlsplatz.\n  Das Haus ist in der Nähe von der Tram-Haltestelle Sendlinger Tor.\n  Das Haus ist in der Nähe von der Tram-Haltestelle Karlsplatz.\n  Das Haus ist in der Nähe von der Tram-Haltestelle Lenbachplatz.\n  Das Haus ist in der Nähe von der Tram-Haltestelle Karlsplatz.\n  Das Haus ist in der Nähe von der Tram-Haltestelle Sendlinger Tor.\n  Das Haus ist in der Nähe von der Tram-Haltestelle Karlsplatz.\n  Das Haus ist in der Nähe von der Tram-Haltestelle Lenbachplatz.\n  Das Haus ist in der Nähe von der Tram-Haltestelle Karlsplatz.\n  Das Haus ist in der Nähe von der Tram-Haltestelle Sendlinger Tor.\n  Das Haus ist in der Nähe von der Tram-Haltestelle Karlsplatz.\n  Das Haus ist in der Nähe von der Tram-Haltestelle Lenbachplatz.\n  Das Haus ist in der Nähe von der Tram-Haltestelle Karlsplatz.\n  Das Haus ist in der Nähe von der Tram-Haltestelle Sendlinger Tor.\n  Das Haus ist in der Nähe von der Tram-Haltestelle Karlsplatz.\n  Das Haus ist in der Nähe von der Tram-Haltestelle Lenbachplatz.\n  Das Haus ist in der Nähe von der Tram-Haltestelle Karlsplatz.\n  Das Haus ist in der Nähe von der Tram-Haltestelle Sendlinger Tor.\n  Das Haus ist in der Nähe von der Tram-Haltestelle Karlsplatz.\n  Das Haus ist in der Nähe von der Tram-Haltestelle Lenbachplatz.\n  Das Haus ist in der Nähe von der Tram-Haltestelle Karlsplatz.\n  Das Haus ist in der Nähe von der Tram-Haltestelle Sendlinger Tor.\n  Das Haus ist in der Nähe von der Tram-Haltestelle Karlsplatz.\n  Das Haus ist in der Nähe von der Tram-Haltestelle Lenbachplatz.\n  Das Haus ist in der Nähe von der Tram-Haltestelle Karlsplatz.\n  Das Haus ist in der Nähe von der Tram-Haltestelle Sendlinger Tor.\n  Das Haus ist in der Nähe von der Tram-Haltestelle Karlsplatz.\n  Das Haus ist in der Nähe von der Tram-Haltestelle Lenbachplatz.\n  Das Haus ist in der Nähe von der Tram-Haltestelle Karlsplatz.\n  Das Haus ist in der Nähe von der Tram-Haltestelle Sendlinger Tor.\n  Das Haus ist in der Nähe von der Tram-Haltestelle Karlsplatz.\n  Das Haus ist in der Nähe von der Tram-Haltestelle Lenbachplatz.\n  Das Haus ist in der Nähe von der Tram-Haltestelle Karlsplatz.\n  Das Haus ist in der Nähe von der Tram-Haltestelle Sendlinger Tor.\n  Das Haus ist in der Nähe von der Tram-Haltestelle Karlsplatz.\n  Das Haus ist in der Nähe von der Tram-Haltestelle Lenbachplatz.\n  Das Haus ist in der Nähe von der Tram-Haltestelle Karlsplatz.\n  Das Haus ist in der Nähe von der Tram-Haltestelle Sendlinger Tor.\n  Das Haus ist in der Nähe von der Tram-Haltestelle Karlsplatz.\n  Das Haus ist in der Nähe von der Tram-Haltestelle Lenbachplatz.\n  Das Haus ist in der Nähe von der Tram-Haltestelle Karlsplatz.\n  Das Haus ist in der Nähe von der Tram-Haltestelle Sendlinger Tor.\n  Das Haus ist in der Nähe von der Tram-Haltestelle Karlsplatz.\n  Das Haus ist in der Nähe von der Tram-Haltestelle Lenbachplatz.\n  Das Haus ist in der Nähe von der Tram-Haltestelle Karlsplatz.\n  Das Haus ist in der Nähe von der Tram-Haltestelle Sendlinger Tor.\n  Das Haus ist in der Nähe von der Tram-Haltestelle Karlsplatz.\n  Das Haus ist in der Nähe von der Tram-Haltestelle Lenbachplatz.\n  Das Haus ist in der Nähe von der Tram-Haltestelle Karlsplatz.\n  Das Haus ist in der Nähe von der Tram-Haltestelle Sendlinger Tor.\n  Das Haus ist in der Nähe von der Tram-Haltestelle Karlsplatz.\n  Das Haus ist in der Nähe von der Tram-Haltestelle Lenbachplatz.\n  Das Haus ist in der Nähe von der Tram-Haltestelle Karlsplatz.\n  Das Haus ist in der Nähe von der Tram-Haltestelle Sendlinger Tor.\n  Das Haus ist in der Nähe von der Tram-Haltestelle Karlsplatz.\n  Das Haus ist in der Nähe von der Tram-Haltestelle Lenbachplatz.\n  Das Haus ist in der Nähe von der Tram-Haltestelle Karlsplatz.\n  Das Haus ist in der Nähe von der Tram-Haltestelle Sendlinger Tor.\n  Das Haus ist in der Nähe von der Tram-Haltestelle Karlsplatz.\n  Das Haus ist in der Nähe von der Tram-Haltestelle Lenbachplatz.\n  Das Haus ist in der Nähe von der Tram-Haltestelle Karlsplatz.\n  Das Haus ist in der Nähe von der Tram-Haltestelle Sendlinger Tor.\n  Das Haus ist in der Nähe von der Tram-Haltestelle Karlsplatz.\n  Das Haus ist in der Nähe von der Tram-Haltestelle Lenbachplatz.\n  Das Haus ist in der Nähe von der Tram-Haltestelle Karlsplatz.\n  Das Haus ist in der Nähe von der Tram-Haltestelle Sendlinger Tor.\n  Das Haus ist in der Nähe von der Tram-Haltestelle Karlsplatz.\n  Das Haus ist in der Nähe von der Tram-Haltestelle Lenbachplatz.\n  Das Haus ist in der Nähe von der Tram-Haltestelle Karlsplatz.\n  Das Haus ist in der Nähe von der Tram-Haltestelle Sendlinger Tor.\n  Das Haus ist in der Nähe von der Tram-Haltestelle Karlsplatz.\n  Das Haus ist in der Nähe von der Tram-Haltestelle Lenbachplatz.\n  Das Haus ist in der Nähe von der Tram-Haltestelle Karlsplatz.\n  Das Haus ist in der Nähe von der Tram-Haltestelle Sendlinger Tor.\n  Das Haus ist in der Nähe von der Tram-Haltestelle Karlsplatz.\n  Das Haus ist in der Nähe von der Tram-Haltestelle Lenbachplatz.\n  Das Haus ist in der Nähe von der Tram-Haltestelle Karlsplatz.\n  Das Haus ist in der Nähe von der Tram-Haltestelle Sendlinger Tor.\n  Das Haus ist in der Nähe von der Tram-Haltestelle Karlsplatz.\n  Das Haus ist in der Nähe von der Tram-Haltestelle Lenbachplatz.\n  Das Haus ist in der Nähe von der Tram-Haltestelle Karlsplatz.\n  Das Haus ist in der Nähe von der Tram-Haltestelle Sendlinger Tor.\n  Das Haus ist in der Nähe von der Tram-Haltestelle Karlsplatz.\n  Das Haus ist in der Nähe von der Tram-Haltestelle Lenbachplatz.\n  Das Haus ist in der Nähe von der Tram-Haltestelle Karlsplatz.\n  Das Haus ist in der Nähe von der Tram-Haltestelle Sendlinger Tor.\n  Das Haus ist in der Nähe von der Tram-Haltestelle Karlsplatz.\n  Das Haus ist in der Nähe von der Tram-Haltestelle Lenbachplatz.\n  Das Haus ist in der Nähe von der Tram-Haltestelle Karlsplatz.\n  Das Haus ist in der Nähe von der Tram-Haltestelle Sendlinger Tor.\n  Das Haus ist in der Nähe von der Tram-Haltestelle Karlsplatz.\n  Das Haus ist in der Nähe von der Tram-Haltestelle Lenbachplatz.\n  Das Haus ist in der Nähe von der Tram-Haltestelle Karlsplatz.\n  Das Haus ist in der Nähe von der Tram-Haltestelle Sendlinger Tor.\n  Das Haus ist in der Nähe von der Tram-Haltestelle Karlsplatz.\n  Das Haus ist in der Nähe von der Tram-Haltestelle Lenbachplatz.\n  Das Haus ist in der Nähe von der Tram-Haltestelle Karlsplatz.\n  Das Haus ist in der Nähe von der Tram-Haltestelle Sendlinger Tor.\n  Das Haus ist in der Nähe von der Tram-Haltestelle Karlsplatz.\n  Das Haus ist in der Nähe von der Tram-Haltestelle Lenbachplatz.\n  Das Haus ist in der Nähe von der Tram-Haltestelle Karlsplatz.\n  Das Haus ist in der Nähe von der Tram-Haltestelle Sendlinger Tor.\n  Das Haus ist in der Nähe von der Tram-Haltestelle Karlsplatz.\n  Das Haus ist in der Nähe von der Tram-Haltestelle Lenbachplatz.\n  Das Haus
Bearbeitungszeit\nDie Hundesteuer wird für das Jahr der Abmeldung anteilig nach Monaten berechnet. Sie erhalten einen Bescheid, in dem noch zu zahlende oder überzahlte Beträge ausgewiesen werden. Bitte beachten Sie, dass zu Stoßzeiten die Bearbeitung Ihrer Abmeldung bis zu drei Monate dauern kann.;Wie lange dauert die Bearbeitung?\nEs dauert ungefähr 3 Monate.\nDas bedeutet:\nSie bekommen den Brief mit der Bestätigung erst nach 3 Monaten.
Personalausweis;Personal-Ausweis
Deutsche Staatsbürger*innen sind verpflichtet, einen gültigen Personalausweis (oder Reisepass) zu besitzen, sobald sie 16 Jahre alt sind.;Ab 16 Jahren müssen Sie einen Personal-Ausweis haben.\nOder einen Reise-Pass.
Im Personalausweis ist ein Computer-Chip.;Der Personal-Ausweis hat einen Computer-Chip.\nAuf dem Computer-Chip sind die gleichen Daten gespeichert.\nWie auf dem Personal-Ausweis.\nAber die Daten auf dem Computer-Chip kann man nicht sehen.\nMan kann die Daten auf dem Computer-Chip nur mit einem Lesegerät lesen.
Hilfsmittel für Menschen mit einer Sehbehinderung beim Personalausweis;Hilfs-Mittel für Menschen mit Seh-Behinderung beim Personal-Ausweis
Sie erhalten den Personalausweis im Scheckkartenformat. Darin sind die aufgedruckten Daten, das Passfoto und die Fingerabdrücke digital abgelegt.;Der Personal-Ausweis ist ein kleines Heft.\nIn dem Heft sind viele Informationen über Sie.\nZum Beispiel:\n* Ihren Namen\n* Ihren Wohn-Ort\n* Ihren Geburtstag\n* Ihr Geburts-Ort\n* Wie groß Sie sind\n* Welche Augen-Farbe Sie haben\n* Wofür Sie den Personal-Ausweis benutzen dürfen\n* Wann der Personal-Ausweis ausgestellt wurde\n* Wann der Personal-Ausweis abläuft\n* Das Pass-Foto von Ihnen\n* Ihre Unterschrift\n* Ihre Finger-Abdrücke\n* Ihre Blut-Gruppe\n* Ihre Organspende-Erklärung\n* Ihre Wohnungsgeber-Bescheinigung\n* Ihre Sperr-Notruf-Nummer\n* Ihre eID-Nummer\n* Ihre elektronische Unterschrift\n* Ihre elektronische Adresse\n* Ihre elektronische Adresse für die Zustellung\n* Ihre elektronische Adresse für die Zustellung von Einschreiben\n* Ihre elektronische Adresse für die Zustellung von Einschreiben mit Rückschein\n* Ihre elektronische Adresse für die Zustellung von Nachnahme-Sendungen\n* Ihre elektronische Adresse für die Zustellung von Wert-Briefen\n* Ihre elektronische Adresse für die Zustellung von Wert-Paketen\n* Ihre elektronische Adresse für die Zustellung von Wert-Express-Sendungen\n* Ihre elektronische Adresse für die Zustellung von Wert-Express-Paketen\n* Ihre elektronische Adresse für die Zustellung von Wert-Express-International-Sendungen\n* Ihre elektronische Adresse für die Zustellung von Wert-Express-International-Paketen\n* Ihre elektronische Adresse für die Zustellung von Wert-Express-International-Express-Sendungen\n* Ihre elektronische Adresse für die Zustellung von Wert-Express-International-Express-Paketen\n* Ihre elektronische Adresse für die Zustellung von Wert-Express-International-Express-International-Sendungen\n* Ihre elektronische Adresse für die Zustellung von Wert-Express-International-Express-International-Paketen\n* Ihre elektronische Adresse für die Zustellung von Wert-Express-International-Express-International-Express-Sendungen\n* Ihre elektronische Adresse für die Zustellung von Wert-Express-International-Express-International-Express-Paketen\n* Ihre elektronische Adresse für die Zustellung von Wert-Express-International-Express-International-Express-International-Sendungen\n* Ihre elektronische Adresse für die Zustellung von Wert-Express-International-Express-International-Express-International-Paketen\n* Ihre elektronische Adresse für die Zustellung von Wert-Express-International-Express-International-Express-International-Express-Sendungen\n* Ihre elektronische Adresse für die Zustellung von Wert-Express-International-Express-International-Express-International-Express-Paketen\n* Ihre elektronische Adresse für die Zustellung von Wert-Express-International-Express-International-Express-International-Express-International-Sendungen\n* Ihre elektronische Adresse für die Zustellung von Wert-Express-International-Express-International-Express-International-Express-International-Paketen\n* Ihre elektronische Adresse für die Zustellung von Wert-Express-International-Express-International-Express-International-Express-International-Express-Sendungen\n* Ihre elektronische Adresse für die Zustellung von Wert-Express-International-Express-International-Express-International-Express-International-Express-Paketen\n* Ihre elektronische Adresse für die Zustellung von Wert-Express-International-Express-International-Express-International-Express-International-Express-International-Sendungen\n* Ihre elektronische Adresse für die Zustellung von Wert-Express-International-Express-International-Express-International-Express-International-Express-International-Paketen\n* Ihre elektronische Adresse für die Zustellung von Wert-Express-International-Express-International-Express-International-Express-International-Express-International-Express-Sendungen\n* Ihre elektronische Adresse für die Zustellung von Wert-Express-International-Express-International-Express-International-Express-International-Express-International-Express-Paketen\n* Ihre elektronische Adresse für die Zustellung von Wert-Express-International-Express-International-Express-International-Express-International-Express-International-Express-International-Sendungen\n* Ihre elektronische Adresse für die Zustellung von Wert-Express-International-Express-International-Express-International-Express-International-Express-International-Express-International-Paketen\n* Ihre elektronische Adresse für die Zustellung von Wert-Express-International-Express-International-Express-International-Express-International-Express-International-Express-International-Express-Sendungen\n* Ihre elektronische Adresse für die Zustellung von Wert-Express-International-Express-International-Express-International-Express-International-Express-International-Express-International-Express-Paketen\n* Ihre elektronische Adresse für die Zustellung von Wert-Express-International-Express-International-Express-International-Express-International-Express-International-Express-International-Express-International-Sendungen\n* Ihre elektronische Adresse für die Zustellung von Wert-Express-International-Express-International-Express-International-Express-International-Express-International-Express-International-Express-International-Paketen\n* Ihre elektronische Adresse für die Zustellung von Wert-Express-International-Express-International-Express-International-Express-International-Express-International-Express-International-Express-International-Express-Sendungen\n* Ihre elektronische Adresse für die Zustellung von Wert-Express-International-Express-International-Express-International-Express-International-Express-International-Express-International-Express-International-Express-Paketen\n* Ihre elektronische Adresse für die Zustellung von Wert-Express-International-Express-International-Express-International-Express-International-Express-International-Express-International-Express-International-Express-International-Sendungen\n* Ihre elektronische Adresse für die Zustellung von Wert-Express-International-Express-International-Express-International-Express-International-Express-International-Express-International-Express-International-Express-International-Paketen\n* Ihre elektronische Adresse für die Zustellung von Wert-Express-International-Express-International-Express-International-Express-International-Express-International-Express-International-Express-International-Express-International-Express-Sendungen\n* Ihre elektronische Adresse für die Zustellung von Wert-Express-International-Express-International-Express-International-Express-International-Express-International-Express-International-Express-International-Express-International-Express-Paketen\n* Ihre elektronische Adresse für die Zustellung von Wert-Express-International-Express-International-Express-International-Express-International-Express-International-Express-International-Express-International-Express-International-Express-International-Sendungen\n* Ihre elektronische Adresse für die Zustellung von Wert-Express-International-Express-International-
Benötigen Sie sofort einen Personalausweis, kann Ihnen ein vorläufiger Personalausweis ausgestellt werden. Dieser ist drei Monate gültig. Bitten bringen Sie hierfür zusätzlich ein biometrisches Lichtbild mit.;Sie brauchen sofort einen Personal-Ausweis?\nDann können Sie einen vorläufigen Personal-Ausweis bekommen.\nDer vorläufige Personal-Ausweis ist 3 Monate gültig.\nSie müssen den vorläufigen Personal-Ausweis beantragen.\nDas geht im Bürger-Büro.\nSie müssen das beantragen.\nSie müssen das beantragen.\nSie müssen das beantragen.\nSie müssen das beantragen.\nSie müssen das beantragen.\nSie müssen das beantragen.\nSie müssen das beantragen.\nSie müssen das beantragen.\nSie müssen das beantragen.\nSie müssen das beantragen.\nSie müssen das beantragen.\nSie müssen das beantragen.\nSie müssen das beantragen.\nSie müssen das beantragen.\nSie müssen das beantragen.\nSie müssen das beantragen.\nSie müssen das beantragen.\nSie müssen das beantragen.\nSie müssen das beantragen.\nSie müssen das beantragen.\nSie müssen das beantragen.\nSie müssen das beantragen.\nSie müssen das beantragen.\nSie müssen das beantragen.\nSie müssen das beantragen.\nSie müssen das beantragen.\nSie müssen das beantragen.\nSie müssen das beantragen.\nSie müssen das beantragen.\nSie müssen das beantragen.\nSie müssen das beantragen.\nSie müssen das beantragen.\nSie müssen das beantragen.\nSie müssen das beantragen.\nSie müssen das beantragen.\nSie müssen das beantragen.\nSie müssen das beantragen.\nSie müssen das beantragen.\nSie müssen das beantragen.\nSie müssen das beantragen.\nSie müssen das beantragen.\nSie müssen das beantragen.\nSie müssen das beantragen.\nSie müssen das beantragen.\nSie müssen das beantragen.\nSie müssen das beantragen.\nSie müssen das beantragen.\nSie müssen das beantragen.\nSie müssen das beantragen.\nSie müssen das beantragen.\nSie müssen das beantragen.\nSie müssen das beantragen.\nSie müssen das beantragen.\nSie müssen das beantragen.\nSie müssen das beantragen.\nSie müssen das beantragen.\nSie müssen das beantragen.\nSie müssen das beantragen.\nSie müssen das beantragen.\nSie müssen das beantragen.\nSie müssen das beantragen.\nSie müssen das beantragen.\nSie müssen das beantragen.\nSie müssen das beantragen.\nSie müssen das beantragen.\nSie müssen das beantragen.\nSie müssen das beantragen.\nSie müssen das beantragen.\nSie müssen das beantragen.\nSie müssen das beantragen.\nSie müssen das beantragen.\nSie müssen das beantragen.\nSie müssen das beantragen.\nSie müssen das beantragen.\nSie müssen das beantragen.\nSie müssen das beantragen.\nSie müssen das beantragen.\nSie müssen das beantragen.\nSie müssen das beantragen.\nSie müssen das beantragen.\nSie müssen das beantragen.\nSie müssen das beantragen.\nSie müssen das beantragen.\nSie müssen das beantragen.\nSie müssen das beantragen.\nSie müssen das beantragen.\nSie müssen das beantragen.\nSie müssen das beantragen.\nSie müssen das beantragen.\nSie müssen das beantragen.\nSie müssen das beantragen.\nSie müssen das beantragen.\nSie müssen das beantragen.\nSie müssen das beantragen.\nSie müssen das beantragen.\nSie müssen das beantragen.\nSie müssen das beantragen.\nSie müssen das beantragen.\nSie müssen das beantragen.\nSie müssen das beantragen.\nSie müssen das beantragen.\nSie müssen das beantragen.\nSie müssen das beantragen.\nSie müssen das beantragen.\nSie müssen das beantragen.\nSie müssen das beantragen.\nSie müssen das beantragen.\nSie müssen das beantragen.\nSie müssen das beantragen.\nSie müssen das beantragen.\nSie müssen das beantragen.\nSie müssen das beantragen.\nSie müssen das beantragen.\nSie müssen das beantragen.\nSie müssen das beantragen.\nSie müssen das beantragen.\nSie müssen das beantragen.\nSie müssen das beantragen.\nSie müssen das beantragen.\nSie müssen das beantragen.\nSie müssen das beantragen.\nSie müssen das beantragen.\nSie müssen das beantragen.\nSie müssen das beantragen.\nSie müssen das beantragen.\nSie müssen das beantragen.\nSie müssen das beantragen.\nSie müssen das beantragen.\nSie müssen das beantragen.\nSie müssen das beantragen.\nSie müssen das beantragen.\nSie müssen das beantragen.\nSie müssen das beantragen.\nSie müssen das beantragen.\nSie müssen das beantragen.\nSie müssen das beantragen.\nSie müssen das beantragen.\nSie müssen das beantragen.\nSie müssen das beantragen.\nSie müssen das beantragen.\nSie müssen das beantragen.\nSie müssen das beantragen.\nSie müssen das beantragen.\nSie müssen das beantragen.\nSie müssen das beantragen.\nSie müssen das beantragen.\nSie müssen das beantragen.\nSie müssen das beantragen.\nSie müssen das beantragen.\nSie müssen das beantragen.\nSie müssen das beantragen.\nSie müssen das beantragen.\nSie müssen das beantragen.\nSie müssen das beantragen.\nSie müssen das beantragen.\nSie müssen das beantragen.\nSie müssen das beantragen.\nSie müssen das beantragen.\nSie müssen das beantragen.\nSie müssen das beantragen.\nSie müssen das beantragen.\nSie müssen das beantragen.\nSie müssen das beantragen.\nSie müssen das beantragen.\nSie müssen das beantragen.\nSie müssen das beantragen.\nSie müssen das beantragen.\nSie müssen das beantragen.\nSie müssen das beantragen.\nSie müssen das beantragen.\nSie müssen das beantragen.\nSie müssen das beantragen.\nSie müssen das beantragen.\nSie müssen das beantragen.\nSie müssen das beantragen.\nSie müssen das beantragen.\nSie müssen das beantragen.\nSie müssen das beantragen.\nSie müssen das beantragen.\nSie müssen das beantragen.\nSie müssen das beantragen.\nSie müssen das beantragen.\nSie müssen das beantragen.\nSie müssen das beantragen.\nSie müssen das beantragen.\nSie müssen das beantragen.\nSie müssen das beantragen.\nSie müssen das beantragen.\nSie müssen das beantragen.\nSie müssen das beantragen.\nSie müssen das beantragen.\nSie müssen das beantragen.\nSie müssen das beantragen.\nSie müssen das beantragen.\nSie müssen das beantragen.\nSie müssen das beantragen.\nSie müssen das beantragen.\nSie müssen das beantragen.\nSie müssen das beantragen.\nSie müssen das beantragen.\nSie müssen das beantragen.\nSie müssen das beantragen.\nSie müssen das beantragen.\nSie müssen das beantragen.\nSie müssen das beantragen.\nSie müssen das beantragen.\nSie müssen das beantragen.\nSie müssen das beantragen.\nSie müssen das beantragen.\nSie müssen das beantragen.\nSie müssen das beantragen.\nSie müssen das beantragen.\nSie müssen das beantragen.\nSie müssen das beantragen.\nSie müssen das beantragen.\nSie müssen das beantragen.\nSie müssen das beantragen.\nSie müssen das beantragen.\nSie müssen das beantragen.\nSie müssen das beantragen.\nSie müssen das beantragen.\nSie müssen das beantragen.\nSie müssen das beantragen.\nSie müssen das beantragen.\nSie müssen das beantragen.\nSie müssen das beantragen.\nSie müssen das beantragen.\nSie müssen das beantragen.\nSie müssen das beantragen.\nSie müssen das beantragen.\nSie müssen das beantragen.\nSie müssen das beantragen.\nSie müssen das beantragen.\nSie müssen das beantragen.\nSie müssen das beantragen.\nSie müssen das beantragen.\nSie müssen das beantragen.\nSie müssen das beantragen.\nSie müssen das beantragen.\nSie müssen das beantragen.\nSie müssen das beantragen.\nSie müssen das beantragen.\nSie müssen das beantragen.\nSie müssen das beantragen.\nSie müssen das beantragen.\nSie müssen das beantragen.\nSie müssen das beantragen.\nSie müssen das beantragen.\nSie müssen das beantragen.\nSie müssen das beantragen.\nSie müssen das beantragen.\nSie müssen das beantragen.\nSie müssen das beantragen.\nSie müssen das beantragen.\nSie müssen das beantragen.\nSie müssen das beantragen.\nSie müssen das beantragen.\nSie müssen das beantragen.\nSie müssen das beantragen.\nSie müssen das beantragen.\nSie müssen das beantragen.\nSie müssen das beantragen.\nSie müssen das beantragen.\nSie müssen das beantragen.\nSie müssen das beantragen.\nSie müssen das beantragen.\nSie müssen das beantragen.\nSie müssen das beantragen.\nSie müssen das beantragen.\nSie müssen das beantragen.\nSie müssen das beantragen.\nSie müssen das beantragen.\nSie müssen das beantragen.\nSie müssen das beantragen.\nSie müssen das beantragen.\nSie müssen das beantragen.\nSie müssen das beantragen.\nSie müssen das beantragen.\nSie müssen das beantragen.\nSie müssen das beantragen.\nSie müssen das beantragen.\nSie müssen das beantragen.\nSie müssen das beantragen.\nSie müssen das beantragen.\nSie müssen das beantragen.\nSie müssen das beantragen.\nSie müssen das beantragen.\nSie müssen das beantragen.\nSie müssen das beantragen.\nSie müssen das beantragen.\nSie müssen das beantragen.\nSie müssen das beantragen.\nSie müssen das beantragen.\nSie müssen das beantragen.\nSie müssen das beantragen.\nSie müssen das beantragen.\nSie müssen das beantragen.\nSie müssen das beantragen.\nSie müssen das beantragen.\nSie müssen das beantragen.\nSie müssen das beantragen.\nSie müssen das beantragen.\nSie müssen das beantragen.\nSie müssen das beantragen.\nSie müssen das beantragen.\nSie müssen das beantragen.\nSie müssen das beantragen.\nSie müssen das beantragen.\nSie müssen das beantragen.\nSie müssen das beantragen.\nSie müssen das beantragen.\nSie müssen das beantragen.\nSie müssen das beantragen.\nSie müssen das beantragen.\nSie müssen das beantragen.\nSie müssen das beantragen.\nSie müssen das beantragen.\nSie müssen das beantragen.\nSie müssen das beantragen.\nSie müssen das beantragen.\nSie müssen das beantragen.\nSie müssen das beantragen.\nSie müssen das beantragen.\nSie müssen das beantragen.\nSie müssen das beantragen.\nSie müssen das beantragen.\nSie müssen das beantragen.\nSie müssen das beantragen.\nSie müssen das beantragen.\nSie müssen das beantragen.\nSie müssen das beantragen.\nSie müssen das beantragen.\nSie müssen das beantragen.\nSie müssen das beantragen.\nSie müssen das beantragen.\nSie müssen das beantragen.\nSie müssen das beantragen.\nSie müssen das beantragen.\nSie müssen das beantragen.\nSie müssen das beantragen.\nSie müssen das beantragen.\nSie müssen das beantragen.\nSie müssen das beantragen.\nSie müssen das beantragen.\nSie müssen das beantragen.\nSie müssen das beantragen.\nSie müssen das beantragen.\nSie müssen das beantragen.\nSie müssen das beantragen.\nSie müssen das beantragen.\nSie müssen das beantragen.\nSie müssen das beantragen.\nSie müssen das beantragen.\nSie müssen das beantragen.\nSie müssen das beantragen.\nSie müssen das beantragen.\nSie müssen das beantragen.\nSie müssen das beantragen.\nSie müssen das beantragen.\nSie müssen das beantragen.\nSie müssen das beantragen.\nSie müssen das beantragen.\nSie müssen das beantragen.\nSie müssen das beantragen.\nSie müssen das beantragen.\nSie müssen das beantragen.\nSie müssen das beantragen.\nSie müssen das beantragen.\nSie müssen das beantragen.\nSie müssen das beantragen.\nSie müssen das beantragen.\nSie müssen das beantragen.\nSie müssen das beantragen.\nSie müssen das beantragen.\nSie müssen das beantragen.\nSie müssen das beantragen.\nSie müssen das beantragen.\nSie müssen das beantragen.\nSie müssen das beantragen.\nSie müssen das beantragen.\nSie müssen das beantragen.\nSie müssen das beantragen.\nSie müssen das beantragen.\nSie müssen das beantragen.\nSie müssen das beantragen.\nSie müssen das beantragen.\nSie müssen das beantragen.\nSie müssen das beantragen.\nSie müssen das beantragen.\nSie müssen das beantragen.\nSie müssen das beantragen.\nSie müssen das beantragen.\nSie müssen das beantragen.\nSie müssen das beantragen.\nSie müssen das beantragen.\nSie müssen das beantragen.\nSie müssen das beantragen.\nSie müssen das beantragen.\nSie müssen das beantragen.\nSie müssen das beantragen.\nSie müssen das beantragen.\nSie müssen das beantragen.\nSie müssen das beantragen.\nSie müssen das beantragen.\nSie müssen das beantragen.\nSie müssen das beantragen.\nSie müssen das beantragen.\nSie müssen das beantragen.\nSie müssen das beantragen.\nSie müssen das beantragen.\nSie müssen das beantragen.\nSie müssen das beantragen.\nSie müssen das beantragen.\nSie müssen das beantragen.\nSie müssen das beantragen.\nSie müssen das beantragen.\nSie müssen das beantragen.\nSie müssen das beantragen.\nSie müssen das beantragen.\nSie müssen das beantragen.\nSie müssen das beantragen.\nSie müssen das beantragen.\nSie müssen das beantragen.\nSie müssen das beantragen.\nSie müssen das beantragen.\nSie müssen das beantragen.\nSie müssen das beantragen.\nSie müssen das beantragen.\nSie müssen das beantragen.\nSie müssen das beantragen.\nSie müssen das beantragen.\nSie müssen das beantragen.\nSie müssen das beantragen.\nSie müssen das beantragen.\nSie müssen das beantragen.\nSie müssen das beantragen.\nSie müssen das beantragen.\nSie müssen das beantragen.\nSie müssen das beantragen.\nSie müssen das beantragen.\nSie müssen das beantragen.\nSie müssen das beantragen.\nSie müssen das beantragen.\nSie müssen das beantragen.\nSie müssen das beantragen.\nSie müssen das beantragen.\nSie müssen das beantragen.\nSie müssen das beantragen.\nSie müssen das beantragen.\nSie müssen das beantragen.\nSie müssen das beantragen.\nSie müssen das beantragen.\nSie müssen das beantragen.\nSie müssen das beantragen.\nSie müssen das beantragen.\nSie müssen das beantragen.\nSie müssen das beantragen.\nSie müssen das beantragen.\nSie müssen das beantragen.\nSie müssen das beantragen.\nSie müssen das beantragen.\nSie müssen das beantragen.\nSie müssen das beantragen.\nSie müssen das beantragen.\nSie müssen das beantragen.\nSie müssen das beantragen.\nSie müssen das beantragen.\nSie müssen das beantragen.\nSie müssen das beantragen.\nSie müssen das beantragen.\nSie müssen das beantragen.\nSie müssen das beantragen.\nSie müssen das beantragen.\nSie müssen das beantragen.\nSie müssen das beantragen.\nSie müssen das beantragen.\nSie müssen das beantragen.\nSie müssen das beantragen.\nSie müssen das beantragen.\nSie müssen das beantragen.\nSie müssen das beantragen.\nSie müssen das beantragen.\nSie müssen das beantragen.\nSie müssen das beantragen.\nSie müssen das beantragen.\nSie müssen das beantragen.\nSie müssen das beantragen.\nSie müssen das beantragen.\nSie müssen das beantragen.\nSie müssen das beantragen.\nSie müssen das beantragen.\nSie müssen das beantragen.\nSie müssen das beantragen.\nSie müssen das beantragen.\nSie müssen das beantragen.\nSie müssen das beantragen.\nSie müssen das beantragen.\nSie müssen das beantragen.\nSie müssen das beantragen.\nSie müssen das beantragen.\nSie müssen das beantragen.\nSie müssen das beantragen.\nSie müssen das beantragen.\nSie müssen das beantragen.\nSie müssen das beantragen.\nSie müssen das beantragen.\nSie müssen das beantragen.\nSie müssen das beantragen.\nSie müssen das beantragen.\nSie müssen das beantragen.\nSie müssen das beantragen.\nSie müssen das beantragen.\nSie müssen das beantragen.\nSie müssen das beantragen.\nSie müssen das beantragen.\nSie müssen das beantragen.\nSie müssen das beantragen.\nSie müssen das beantragen.\nSie müssen das beantragen.\nSie müssen das beantragen.\nSie müssen das beantragen.\nSie müssen das beantragen.\nSie müssen das beantragen.\nSie müssen das beantragen.\nSie müssen das beantragen.\nSie müssen das beantragen.\nSie müssen das beantragen.\nSie müssen das beantragen.\nSie müssen das beantragen.\nSie müssen das beantragen.\nSie müssen das beantragen.\nSie müssen das beantragen.\nSie müssen das beantragen.\nSie müssen das beantragen.\nSie müssen das beantragen.\nSie müssen das beantragen.\nSie müssen das beantragen.\nSie müssen das beantragen.\nSie müssen das beantragen.\nSie müssen das beantragen.\nSie müssen das beantragen.\nSie müssen das beantragen.\nSie müssen das beantragen.\nSie müssen das beantragen.\nSie müssen das beantragen.\nSie müssen das beantragen.\nSie müssen das beantragen.\nSie müssen das beantragen.\nSie müssen das beantragen.\nSie müssen das beantragen.\nSie müssen das beantragen.\nSie müssen das beantragen.\nSie müssen das beantragen.\nSie müssen das beantragen.\nSie müssen das beantragen.\nSie müssen das beantragen.\nSie müssen das beantragen.\nSie müssen das beantragen.\nSie müssen das beantragen.\nSie müssen das beantragen.\nSie müssen das beantragen.\nSie müssen das beantragen.\nSie müssen das beantragen.\nSie müssen das beantragen.\nSie müssen das beantragen.\nSie müssen das beantragen.\nSie müssen das beantragen.\nSie müssen das beantragen.\nSie müssen das beantragen.\nSie müssen das beantragen.\nSie müssen das beantragen.\nSie müssen das beantragen.\nSie müssen das beantragen.\nSie müssen das beantragen.\nSie müssen das beantragen.\nSie müssen das bean
Sollten Sie sehbeeinträchtigt sein, können Sie für Ihren Personalausweis einen transparenten Aufkleber mit den Braille-Zeichen 'ad' (für Ausweisdokument) bekommen. Sie können den Aufkleber bei uns bestellen, wenn Sie Ihren Personalausweis beantragen oder abholen. Den Braille-Aufkleber erhalten Sie jederzeit auch nachträglich. Rufen Sie dazu beim Bürgerbüro-Servicetelefon unter 089/233-96000 an oder schreiben Sie eine E-Mail an buergerbuero.kvr@muenchen.de\n\nBesonders beeinträchtigte Personen können unter bestimmten Voraussetzungen von der allgemeinen Ausweispflicht befreit werden.;Sie können für Ihren Personal-Ausweis einen Aufkleber mit Braille-Schrift bekommen.\nAuf dem Aufkleber ist das Zeichen für Ausweis.\nDas Zeichen für Ausweis ist ein kleines a und ein kleines d.\nDas a und das d nennt man Braille-Schrift.\nDie Braille-Schrift kann man mit den Fingern fühlen.\nDer Aufkleber ist durchsichtig.\nMan kann den Aufkleber auf die Rück-Seite vom Personal-Ausweis kleben.\nDen Braille-Aufkleber bekommen Sie im Bürger-Büro.\nSie müssen den Braille-Aufkleber nicht bezahlen.\nSie können den Braille-Aufkleber jederzeit bekommen.\nSie müssen nicht extra deswegen ins Bürger-Büro kommen.\nRufen Sie uns an.\nDie Telefon-Nummer ist 089 233-96000.\nDas Bürger-Büro-Servicetelefon ist von Montag bis Freitag von 8 Uhr bis 18 Uhr erreichbar.\nSagen Sie am Telefon:\nIch möchte einen Braille-Aufkleber für meinen Personal-Ausweis.\nSie müssen Ihren Namen und Ihre Adresse sagen.\nSie müssen auch sagen:\nIch habe meinen Personal-Ausweis im Bürger-Büro beantragt.\nOder:\nIch hole meinen Personal-Ausweis im Bürger-Büro ab.\nOder:\nIch habe meinen Personal-Ausweis im Bürger-Büro verlängert.\nOder:\nIch habe meinen Personal-Ausweis im Bürger-Büro geändert.\nOder:\nIch habe meinen Personal-Ausweis im Bürger-Büro verloren.\nOder:\nIch habe meinen Personal-Ausweis im Bürger-Büro beschädigt.\nOder:\nIch habe meinen Personal-Ausweis im Bürger-Büro gestohlen gemeldet.\nOder:\nIch habe meinen Personal-Ausweis im Bürger-Büro gefunden gemeldet.\nOder:\nIch habe meinen Personal-Ausweis im Bürger-Büro abgegeben.\nOder:\nIch habe meinen Personal-Ausweis im Bürger-Büro abgegeben.\nOder:\nIch habe meinen Personal-Ausweis im Bürger-Büro abgegeben.\nOder:\nIch habe meinen Personal-Ausweis im Bürger-Büro abgegeben.\nOder:\nIch habe meinen Personal-Ausweis im Bürger-Büro abgegeben.\nOder:\nIch habe meinen Personal-Ausweis im Bürger-Büro abgegeben.\nOder:\nIch habe meinen Personal-Ausweis im Bürger-Büro abgegeben.\nOder:\nIch habe meinen Personal-Ausweis im Bürger-Büro abgegeben.\nOder:\nIch habe meinen Personal-Ausweis im Bürger-Büro abgegeben.\nOder:\nIch habe meinen Personal-Ausweis im Bürger-Büro abgegeben.\nOder:\nIch habe meinen Personal-Ausweis im Bürger-Büro abgegeben.\nOder:\nIch habe meinen Personal-Ausweis im Bürger-Büro abgegeben.\nOder:\nIch habe meinen Personal-Ausweis im Bürger-Büro abgegeben.\nOder:\nIch habe meinen Personal-Ausweis im Bürger-Büro abgegeben.\nOder:\nIch habe meinen Personal-Ausweis im Bürger-Büro abgegeben.\nOder:\nIch habe meinen Personal-Ausweis im Bürger-Büro abgegeben.\nOder:\nIch habe meinen Personal-Ausweis im Bürger-Büro abgegeben.\nOder:\nIch habe meinen Personal-Ausweis im Bürger-Büro abgegeben.\nOder:\nIch habe meinen Personal-Ausweis im Bürger-Büro abgegeben.\nOder:\nIch habe meinen Personal-Ausweis im Bürger-Büro abgegeben.\nOder:\nIch habe meinen Personal-Ausweis im Bürger-Büro abgegeben.\nOder:\nIch habe meinen Personal-Ausweis im Bürger-Büro abgegeben.\nOder:\nIch habe meinen Personal-Ausweis im Bürger-Büro abgegeben.\nOder:\nIch habe meinen Personal-Ausweis im Bürger-Büro abgegeben.\nOder:\nIch habe meinen Personal-Ausweis im Bürger-Büro abgegeben.\nOder:\nIch habe meinen Personal-Ausweis im Bürger-Büro abgegeben.\nOder:\nIch habe meinen Personal-Ausweis im Bürger-Büro abgegeben.\nOder:\nIch habe meinen Personal-Ausweis im Bürger-Büro abgegeben.\nOder:\nIch habe meinen Personal-Ausweis im Bürger-Büro abgegeben.\nOder:\nIch habe meinen Personal-Ausweis im Bürger-Büro abgegeben.\nOder:\nIch habe meinen Personal-Ausweis im Bürger-Büro abgegeben.\nOder:\nIch habe meinen Personal-Ausweis im Bürger-Büro abgegeben.\nOder:\nIch habe meinen Personal-Ausweis im Bürger-Büro abgegeben.\nOder:\nIch habe meinen Personal-Ausweis im Bürger-Büro abgegeben.\nOder:\nIch habe meinen Personal-Ausweis im Bürger-Büro abgegeben.\nOder:\nIch habe meinen Personal-Ausweis im Bürger-Büro abgegeben.\nOder:\nIch habe meinen Personal-Ausweis im Bürger-Büro abgegeben.\nOder:\nIch habe meinen Personal-Ausweis im Bürger-Büro abgegeben.\nOder:\nIch habe meinen Personal-Ausweis im Bürger-Büro abgegeben.\nOder:\nIch habe meinen Personal-Ausweis im Bürger-Büro abgegeben.\nOder:\nIch habe meinen Personal-Ausweis im Bürger-Büro abgegeben.\nOder:\nIch habe meinen Personal-Ausweis im Bürger-Büro abgegeben.\nOder:\nIch habe meinen Personal-Ausweis im Bürger-Büro abgegeben.\nOder:\nIch habe meinen Personal-Ausweis im Bürger-Büro abgegeben.\nOder:\nIch habe meinen Personal-Ausweis im Bürger-Büro abgegeben.\nOder:\nIch habe meinen Personal-Ausweis im Bürger-Büro abgegeben.\nOder:\nIch habe meinen Personal-Ausweis im Bürger-Büro abgegeben.\nOder:\nIch habe meinen Personal-Ausweis im Bürger-Büro abgegeben.\nOder:\nIch habe meinen Personal-Ausweis im Bürger-Büro abgegeben.\nOder:\nIch habe meinen Personal-Ausweis im Bürger-Büro abgegeben.\nOder:\nIch habe meinen Personal-Ausweis im Bürger-Büro abgegeben.\nOder:\nIch habe meinen Personal-Ausweis im Bürger-Büro abgegeben.\nOder:\nIch habe meinen Personal-Ausweis im Bürger-Büro abgegeben.\nOder:\nIch habe meinen Personal-Ausweis im Bürger-Büro abgegeben.\nOder:\nIch habe meinen Personal-Ausweis im Bürger-Büro abgegeben.\nOder:\nIch habe meinen Personal-Ausweis im Bürger-Büro abgegeben.\nOder:\nIch habe meinen Personal-Ausweis im Bürger-Büro abgegeben.\nOder:\nIch habe meinen Personal-Ausweis im Bürger-Büro abgegeben.\nOder:\nIch habe meinen Personal-Ausweis im Bürger-Büro abgegeben.\nOder:\nIch habe meinen Personal-Ausweis im Bürger-Büro abgegeben.\nOder:\nIch habe meinen Personal-Ausweis im Bürger-Büro abgegeben.\nOder:\nIch habe meinen Personal-Ausweis im Bürger-Büro abgegeben.\nOder:\nIch habe meinen Personal-Ausweis im Bürger-Büro abgegeben.\nOder:\nIch habe meinen Personal-Ausweis im Bürger-Büro abgegeben.\nOder:\nIch habe meinen Personal-Ausweis im Bürger-Büro abgegeben.\nOder:\nIch habe meinen Personal-Ausweis im Bürger-Büro abgegeben.\nOder:\nIch habe meinen Personal-Ausweis im Bürger-Büro abgegeben.\nOder:\nIch habe meinen Personal-Ausweis im Bürger-Büro abgegeben.\nOder:\nIch habe meinen Personal-Ausweis im Bürger-Büro abgegeben.\nOder:\nIch habe meinen Personal-Ausweis im Bürger-Büro abgegeben.\nOder:\nIch habe meinen Personal-Ausweis im Bürger-Büro abgegeben.\nOder:\nIch habe meinen Personal-Ausweis im Bürger-Büro abgegeben.\nOder:\nIch habe meinen Personal-Ausweis im Bürger-Büro abgegeben.\nOder:\nIch habe meinen Personal-Ausweis im Bürger-Büro abgegeben.\nOder:\nIch habe meinen Personal-Ausweis im Bürger-Büro abgegeben.\nOder:\nIch habe meinen Personal-Ausweis im Bürger-Büro abgegeben.\nOder:\nIch habe meinen Personal-Ausweis im Bürger-Büro abgegeben.\nOder:\nIch habe meinen Personal-Ausweis im Bürger-Büro abgegeben.\nOder:\nIch habe meinen Personal-Ausweis im Bürger-Büro abgegeben.\nOder:\nIch habe meinen Personal-Ausweis im Bürger-Büro abgegeben.\nOder:\nIch habe meinen Personal-Ausweis im Bürger-Büro abgegeben.\nOder:\nIch habe meinen Personal-Ausweis im Bürger-Büro abgegeben.\nOder:\nIch habe meinen Personal-Ausweis im Bürger-Büro abgegeben.\nOder:\nIch habe meinen Personal-Ausweis im Bürger-Büro abgegeben.\nOder:\nIch habe meinen Personal-Ausweis im Bürger-Büro abgegeben.\nOder:\nIch habe meinen Personal-Ausweis im Bürger-Büro abgegeben.\nOder:\nIch habe meinen Personal-Ausweis im Bürger-Büro abgegeben.\nOder:\nIch habe meinen Personal-Ausweis im Bürger-Büro abgegeben.\nOder:\nIch habe meinen Personal-Ausweis im Bürger-Büro abgegeben.\nOder:\nIch habe meinen Personal-Ausweis im Bürger-Büro abgegeben.\nOder:\nIch habe meinen Personal-Ausweis im Bürger-Büro abgegeben.\nOder:\nIch habe meinen Personal-Ausweis im Bürger-Büro abgegeben.\nOder:\nIch habe meinen Personal-Ausweis im Bürger-Büro abgegeben.\nOder:\nIch habe meinen Personal-Ausweis im Bürger-Büro abgegeben.\nOder:\nIch habe meinen Personal-Ausweis im Bürger-Büro abgegeben.\nOder:\nIch habe meinen Personal-Ausweis im Bürger-Büro abgegeben.\nOder:\nIch habe meinen Personal-Ausweis im Bürger-Büro abgegeben.\nOder:\nIch habe meinen Personal-Ausweis im Bürger-Büro abgegeben.\nOder:\nIch habe meinen Personal-Ausweis im Bürger-Büro abgegeben.\nOder:\nIch habe meinen Personal-Ausweis im Bürger-Büro abgegeben.\nOder:\nIch habe meinen Personal-Ausweis im Bürger-Büro abgegeben.\nOder:\nIch habe meinen Personal-Ausweis im Bürger-Büro abgegeben.\nOder:\nIch habe meinen Personal-Ausweis im Bürger-Büro abgegeben.\nOder:\nIch habe meinen Personal-Ausweis im Bürger-Büro abgegeben.\nOder:\nIch habe meinen Personal-Ausweis im Bürger-Büro abgegeben.\nOder:\nIch habe meinen Personal-Ausweis im Bürger-Büro abgegeben.\nOder:\nIch habe meinen Personal-Ausweis im Bürger-Büro abgegeben.\nOder:\nIch habe meinen Personal-Ausweis im Bürger-Büro abgegeben.\nOder:\nIch habe meinen Personal-Ausweis im Bürger-Büro abgegeben.\nOder:\nIch habe meinen Personal-Ausweis im Bürger-Büro abgegeben.\nOder:\nIch habe meinen Personal-Ausweis im Bürger-Büro abgegeben.\nOder:\nIch habe meinen Personal-Ausweis im Bürger-Büro abgegeben.\nOder:\nIch habe meinen Personal-Ausweis im Bürger-Büro abgegeben.\nOder:\nIch habe meinen Personal-Ausweis im Bürger-Büro abgegeben.\nOder:\nIch habe meinen Personal-Ausweis im Bürger-Büro abgegeben.\nOder:\nIch habe meinen Personal-Ausweis im Bürger-Büro abgegeben.\nOder:\nIch habe meinen Personal-Ausweis im Bürger-Büro abgegeben.\nOder:\nIch habe meinen Personal-Ausweis im Bürger-Büro abgegeben.\nOder:\nIch habe meinen Personal-Ausweis im Bürger-Büro abgegeben.\nOder:\nIch habe meinen Personal-Ausweis im Bürger-Büro abgegeben.\nOder:\nIch habe meinen Personal-Ausweis im Bürger-Büro abgegeben.\nOder:\nIch habe meinen Personal-Ausweis im Bürger-Büro abgegeben.\nOder:\nIch habe meinen Personal-Ausweis im Bürger-Büro abgegeben.\nOder:\nIch habe meinen Personal-Ausweis im Bürger-Büro abgegeben.\nOder:\nIch habe meinen Personal-Ausweis im Bürger-Büro abgegeben.\nOder:\nIch habe meinen Personal-Ausweis im Bürger-Büro abgegeben.\nOder:\nIch habe meinen Personal-Ausweis im Bürger-Büro abgegeben.\nOder:\nIch habe meinen Personal-Ausweis im Bürger-Büro abgegeben.\nOder:\nIch habe meinen Personal-Ausweis im Bürger-Büro abgegeben.\nOder:\nIch habe meinen Personal-Ausweis im Bürger-Büro abgegeben.\nOder:\nIch habe meinen Personal-Ausweis im Bürger-Büro abgegeben.\nOder:\nIch habe meinen Personal-Ausweis im Bürger-Büro abgegeben.\nOder:\nIch habe meinen Personal-Ausweis im Bürger-Büro abgegeben.\nOder:\nIch habe meinen Personal-Ausweis im Bürger-Büro abgegeben.\nOder:\nIch habe meinen Personal-Ausweis im Bürger-Büro abgegeben.\nOder:\nIch habe meinen Personal-Ausweis im Bürger-Büro abgegeben.\nOder:\nIch habe meinen Personal-Ausweis im Bürger-Büro abgegeben.\nOder:\nIch habe meinen Personal-Ausweis im Bürger-Büro abgegeben.\nOder:\nIch habe meinen Personal-Ausweis im Bürger-Büro abgegeben.\nOder:\nIch habe meinen Personal-Ausweis im Bürger-Büro abgegeben.\nOder:\nIch habe meinen Personal-Ausweis im Bürger-Büro abgegeben.\nOder:\nIch habe meinen Personal-Ausweis im Bürger-Büro abgegeben.\nOder:\nIch habe meinen Personal-Ausweis im Bürger-Büro abgegeben.\nOder:\nIch habe meinen Personal-Ausweis im Bürger-Büro abgegeben.\nOder:\nIch habe meinen Personal-Ausweis im Bürger-Büro abgegeben.\nOder:\nIch habe meinen Personal-Ausweis im Bürger-Büro abgegeben.\nOder:\nIch habe meinen Personal-Ausweis im Bürger-Büro abgegeben.\nOder:\nIch habe meinen Personal-Ausweis im Bürger-Büro abgegeben.\nOder:\nIch habe meinen Personal-Ausweis im Bürger-Büro abgegeben.\nOder:\nIch habe meinen Personal-Ausweis im Bürger-Büro abgegeben.\nOder:\nIch habe meinen Personal-Ausweis im Bürger-Büro abgegeben.\nOder:\nIch habe meinen Personal-Ausweis im Bürger-Büro abgegeben.\nOder:\nIch habe meinen Personal-Ausweis im Bürger-Büro abgegeben.\nOder:\nIch habe meinen Personal-Ausweis im Bürger-Büro abgegeben.\nOder:\nIch habe meinen Personal-Ausweis im Bürger-Büro abgegeben.\nOder:\nIch habe meinen Personal-Ausweis im Bürger-Büro abgegeben.\nOder:\nIch habe meinen Personal-Ausweis im Bürger-Büro abgegeben.\nOder:\nIch habe meinen Personal-Ausweis im Bürger-Büro abgegeben.\nOder:\nIch habe meinen Personal-Ausweis im Bürger-Büro abgegeben.\nOder:\nIch habe meinen Personal-Ausweis im Bürger-Büro abgegeben.\nOder:\nIch habe meinen Personal-Ausweis im Bürger-Büro abgegeben.\nOder:\nIch habe meinen Personal-Ausweis im Bürger-Büro abgegeben.\nOder:\nIch habe meinen Personal-Ausweis im Bürger-Büro abgegeben.\nOder:\nIch habe meinen Personal-Ausweis im Bürger-Büro abgegeben.\nOder:\nIch habe meinen Personal-Ausweis im Bürger-Büro abgegeben.\nOder:\nIch habe meinen Personal-Ausweis im Bürger-Büro abgegeben.\nOder:\nIch habe meinen Personal-Ausweis im Bürger-Büro abgegeben.\nOder:\nIch habe meinen Personal-Ausweis im Bürger-Büro abgegeben.\nOder:\nIch habe meinen Personal-Ausweis im Bürger-Büro abgegeben.\nOder:\nIch habe meinen Personal-Ausweis im Bürger-Büro abgegeben.\nOder:\nIch habe meinen Personal-Ausweis im Bürger-Büro abgegeben.\nOder:\nIch habe meinen Personal-Ausweis im Bürger-Büro abgegeben.\nOder:\nIch habe meinen Personal-Ausweis im Bürger-Büro abgegeben.\nOder:\nIch habe meinen Personal-Ausweis im Bürger-Büro abgegeben.\nOder:\nIch habe meinen Personal-Ausweis im Bürger-Büro abgegeben.\nOder:\nIch habe meinen Personal-Ausweis im Bürger-Büro abgegeben.\nOder:\nIch habe meinen Personal-Ausweis im Bürger-Büro abgegeben.\nOder:\nIch habe meinen Personal-Ausweis im Bürger-Büro abgegeben.\nOder:\nIch habe meinen Personal-Ausweis im Bürger-Büro abgegeben.\nOder:\nIch habe meinen Personal-Ausweis im Bürger-Büro abgegeben.\nOder:\nIch habe meinen Personal-Ausweis im Bürger-Büro abgegeben.\nOder:\nIch habe meinen Personal-Ausweis im Bürger-Büro abgegeben.\nOder:\nIch habe meinen Personal-Ausweis im Bürger-Büro abgegeben.\nOder:\nIch habe meinen Personal-Ausweis im Bürger-Büro abgegeben.\nOder:\nIch habe meinen Personal
Ab dem 16. Lebensjahr, können Sie den Antrag ohne Zustimmung von Sorgeberechtigten stellen.\nWird erstmals ein Ausweisdokument mit Lichtbild beantragt, muss ein Elternteil mit vorsprechen. Das ist auch notwendig, wenn das Aussehen des Kindes vom Foto im bisherigen Ausweisdokument stark abweicht.;Personal-Ausweis für Kinder und Jugendliche\nAb dem 16. Lebens-Jahr kann ein Kind oder ein Jugendlicher einen Personal-Ausweis bekommen.\nDas Kind oder der Jugendliche muss den Personal-Ausweis selber beantragen.\nDas Kind oder der Jugendliche muss den Personal-Ausweis selber bezahlen.\nDas Kind oder der Jugendliche muss den Personal-Ausweis selber abholen.\nDas Kind oder der Jugendliche muss den Personal-Ausweis selber unterschreiben.\nDas Kind oder der Jugendliche muss für den Personal-Ausweis ein Foto mitbringen.\nDas Foto muss neuer sein als 3 Monate.\nDas Foto muss das Gesicht von dem Kind oder dem Jugendlichen gut zeigen.\nDas Foto muss von vorne gemacht sein.\nDas Foto muss die Augen von dem Kind oder dem Jugendlichen gut zeigen.\nDas Foto muss den Mund von dem Kind oder dem Jugendlichen gut zeigen.\nDas Foto muss die Ohren von dem Kind oder dem Jugendlichen gut zeigen.\nDas Foto muss den Kopf von dem Kind oder dem Jugendlichen gut zeigen.\nDas Foto muss den Hals von dem Kind oder dem Jugendlichen gut zeigen.\nDas Foto muss den Ober-Körper von dem Kind oder dem Jugendlichen gut zeigen.\nDas Foto muss den ganzen Kopf von dem Kind oder dem Jugendlichen gut zeigen.\nDas Foto muss den ganzen Ober-Körper von dem Kind oder dem Jugendlichen gut zeigen.\nDas Foto muss den ganzen Kopf und den ganzen Ober-Körper von dem Kind oder dem Jugendlichen gut zeigen.\nDas Foto muss auf Fotopapier sein.\nDas Foto muss 45 Millimeter hoch sein.\nDas Foto muss 35 Millimeter breit sein.\nDas Foto muss einen hellen Hintergrund haben.\nDas Foto darf keine Schatten haben.\nDas Foto darf keine Reflexionen haben.\nDas Foto darf keine Verzerrungen haben.\nDas Foto darf keine Bild-Bearbeitung haben.\nDas Foto darf keine Bild-Rahmen haben.\nDas Foto darf keine Bild-Unterschriften haben.\nDas Foto darf keine Bild-Daten haben.\nDas Foto darf keine Bild-Nummern haben.\nDas Foto darf keine Bild-Logos haben.\nDas Foto darf keine Bild-Wasserzeichen haben.\nDas Foto darf keine Bild-Verzierungen haben.\nDas Foto darf keine Bild-Ornamente haben.\nDas Foto darf keine Bild-Texte haben.\nDas Foto darf keine Bild-Cliparts haben.\nDas Foto darf keine Bild-Emoticons haben.\nDas Foto darf keine Bild-Symbole haben.\nDas Foto darf keine Bild-Icons haben.\nDas Foto darf keine Bild-Buttons haben.\nDas Foto darf keine Bild-Animationen haben.\nDas Foto darf keine Bild-Grafiken haben.\nDas Foto darf keine Bild-Strukturen haben.\nDas Foto darf keine Bild-Muster haben.\nDas Foto darf keine Bild-Texturen haben.\nDas Foto darf keine Bild-Verläufe haben.\nDas Foto darf keine Bild-Verzerrungen haben.\nDas Foto darf keine Bild-Verfremdungen haben.\nDas Foto darf keine Bild-Veränderungen haben.\nDas Foto darf keine Bild-Veränderungen haben.\nDas Foto darf keine Bild-Veränderungen haben.\nDas Foto darf keine Bild-Veränderungen haben.\nDas Foto darf keine Bild-Veränderungen haben.\nDas Foto darf keine Bild-Veränderungen haben.\nDas Foto darf keine Bild-Veränderungen haben.\nDas Foto darf keine Bild-Veränderungen haben.\nDas Foto darf keine Bild-Veränderungen haben.\nDas Foto darf keine Bild-Veränderungen haben.\nDas Foto darf keine Bild-Veränderungen haben.\nDas Foto darf keine Bild-Veränderungen haben.\nDas Foto darf keine Bild-Veränderungen haben.\nDas Foto darf keine Bild-Veränderungen haben.\nDas Foto darf keine Bild-Veränderungen haben.\nDas Foto darf keine Bild-Veränderungen haben.\nDas Foto darf keine Bild-Veränderungen haben.\nDas Foto darf keine Bild-Veränderungen haben.\nDas Foto darf keine Bild-Veränderungen haben.\nDas Foto darf keine Bild-Veränderungen haben.\nDas Foto darf keine Bild-Veränderungen haben.\nDas Foto darf keine Bild-Veränderungen haben.\nDas Foto darf keine Bild-Veränderungen haben.\nDas Foto darf keine Bild-Veränderungen haben.\nDas Foto darf keine Bild-Veränderungen haben.\nDas Foto darf keine Bild-Veränderungen haben.\nDas Foto darf keine Bild-Veränderungen haben.\nDas Foto darf keine Bild-Veränderungen haben.\nDas Foto darf keine Bild-Veränderungen haben.\nDas Foto darf keine Bild-Veränderungen haben.\nDas Foto darf keine Bild-Veränderungen haben.\nDas Foto darf keine Bild-Veränderungen haben.\nDas Foto darf keine Bild-Veränderungen haben.\nDas Foto darf keine Bild-Veränderungen haben.\nDas Foto darf keine Bild-Veränderungen haben.\nDas Foto darf keine Bild-Veränderungen haben.\nDas Foto darf keine Bild-Veränderungen haben.\nDas Foto darf keine Bild-Veränderungen haben.\nDas Foto darf keine Bild-Veränderungen haben.\nDas Foto darf keine Bild-Veränderungen haben.\nDas Foto darf keine Bild-Veränderungen haben.\nDas Foto darf keine Bild-Veränderungen haben.\nDas Foto darf keine Bild-Veränderungen haben.\nDas Foto darf keine Bild-Veränderungen haben.\nDas Foto darf keine Bild-Veränderungen haben.\nDas Foto darf keine Bild-Veränderungen haben.\nDas Foto darf keine Bild-Veränderungen haben.\nDas Foto darf keine Bild-Veränderungen haben.\nDas Foto darf keine Bild-Veränderungen haben.\nDas Foto darf keine Bild-Veränderungen haben.\nDas Foto darf keine Bild-Veränderungen haben.\nDas Foto darf keine Bild-Veränderungen haben.\nDas Foto darf keine Bild-Veränderungen haben.\nDas Foto darf keine Bild-Veränderungen haben.\nDas Foto darf keine Bild-Veränderungen haben.\nDas Foto darf keine Bild-Veränderungen haben.\nDas Foto darf keine Bild-Veränderungen haben.\nDas Foto darf keine Bild-Veränderungen haben.\nDas Foto darf keine Bild-Veränderungen haben.\nDas Foto darf keine Bild-Veränderungen haben.\nDas Foto darf keine Bild-Veränderungen haben.\nDas Foto darf keine Bild-Veränderungen haben.\nDas Foto darf keine Bild-Veränderungen haben.\nDas Foto darf keine Bild-Veränderungen haben.\nDas Foto darf keine Bild-Veränderungen haben.\nDas Foto darf keine Bild-Veränderungen haben.\nDas Foto darf keine Bild-Veränderungen haben.\nDas Foto darf keine Bild-Veränderungen haben.\nDas Foto darf keine Bild-Veränderungen haben.\nDas Foto darf keine Bild-Veränderungen haben.\nDas Foto darf keine Bild-Veränderungen haben.\nDas Foto darf keine Bild-Veränderungen haben.\nDas Foto darf keine Bild-Veränderungen haben.\nDas Foto darf keine Bild-Veränderungen haben.\nDas Foto darf keine Bild-Veränderungen haben.\nDas Foto darf keine Bild-Veränderungen haben.\nDas Foto darf keine Bild-Veränderungen haben.\nDas Foto darf keine Bild-Veränderungen haben.\nDas Foto darf keine Bild-Veränderungen haben.\nDas Foto darf keine Bild-Veränderungen haben.\nDas Foto darf keine Bild-Veränderungen haben.\nDas Foto darf keine Bild-Veränderungen haben.\nDas Foto darf keine Bild-Veränderungen haben.\nDas Foto darf keine Bild-Veränderungen haben.\nDas Foto darf keine Bild-Veränderungen haben.\nDas Foto darf keine Bild-Veränderungen haben.\nDas Foto darf keine Bild-Veränderungen haben.\nDas Foto darf keine Bild-Veränderungen haben.\nDas Foto darf keine Bild-Veränderungen haben.\nDas Foto darf keine Bild-Veränderungen haben.\nDas Foto darf keine Bild-Veränderungen haben.\nDas Foto darf keine Bild-Veränderungen haben.\nDas Foto darf keine Bild-Veränderungen haben.\nDas Foto darf keine Bild-Veränderungen haben.\nDas Foto darf keine Bild-Veränderungen haben.\nDas Foto darf keine Bild-Veränderungen haben.\nDas Foto darf keine Bild-Veränderungen haben.\nDas Foto darf keine Bild-Veränderungen haben.\nDas Foto darf keine Bild-Veränderungen haben.\nDas Foto darf keine Bild-Veränderungen haben.\nDas Foto darf keine Bild-Veränderungen haben.\nDas Foto darf keine Bild-Veränderungen haben.\nDas Foto darf keine Bild-Veränderungen haben.\nDas Foto darf keine Bild-Veränderungen haben.\nDas Foto darf keine Bild-Veränderungen haben.\nDas Foto darf keine Bild-Veränderungen haben.\nDas Foto darf keine Bild-Veränderungen haben.\nDas Foto darf keine Bild-Veränderungen haben.\nDas Foto darf keine Bild-Veränderungen haben.\nDas Foto darf keine Bild-Veränderungen haben.\nDas Foto darf keine Bild-Veränderungen haben.\nDas Foto darf keine Bild-Veränderungen haben.\nDas Foto darf keine Bild-Veränderungen haben.\nDas Foto darf keine Bild-Veränderungen haben.\nDas Foto darf keine Bild-Veränderungen haben.\nDas Foto darf keine Bild-Veränderungen haben.\nDas Foto darf keine Bild-Veränderungen haben.\nDas Foto darf keine Bild-Veränderungen haben.\nDas Foto darf keine Bild-Veränderungen haben.\nDas Foto darf keine Bild-Veränderungen haben.\nDas Foto darf keine Bild-Veränderungen haben.\nDas Foto darf keine Bild-Veränderungen haben.\nDas Foto darf keine Bild-Veränderungen haben.\nDas Foto darf keine Bild-Veränderungen haben.\nDas Foto darf keine Bild-Veränderungen haben.\nDas Foto darf keine Bild-Veränderungen haben.\nDas Foto darf keine Bild-Veränderungen haben.\nDas Foto darf keine Bild-Veränderungen haben.\nDas Foto darf keine Bild-Veränderungen haben.\nDas Foto darf keine Bild-Veränderungen haben.\nDas Foto darf keine Bild-Veränderungen haben.\nDas Foto darf keine Bild-Veränderungen haben.\nDas Foto darf keine Bild-Veränderungen haben.\nDas Foto darf keine Bild-Veränderungen haben.\nDas Foto darf keine Bild-Veränderungen haben.\nDas Foto darf keine Bild-Veränderungen haben.\nDas Foto darf keine Bild-Veränderungen haben.\nDas Foto darf keine Bild-Veränderungen haben.\nDas Foto darf keine Bild-Veränderungen haben.\nDas Foto darf keine Bild-Veränderungen haben.\nDas Foto darf keine Bild-Veränderungen haben.\nDas Foto darf keine Bild-Veränderungen haben.\nDas Foto darf keine Bild-Veränderungen haben.\nDas Foto darf keine Bild-Veränderungen haben.\nDas Foto darf keine Bild-Veränderungen haben.\nDas Foto darf keine Bild-Veränderungen haben.\nDas Foto darf keine Bild-Veränderungen haben.\nDas Foto darf keine Bild-Veränderungen haben.\nDas Foto darf keine Bild-Veränderungen haben.\nDas Foto darf keine Bild-Veränderungen haben.\nDas Foto darf keine Bild-Veränderungen haben.\nDas Foto darf keine Bild-Veränderungen haben.\nDas Foto darf keine Bild-Veränderungen haben.\nDas Foto darf keine Bild-Veränderungen haben.\nDas Foto darf keine Bild-Veränderungen haben.\nDas Foto darf keine Bild-Veränderungen haben.\nDas Foto darf keine Bild-Veränderungen haben.\nDas Foto darf keine Bild-Veränderungen haben.\nDas Foto darf keine Bild-Veränderungen haben.\nDas Foto darf keine Bild-Veränderungen haben.\nDas Foto darf keine Bild-Veränderungen haben.\nDas Foto darf keine Bild-Veränderungen haben.\nDas Foto darf keine Bild-Veränderungen haben.\nDas Foto darf keine Bild-Veränderungen haben.\nDas Foto darf keine Bild-Veränderungen haben.\nDas Foto darf keine Bild-Veränderungen haben.\nDas Foto darf keine Bild-Veränderungen haben.\nDas Foto darf keine Bild-Veränderungen haben.\nDas Foto darf keine Bild-Veränderungen haben.\nDas Foto darf keine Bild-Veränderungen haben.\nDas Foto darf keine Bild-Veränderungen haben.\nDas Foto darf keine Bild-Veränderungen haben.\nDas Foto darf keine Bild-Veränderungen haben.\nDas Foto darf keine Bild-Veränderungen haben.\nDas Foto darf keine Bild-Veränderungen haben.\nDas Foto darf keine Bild-Veränderungen haben.\nDas Foto darf keine Bild-Veränderungen haben.\nDas Foto darf keine Bild-Veränderungen haben.\nDas Foto darf keine Bild-Veränderungen haben.\nDas Foto darf keine Bild-Veränderungen haben.\nDas Foto darf keine Bild-Veränderungen haben.\nDas Foto darf keine Bild-Veränderungen haben.\nDas Foto darf keine Bild-Veränderungen haben.\nDas Foto darf keine Bild-Veränderungen haben.\nDas Foto darf keine Bild-Veränderungen haben.\nDas Foto darf keine Bild-Veränderungen haben.\nDas Foto darf keine Bild-Veränderungen haben.\nDas Foto darf keine Bild-Veränderungen haben.\nDas Foto darf keine Bild-Veränderungen haben.\nDas Foto darf keine Bild-Veränderungen haben.\nDas Foto darf keine Bild-Veränderungen haben.\nDas Foto darf keine Bild-Veränderungen haben.\nDas Foto darf keine Bild-Veränderungen haben.\nDas Foto darf keine Bild-Veränderungen haben.\nDas Foto darf keine Bild-Veränderungen haben.\nDas Foto darf keine Bild-Veränderungen haben.\nDas Foto darf keine Bild-Veränderungen haben.\nDas Foto darf keine Bild-Veränderungen haben.\nDas Foto darf keine Bild-Veränderungen haben.\nDas Foto darf keine Bild-Veränderungen haben.\nDas Foto darf keine Bild-Veränderungen haben.\nDas Foto darf keine Bild-Veränderungen haben.\nDas Foto darf keine Bild-Veränderungen haben.\nDas Foto darf keine Bild-Veränderungen haben.\nDas Foto darf keine Bild-Veränderungen haben.\nDas Foto darf keine Bild-Veränderungen haben.\nDas Foto darf keine Bild-Veränderungen haben.\nDas Foto darf keine Bild-Veränderungen haben.\nDas Foto darf keine Bild-Veränderungen haben.\nDas Foto darf keine Bild-Veränderungen haben.\nDas Foto darf keine Bild-Veränderungen haben.\nDas Foto darf keine Bild-Veränderungen haben.\nDas Foto darf keine Bild-Veränderungen haben.\nDas Foto darf keine Bild-Veränderungen haben.\nDas Foto darf keine Bild-Veränderungen haben.\nDas Foto darf keine Bild-Veränderungen haben.\nDas Foto darf keine Bild-Veränderungen haben.\nDas Foto darf keine Bild-Veränderungen haben.\nDas Foto darf keine Bild-Veränderungen haben.\nDas Foto darf keine Bild-Veränderungen haben.\nDas Foto darf keine Bild-Veränderungen haben.\nDas Foto darf keine Bild-Veränderungen haben.\nDas Foto darf keine Bild-Veränderungen haben.\nDas Foto darf keine Bild-Veränderungen haben.\nDas Foto darf keine Bild-Veränderungen haben.\nDas Foto darf keine Bild-Veränderungen haben.\nDas Foto darf keine Bild-Veränderungen haben.\nDas Foto darf keine Bild-Veränderungen haben.\nDas Foto darf keine Bild-Veränderungen haben.\nDas Foto darf keine Bild-Veränderungen haben.\nDas Foto darf keine Bild-Veränderungen haben.\nDas Foto darf keine Bild-Veränderungen haben.\nDas Foto darf keine Bild-Veränderungen haben.\nDas Foto darf keine Bild-Veränderungen haben.\nDas Foto darf keine Bild-Veränderungen haben.\nDas Foto darf keine Bild-Veränderungen haben.\nDas Foto darf keine Bild-Veränderungen haben.\nDas Foto darf keine Bild-Veränderungen haben.\nDas Foto darf keine Bild-Veränderungen haben.\nDas Foto darf keine Bild-Veränderungen haben.\nDas Foto darf keine Bild-Veränderungen haben.\nDas Foto darf keine Bild-Veränderungen haben.\nDas Foto darf keine Bild-Veränderungen haben.\nDas Foto darf keine Bild-Veränderungen haben.\nDas Foto darf keine Bild-Veränderungen haben.\nDas Foto darf keine Bild-Veränderungen haben.\nDas Foto darf keine Bild-Veränderungen haben.\nDas Foto darf keine Bild-Veränderungen haben.\nDas Foto darf keine Bild-Veränderungen haben.\nDas Foto darf keine Bild-Veränderungen haben.\nDas Foto darf keine Bild-Veränderungen haben.\nDas Foto darf keine Bild-Veränderungen haben.\nDas Foto darf keine Bild-Veränderungen haben.\nDas Foto darf keine Bild-Veränderungen haben.\nDas Foto darf keine Bild-Veränderungen haben.\nDas Foto darf keine Bild-Veränderungen haben.\nDas Foto darf keine Bild-Veränderungen haben.\nDas Foto darf keine Bild-Veränderungen haben.\nDas Foto darf keine Bild-Veränderungen haben.\nDas Foto darf keine Bild-Veränderungen haben.\nDas Foto darf keine Bild-Veränderungen haben.\nDas Foto darf keine Bild-Veränderungen haben.\nDas Foto darf keine Bild-Veränderungen haben.\nDas Foto darf keine Bild-Veränderungen haben.\nDas Foto darf keine Bild-Veränderungen haben.\nDas Foto darf keine Bild-Veränderungen haben.\nDas Foto darf keine Bild-Veränderungen haben.\nDas Foto darf keine Bild-Veränderungen haben.\nDas Foto darf keine Bild-Veränderungen haben.\nDas Foto darf keine Bild-Veränderungen haben.\nDas Foto darf keine Bild-Veränderungen haben.\nDas Foto darf keine Bild-Veränderungen haben.\nDas Foto darf keine Bild-Veränderungen haben.\nDas Foto darf keine Bild-Veränderungen haben.\nDas Foto darf keine Bild-Veränderungen haben.\nDas Foto darf keine Bild-Veränderungen haben.\nDas Foto darf keine Bild-Veränderungen haben.\nDas Foto darf keine Bild-Veränderungen haben.\nDas Foto darf keine Bild-Veränderungen haben.\nDas Foto darf keine Bild-Veränderungen haben.\nDas Foto darf keine Bild-Veränderungen haben.\nDas Foto darf keine Bild-Veränderungen haben.\nDas Foto darf keine Bild-Veränderungen haben.\nDas Foto darf keine Bild-Veränderungen haben.\nDas Foto darf keine Bild-Veränderungen haben.\nDas Foto darf keine Bild-Veränderungen haben.\nDas Foto darf keine Bild-Veränderungen haben.\nDas Foto darf keine Bild-Veränderungen haben.\nDas Foto darf keine Bild-Veränderungen haben.\nDas Foto darf keine Bild-Veränderungen haben.\nDas Foto darf keine Bild-Veränderungen haben.\nDas Foto darf keine Bild-Veränderungen haben.\nDas Foto darf keine Bild-Veränderungen haben.\nDas Foto darf keine Bild-Veränderungen haben.\nDas Foto darf keine Bild-Veränderungen haben.\nDas Foto darf keine Bild-Veränderungen haben.\nDas Foto darf keine Bild-Veränderungen haben.\nDas Foto darf keine Bild-Veränderungen haben.\nDas Foto darf keine Bild-Veränderungen haben.\nDas Foto darf keine Bild-Veränderungen haben.\nDas Foto darf keine Bild-Veränderungen haben.\nDas Foto darf keine Bild-Veränderungen haben.\nDas Foto darf keine Bild-Veränderungen haben.\nDas Foto darf keine Bild-Veränderungen haben.\nDas Foto darf keine Bild-Veränderungen haben.\nDas Foto darf keine Bild-Veränderungen haben.\nDas Foto darf keine Bild-Veränderungen haben.\nDas Foto darf keine Bild-Veränderungen haben.\nDas Foto darf keine Bild-Veränderungen haben.\nDas Foto darf keine Bild-Veränderungen haben.\nDas Foto darf keine Bild-Veränderungen haben.\nDas Foto darf keine Bild-Veränderungen haben.\nDas Foto darf keine Bild-Veränderungen haben.\nDas Foto darf keine Bild-Veränderungen haben.\nDas Foto darf keine Bild-Veränderungen haben.\nDas Foto darf keine Bild-
Voraussetzungen\n\nSie müssen in jedem Fall zur Beantragung persönlich vorsprechen. Sie können den Personalausweis grundsätzlich nur bei der Ausweisbehörde der Hauptwohnung beantragen.\n\nDie Ausweisbehörde muss sowohl die Antragsberechtigung wie auch die Echtheit der Unterschrift prüfen. Bitte legen Sie entsprechende Ausweisdokumente (Personalausweis, Reisepass) vor.;Was müssen Sie mitbringen?\n* Sie müssen Ihren alten Personal-Ausweis mitbringen.\n  Wenn Sie einen haben.\n* Sie müssen Ihren alten Reise-Pass mitbringen.\n  Wenn Sie einen haben.\n* Sie müssen Ihren alten Kinder-Reise-Pass mitbringen.\n  Wenn Sie einen haben.\n* Sie müssen Ihren alten Kinder-Ausweis mitbringen.\n  Wenn Sie einen haben.\n* Sie müssen Ihren alten Staats-Angehörigkeits-Ausweis mitbringen.\n  Wenn Sie einen haben.\n* Sie müssen Ihren alten Ausweis mitbringen.\n  Wenn Sie einen haben.\n* Sie müssen Ihren alten vorläufigen Personal-Ausweis mitbringen.\n  Wenn Sie einen haben.\n* Sie müssen Ihren alten vorläufigen Reise-Pass mitbringen.\n  Wenn Sie einen haben.\n* Sie müssen Ihren alten vorläufigen Kinder-Reise-Pass mitbringen.\n  Wenn Sie einen haben.\n* Sie müssen Ihren alten vorläufigen Kinder-Ausweis mitbringen.\n  Wenn Sie einen haben.\n* Sie müssen Ihren alten vorläufigen Staats-Angehörigkeits-Ausweis mitbringen.\n  Wenn Sie einen haben.\n* Sie müssen Ihren alten vorläufigen Ausweis mitbringen.\n  Wenn Sie einen haben.\n* Sie müssen Ihren alten Kinder-Ausweis mitbringen.\n  Wenn Sie einen haben.\n* Sie müssen Ihren alten Kinder-Reise-Pass mitbringen.\n  Wenn Sie einen haben.\n* Sie müssen Ihren alten Staats-Angehörigkeits-Ausweis mitbringen.\n  Wenn Sie einen haben.\n* Sie müssen Ihren alten Ausweis mitbringen.\n  Wenn Sie einen haben.\n* Sie müssen Ihren alten vorläufigen Personal-Ausweis mitbringen.\n  Wenn Sie einen haben.\n* Sie müssen Ihren alten vorläufigen Reise-Pass mitbringen.\n  Wenn Sie einen haben.\n* Sie müssen Ihren alten vorläufigen Kinder-Reise-Pass mitbringen.\n  Wenn Sie einen haben.\n* Sie müssen Ihren alten vorläufigen Kinder-Ausweis mitbringen.\n  Wenn Sie einen haben.\n* Sie müssen Ihren alten vorläufigen Staats-Angehörigkeits-Ausweis mitbringen.\n  Wenn Sie einen haben.\n* Sie müssen Ihren alten vorläufigen Ausweis mitbringen.\n  Wenn Sie einen haben.\n* Sie müssen Ihren alten Kinder-Ausweis mitbringen.\n  Wenn Sie einen haben.\n* Sie müssen Ihren alten Kinder-Reise-Pass mitbringen.\n  Wenn Sie einen haben.\n* Sie müssen Ihren alten Staats-Angehörigkeits-Ausweis mitbringen.\n  Wenn Sie einen haben.\n* Sie müssen Ihren alten Ausweis mitbringen.\n  Wenn Sie einen haben.\n* Sie müssen Ihren alten vorläufigen Personal-Ausweis mitbringen.\n  Wenn Sie einen haben.\n* Sie müssen Ihren alten vorläufigen Reise-Pass mitbringen.\n  Wenn Sie einen haben.\n* Sie müssen Ihren alten vorläufigen Kinder-Reise-Pass mitbringen.\n  Wenn Sie einen haben.\n* Sie müssen Ihren alten vorläufigen Kinder-Ausweis mitbringen.\n  Wenn Sie einen haben.\n* Sie müssen Ihren alten vorläufigen Staats-Angehörigkeits-Ausweis mitbringen.\n  Wenn Sie einen haben.\n* Sie müssen Ihren alten vorläufigen Ausweis mitbringen.\n  Wenn Sie einen haben.\n* Sie müssen Ihren alten Kinder-Ausweis mitbringen.\n  Wenn Sie einen haben.\n* Sie müssen Ihren alten Kinder-Reise-Pass mitbringen.\n  Wenn Sie einen haben.\n* Sie müssen Ihren alten Staats-Angehörigkeits-Ausweis mitbringen.\n  Wenn Sie einen haben.\n* Sie müssen Ihren alten Ausweis mitbringen.\n  Wenn Sie einen haben.\n* Sie müssen Ihren alten vorläufigen Personal-Ausweis mitbringen.\n  Wenn Sie einen haben.\n* Sie müssen Ihren alten vorläufigen Reise-Pass mitbringen.\n  Wenn Sie einen haben.\n* Sie müssen Ihren alten vorläufigen Kinder-Reise-Pass mitbringen.\n  Wenn Sie einen haben.\n* Sie müssen Ihren alten vorläufigen Kinder-Ausweis mitbringen.\n  Wenn Sie einen haben.\n* Sie müssen Ihren alten vorläufigen Staats-Angehörigkeits-Ausweis mitbringen.\n  Wenn Sie einen haben.\n* Sie müssen Ihren alten vorläufigen Ausweis mitbringen.\n  Wenn Sie einen haben.\n* Sie müssen Ihren alten Kinder-Ausweis mitbringen.\n  Wenn Sie einen haben.\n* Sie müssen Ihren alten Kinder-Reise-Pass mitbringen.\n  Wenn Sie einen haben.\n* Sie müssen Ihren alten Staats-Angehörigkeits-Ausweis mitbringen.\n  Wenn Sie einen haben.\n* Sie müssen Ihren alten Ausweis mitbringen.\n  Wenn Sie einen haben.\n* Sie müssen Ihren alten vorläufigen Personal-Ausweis mitbringen.\n  Wenn Sie einen haben.\n* Sie müssen Ihren alten vorläufigen Reise-Pass mitbringen.\n  Wenn Sie einen haben.\n* Sie müssen Ihren alten vorläufigen Kinder-Reise-Pass mitbringen.\n  Wenn Sie einen haben.\n* Sie müssen Ihren alten vorläufigen Kinder-Ausweis mitbringen.\n  Wenn Sie einen haben.\n* Sie müssen Ihren alten vorläufigen Staats-Angehörigkeits-Ausweis mitbringen.\n  Wenn Sie einen haben.\n* Sie müssen Ihren alten vorläufigen Ausweis mitbringen.\n  Wenn Sie einen haben.\n* Sie müssen Ihren alten Kinder-Ausweis mitbringen.\n  Wenn Sie einen haben.\n* Sie müssen Ihren alten Kinder-Reise-Pass mitbringen.\n  Wenn Sie einen haben.\n* Sie müssen Ihren alten Staats-Angehörigkeits-Ausweis mitbringen.\n  Wenn Sie einen haben.\n* Sie müssen Ihren alten Ausweis mitbringen.\n  Wenn Sie einen haben.\n* Sie müssen Ihren alten vorläufigen Personal-Ausweis mitbringen.\n  Wenn Sie einen haben.\n* Sie müssen Ihren alten vorläufigen Reise-Pass mitbringen.\n  Wenn Sie einen haben.\n* Sie müssen Ihren alten vorläufigen Kinder-Reise-Pass mitbringen.\n  Wenn Sie einen haben.\n* Sie müssen Ihren alten vorläufigen Kinder-Ausweis mitbringen.\n  Wenn Sie einen haben.\n* Sie müssen Ihren alten vorläufigen Staats-Angehörigkeits-Ausweis mitbringen.\n  Wenn Sie einen haben.\n* Sie müssen Ihren alten vorläufigen Ausweis mitbringen.\n  Wenn Sie einen haben.\n* Sie müssen Ihren alten Kinder-Ausweis mitbringen.\n  Wenn Sie einen haben.\n* Sie müssen Ihren alten Kinder-Reise-Pass mitbringen.\n  Wenn Sie einen haben.\n* Sie müssen Ihren alten Staats-Angehörigkeits-Ausweis mitbringen.\n  Wenn Sie einen haben.\n* Sie müssen Ihren alten Ausweis mitbringen.\n  Wenn Sie einen haben.\n* Sie müssen Ihren alten vorläufigen Personal-Ausweis mitbringen.\n  Wenn Sie einen haben.\n* Sie müssen Ihren alten vorläufigen Reise-Pass mitbringen.\n  Wenn Sie einen haben.\n* Sie müssen Ihren alten vorläufigen Kinder-Reise-Pass mitbringen.\n  Wenn Sie einen haben.\n* Sie müssen Ihren alten vorläufigen Kinder-Ausweis mitbringen.\n  Wenn Sie einen haben.\n* Sie müssen Ihren alten vorläufigen Staats-Angehörigkeits-Ausweis mitbringen.\n  Wenn Sie einen haben.\n* Sie müssen Ihren alten vorläufigen Ausweis mitbringen.\n  Wenn Sie einen haben.\n* Sie müssen Ihren alten Kinder-Ausweis mitbringen.\n  Wenn Sie einen haben.\n* Sie müssen Ihren alten Kinder-Reise-Pass mitbringen.\n  Wenn Sie einen haben.\n* Sie müssen Ihren alten Staats-Angehörigkeits-Ausweis mitbringen.\n  Wenn Sie einen haben.\n* Sie müssen Ihren alten Ausweis mitbringen.\n  Wenn Sie einen haben.\n* Sie müssen Ihren alten vorläufigen Personal-Ausweis mitbringen.\n  Wenn Sie einen haben.\n* Sie müssen Ihren alten vorläufigen Reise-Pass mitbringen.\n  Wenn Sie einen haben.\n* Sie müssen Ihren alten vorläufigen Kinder-Reise-Pass mitbringen.\n  Wenn Sie einen haben.\n* Sie müssen Ihren alten vorläufigen Kinder-Ausweis mitbringen.\n  Wenn Sie einen haben.\n* Sie müssen Ihren alten vorläufigen Staats-Angehörigkeits-Ausweis mitbringen.\n  Wenn Sie einen haben.\n* Sie müssen Ihren alten vorläufigen Ausweis mitbringen.\n  Wenn Sie einen haben.\n* Sie müssen Ihren alten Kinder-Ausweis mitbringen.\n  Wenn Sie einen haben.\n* Sie müssen Ihren alten Kinder-Reise-Pass mitbringen.\n  Wenn Sie einen haben.\n* Sie müssen Ihren alten Staats-Angehörigkeits-Ausweis mitbringen.\n  Wenn Sie einen haben.\n* Sie müssen Ihren alten Ausweis mitbringen.\n  Wenn Sie einen haben.\n* Sie müssen Ihren alten vorläufigen Personal-Ausweis mitbringen.\n  Wenn Sie einen haben.\n* Sie müssen Ihren alten vorläufigen Reise-Pass mitbringen.\n  Wenn Sie einen haben.\n* Sie müssen Ihren alten vorläufigen Kinder-Reise-Pass mitbringen.\n  Wenn Sie einen haben.\n* Sie müssen Ihren alten vorläufigen Kinder-Ausweis mitbringen.\n  Wenn Sie einen haben.\n* Sie müssen Ihren alten vorläufigen Staats-Angehörigkeits-Ausweis mitbringen.\n  Wenn Sie einen haben.\n* Sie müssen Ihren alten vorläufigen Ausweis mitbringen.\n  Wenn Sie einen haben.\n* Sie müssen Ihren alten Kinder-Ausweis mitbringen.\n  Wenn Sie einen haben.\n* Sie müssen Ihren alten Kinder-Reise-Pass mitbringen.\n  Wenn Sie einen haben.\n* Sie müssen Ihren alten Staats-Angehörigkeits-Ausweis mitbringen.\n  Wenn Sie einen haben.\n* Sie müssen Ihren alten Ausweis mitbringen.\n  Wenn Sie einen haben.\n* Sie müssen Ihren alten vorläufigen Personal-Ausweis mitbringen.\n  Wenn Sie einen haben.\n* Sie müssen Ihren alten vorläufigen Reise-Pass mitbringen.\n  Wenn Sie einen haben.\n* Sie müssen Ihren alten vorläufigen Kinder-Reise-Pass mitbringen.\n  Wenn Sie einen haben.\n* Sie müssen Ihren alten vorläufigen Kinder-Ausweis mitbringen.\n  Wenn Sie einen haben.\n* Sie müssen Ihren alten vorläufigen Staats-Angehörigkeits-Ausweis mitbringen.\n  Wenn Sie einen haben.\n* Sie müssen Ihren alten vorläufigen Ausweis mitbringen.\n  Wenn Sie einen haben.\n* Sie müssen Ihren alten Kinder-Ausweis mitbringen.\n  Wenn Sie einen haben.\n* Sie müssen Ihren alten Kinder-Reise-Pass mitbringen.\n  Wenn Sie einen haben.\n* Sie müssen Ihren alten Staats-Angehörigkeits-Ausweis mitbringen.\n  Wenn Sie einen haben.\n* Sie müssen Ihren alten Ausweis mitbringen.\n  Wenn Sie einen haben.\n* Sie müssen Ihren alten vorläufigen Personal-Ausweis mitbringen.\n  Wenn Sie einen haben.\n* Sie müssen Ihren alten vorläufigen Reise-Pass mitbringen.\n  Wenn Sie einen haben.\n* Sie müssen Ihren alten vorläufigen Kinder-Reise-Pass mitbringen.\n  Wenn Sie einen haben.\n* Sie müssen Ihren alten vorläufigen Kinder-Ausweis mitbringen.\n  Wenn Sie einen haben.\n* Sie müssen Ihren alten vorläufigen Staats-Angehörigkeits-Ausweis mitbringen.\n  Wenn Sie einen haben.\n* Sie müssen Ihren alten vorläufigen Ausweis mitbringen.\n  Wenn Sie einen haben.\n* Sie müssen Ihren alten Kinder-Ausweis mitbringen.\n  Wenn Sie einen haben.\n* Sie müssen Ihren alten Kinder-Reise-Pass mitbringen.\n  Wenn Sie einen haben.\n* Sie müssen Ihren alten Staats-Angehörigkeits-Ausweis mitbringen.\n  Wenn Sie einen haben.\n* Sie müssen Ihren alten Ausweis mitbringen.\n  Wenn Sie einen haben.\n* Sie müssen Ihren alten vorläufigen Personal-Ausweis mitbringen.\n  Wenn Sie einen haben.\n* Sie müssen Ihren alten vorläufigen Reise-Pass mitbringen.\n  Wenn Sie einen haben.\n* Sie müssen Ihren alten vorläufigen Kinder-Reise-Pass mitbringen.\n  Wenn Sie einen haben.\n* Sie müssen Ihren alten vorläufigen Kinder-Ausweis mitbringen.\n  Wenn Sie einen haben.\n* Sie müssen Ihren alten vorläufigen Staats-Angehörigkeits-Ausweis mitbringen.\n  Wenn Sie einen haben.\n* Sie müssen Ihren alten vorläufigen Ausweis mitbringen.\n  Wenn Sie einen haben.\n* Sie müssen Ihren alten Kinder-Ausweis mitbringen.\n  Wenn Sie einen haben.\n* Sie müssen Ihren alten Kinder-Reise-Pass mitbringen.\n  Wenn Sie einen haben.\n* Sie müssen Ihren alten Staats-Angehörigkeits-Ausweis mitbringen.\n  Wenn Sie einen haben.\n* Sie müssen Ihren alten Ausweis mitbringen.\n  Wenn Sie einen haben.\n* Sie müssen Ihren alten vorläufigen Personal-Ausweis mitbringen.\n  Wenn Sie einen haben.\n* Sie müssen Ihren alten vorläufigen Reise-Pass mitbringen.\n  Wenn Sie einen haben.\n* Sie müssen Ihren alten vorläufigen Kinder-Reise-Pass mitbringen.\n  Wenn Sie einen haben.\n* Sie müssen Ihren alten vorläufigen Kinder-Ausweis mitbringen.\n  Wenn Sie einen haben.\n* Sie müssen Ihren alten vorläufigen Staats-Angehörigkeits-Ausweis mitbringen.\n  Wenn Sie einen haben.\n* Sie müssen Ihren alten vorläufigen Ausweis mitbringen.\n  Wenn Sie einen haben.\n* Sie müssen Ihren alten Kinder-Ausweis mitbringen.\n  Wenn Sie einen haben.\n* Sie müssen Ihren alten Kinder-Reise-Pass mitbringen.\n  Wenn Sie einen haben.\n* Sie müssen Ihren alten Staats-Angehörigkeits-Ausweis mitbringen.\n  Wenn Sie einen haben.\n* Sie müssen Ihren alten Ausweis mitbringen.\n  Wenn Sie einen haben.\n* Sie müssen Ihren alten vorläufigen Personal-Ausweis mitbringen.\n  Wenn Sie einen haben.\n* Sie müssen Ihren alten vorläufigen Reise-Pass mitbringen.\n  Wenn Sie einen haben.\n* Sie müssen Ihren alten vorläufigen Kinder-Reise-Pass mitbringen.\n  Wenn Sie einen haben.\n* Sie müssen Ihren alten vorläufigen Kinder-Ausweis mitbringen.\n  Wenn Sie einen haben.\n* Sie müssen Ihren alten vorläufigen Staats-Angehörigkeits-Ausweis mitbringen.\n  Wenn Sie einen haben.\n* Sie müssen Ihren alten vorläufigen Ausweis mitbringen.\n  Wenn Sie einen haben.\n* Sie müssen Ihren alten Kinder-Ausweis mitbringen.\n  Wenn Sie einen haben.\n* Sie müssen Ihren alten Kinder-Reise-Pass mitbringen.\n  Wenn Sie einen haben.\n* Sie müssen Ihren alten Staats-Angehörigkeits-Ausweis mitbringen.\n  Wenn Sie einen haben.\n* Sie müssen Ihren alten Ausweis mitbringen.\n  Wenn Sie einen haben.\n* Sie müssen Ihren alten vorläufigen Personal-Ausweis mitbringen.\n  Wenn Sie einen haben.\n* Sie müssen Ihren alten vorläufigen Reise-Pass mitbringen.\n  Wenn Sie einen haben.\n* Sie müssen Ihren alten vorläufigen Kinder-Reise-Pass mitbringen.\n  Wenn Sie einen haben.\n* Sie müssen Ihren alten vorläufigen Kinder-Ausweis mitbringen.\n  Wenn Sie einen haben.\n* Sie müssen Ihren alten vorläufigen Staats-Angehörigkeits-Ausweis mitbringen.\n  Wenn Sie einen haben.\n* Sie müssen Ihren alten vorläufigen Ausweis mitbringen.\n  Wenn Sie einen haben.\n* Sie müssen Ihren alten Kinder-Ausweis mitbringen.\n  Wenn Sie einen haben.\n* Sie müssen Ihren alten Kinder-Reise-Pass mitbringen.\n  Wenn Sie einen haben.\n* Sie müssen Ihren alten Staats-Angehörigkeits-Ausweis mitbringen.\n  Wenn Sie einen haben.\n* Sie müssen Ihren alten Ausweis mitbringen.\n  Wenn Sie einen haben.\n* Sie müssen Ihren alten vorläufigen Personal-Ausweis mitbringen.\n  Wenn Sie einen haben.\n* Sie müssen Ihren alten vorläufigen Reise-Pass mitbringen.\n  Wenn Sie einen haben.\n* Sie müssen Ihren alten vorläufigen Kinder-Reise-Pass mitbringen.\n  Wenn Sie einen haben.\n* Sie müssen Ihren alten vorläufigen Kinder-Ausweis mitbringen.\n  Wenn Sie einen haben.\n* Sie müssen Ihren alten vorläufigen Staats-Angehörigkeits-Ausweis mitbringen.\n  Wenn Sie einen haben.\n* Sie müssen Ihren alten vorläufigen Ausweis mitbringen.\n  Wenn Sie einen haben.\n* Sie müssen Ihren alten Kinder-Ausweis mitbringen.\n  Wenn Sie einen haben.\n* Sie müssen Ihren alten Kinder-Reise-Pass mitbringen.\n  Wenn Sie einen haben.\n* Sie müssen Ihren alten Staats-Angehörigkeits-Ausweis mitbringen.\n  Wenn Sie einen haben.\n* Sie müssen Ihren alten Ausweis mitbringen.\n  Wenn Sie einen haben.\n* Sie müssen Ihren alten vorläufigen Personal-Ausweis mitbringen.\n  Wenn Sie einen haben.\n* Sie müssen Ihren alten vorläufigen Reise-Pass mitbringen.\n  Wenn Sie einen haben.\n* Sie müssen Ihren alten vorläufigen Kinder-Reise-Pass mitbringen.\n  Wenn Sie einen haben.\n* Sie müssen Ihren alten vorläufigen Kinder-Ausweis mitbringen.\n  Wenn Sie einen haben.\n* Sie müssen Ihren alten vorläufigen Staats-Angehörigkeits-Ausweis mitbringen.\n  Wenn Sie einen haben.\n* Sie müssen Ihren alten vorläufigen Ausweis mitbringen.\n  Wenn Sie einen haben.\n* Sie müssen Ihren alten Kinder-Ausweis mitbringen.\n  Wenn Sie einen haben.\n* Sie müssen Ihren alten Kinder-Reise-Pass mitbringen.\n  Wenn
Gültigkeit der Personalausweise\n* Für Personen unter 24 Jahren: 6 Jahre\n* Für Personen über 24 Jahren: 10 Jahre\n* vorläufiger Ausweis: maximal 3 Monate\n\nEine Verlängerung ist bei keiner der drei aufgeführten Laufzeiten möglich.;Wie lange ist der Personal-Ausweis gültig?\nDas kommt darauf an, wie alt Sie sind.\nUnd ob Sie einen vorläufigen Personal-Ausweis haben.\nVorläufiger Personal-Ausweis\nDer vorläufige Personal-Ausweis ist nur 3 Monate gültig.\nDanach brauchen Sie einen richtigen Personal-Ausweis.\nDer vorläufige Personal-Ausweis ist nur für Not-Fälle.\nZum Beispiel:\nIhr alter Personal-Ausweis ist abgelaufen.\nSie brauchen aber einen Personal-Ausweis.\nSie wollen in ein anderes Land reisen.\nDas Land verlangt einen Personal-Ausweis.\nDer vorläufige Personal-Ausweis ist nur in Deutschland gültig.\nDer vorläufige Personal-Ausweis kostet genauso viel wie der richtige Personal-Ausweis.\nDer vorläufige Personal-Ausweis ist nur im Bürger-Büro erhältlich.\nDer vorläufige Personal-Ausweis wird sofort ausgestellt.\nSie müssen ihn also im Bürger-Büro abholen.\nSie müssen ihn also im Bürger-Büro beantragen.\nSie müssen also mit einem anderen Ausweis ins Bürger-Büro kommen.\nZum Beispiel mit einem Reise-Pass.\nOder mit einem Kinder-Reise-Pass.\nOder mit einem vorläufigen Reise-Pass.\nOder mit einem Kinder-Ausweis.\nOder mit einem vorläufigen Personal-Ausweis.\nOder mit einem vorläufigen Kinder-Ausweis.\nOder mit einem alten Personal-Ausweis.\nOder mit einem alten Kinder-Ausweis.\nOder mit einem alten Reise-Pass.\nOder mit einem alten vorläufigen Reise-Pass.\nOder mit einem alten vorläufigen Kinder-Reise-Pass.\nOder mit einem alten vorläufigen Personal-Ausweis.\nOder mit einem alten vorläufigen Kinder-Ausweis.\nOder mit einem alten vorläufigen Reise-Pass.\nOder mit einem alten vorläufigen Kinder-Reise-Pass.\nOder mit einem alten vorläufigen Personal-Ausweis.\nOder mit einem alten vorläufigen Kinder-Ausweis.\nOder mit einem alten vorläufigen Reise-Pass.\nOder mit einem alten vorläufigen Kinder-Reise-Pass.\nOder mit einem alten vorläufigen Personal-Ausweis.\nOder mit einem alten vorläufigen Kinder-Ausweis.\nOder mit einem alten vorläufigen Reise-Pass.\nOder mit einem alten vorläufigen Kinder-Reise-Pass.\nOder mit einem alten vorläufigen Personal-Ausweis.\nOder mit einem alten vorläufigen Kinder-Ausweis.\nOder mit einem alten vorläufigen Reise-Pass.\nOder mit einem alten vorläufigen Kinder-Reise-Pass.\nOder mit einem alten vorläufigen Personal-Ausweis.\nOder mit einem alten vorläufigen Kinder-Ausweis.\nOder mit einem alten vorläufigen Reise-Pass.\nOder mit einem alten vorläufigen Kinder-Reise-Pass.\nOder mit einem alten vorläufigen Personal-Ausweis.\nOder mit einem alten vorläufigen Kinder-Ausweis.\nOder mit einem alten vorläufigen Reise-Pass.\nOder mit einem alten vorläufigen Kinder-Reise-Pass.\nOder mit einem alten vorläufigen Personal-Ausweis.\nOder mit einem alten vorläufigen Kinder-Ausweis.\nOder mit einem alten vorläufigen Reise-Pass.\nOder mit einem alten vorläufigen Kinder-Reise-Pass.\nOder mit einem alten vorläufigen Personal-Ausweis.\nOder mit einem alten vorläufigen Kinder-Ausweis.\nOder mit einem alten vorläufigen Reise-Pass.\nOder mit einem alten vorläufigen Kinder-Reise-Pass.\nOder mit einem alten vorläufigen Personal-Ausweis.\nOder mit einem alten vorläufigen Kinder-Ausweis.\nOder mit einem alten vorläufigen Reise-Pass.\nOder mit einem alten vorläufigen Kinder-Reise-Pass.\nOder mit einem alten vorläufigen Personal-Ausweis.\nOder mit einem alten vorläufigen Kinder-Ausweis.\nOder mit einem alten vorläufigen Reise-Pass.\nOder mit einem alten vorläufigen Kinder-Reise-Pass.\nOder mit einem alten vorläufigen Personal-Ausweis.\nOder mit einem alten vorläufigen Kinder-Ausweis.\nOder mit einem alten vorläufigen Reise-Pass.\nOder mit einem alten vorläufigen Kinder-Reise-Pass.\nOder mit einem alten vorläufigen Personal-Ausweis.\nOder mit einem alten vorläufigen Kinder-Ausweis.\nOder mit einem alten vorläufigen Reise-Pass.\nOder mit einem alten vorläufigen Kinder-Reise-Pass.\nOder mit einem alten vorläufigen Personal-Ausweis.\nOder mit einem alten vorläufigen Kinder-Ausweis.\nOder mit einem alten vorläufigen Reise-Pass.\nOder mit einem alten vorläufigen Kinder-Reise-Pass.\nOder mit einem alten vorläufigen Personal-Ausweis.\nOder mit einem alten vorläufigen Kinder-Ausweis.\nOder mit einem alten vorläufigen Reise-Pass.\nOder mit einem alten vorläufigen Kinder-Reise-Pass.\nOder mit einem alten vorläufigen Personal-Ausweis.\nOder mit einem alten vorläufigen Kinder-Ausweis.\nOder mit einem alten vorläufigen Reise-Pass.\nOder mit einem alten vorläufigen Kinder-Reise-Pass.\nOder mit einem alten vorläufigen Personal-Ausweis.\nOder mit einem alten vorläufigen Kinder-Ausweis.\nOder mit einem alten vorläufigen Reise-Pass.\nOder mit einem alten vorläufigen Kinder-Reise-Pass.\nOder mit einem alten vorläufigen Personal-Ausweis.\nOder mit einem alten vorläufigen Kinder-Ausweis.\nOder mit einem alten vorläufigen Reise-Pass.\nOder mit einem alten vorläufigen Kinder-Reise-Pass.\nOder mit einem alten vorläufigen Personal-Ausweis.\nOder mit einem alten vorläufigen Kinder-Ausweis.\nOder mit einem alten vorläufigen Reise-Pass.\nOder mit einem alten vorläufigen Kinder-Reise-Pass.\nOder mit einem alten vorläufigen Personal-Ausweis.\nOder mit einem alten vorläufigen Kinder-Ausweis.\nOder mit einem alten vorläufigen Reise-Pass.\nOder mit einem alten vorläufigen Kinder-Reise-Pass.\nOder mit einem alten vorläufigen Personal-Ausweis.\nOder mit einem alten vorläufigen Kinder-Ausweis.\nOder mit einem alten vorläufigen Reise-Pass.\nOder mit einem alten vorläufigen Kinder-Reise-Pass.\nOder mit einem alten vorläufigen Personal-Ausweis.\nOder mit einem alten vorläufigen Kinder-Ausweis.\nOder mit einem alten vorläufigen Reise-Pass.\nOder mit einem alten vorläufigen Kinder-Reise-Pass.\nOder mit einem alten vorläufigen Personal-Ausweis.\nOder mit einem alten vorläufigen Kinder-Ausweis.\nOder mit einem alten vorläufigen Reise-Pass.\nOder mit einem alten vorläufigen Kinder-Reise-Pass.\nOder mit einem alten vorläufigen Personal-Ausweis.\nOder mit einem alten vorläufigen Kinder-Ausweis.\nOder mit einem alten vorläufigen Reise-Pass.\nOder mit einem alten vorläufigen Kinder-Reise-Pass.\nOder mit einem alten vorläufigen Personal-Ausweis.\nOder mit einem alten vorläufigen Kinder-Ausweis.\nOder mit einem alten vorläufigen Reise-Pass.\nOder mit einem alten vorläufigen Kinder-Reise-Pass.\nOder mit einem alten vorläufigen Personal-Ausweis.\nOder mit einem alten vorläufigen Kinder-Ausweis.\nOder mit einem alten vorläufigen Reise-Pass.\nOder mit einem alten vorläufigen Kinder-Reise-Pass.\nOder mit einem alten vorläufigen Personal-Ausweis.\nOder mit einem alten vorläufigen Kinder-Ausweis.\nOder mit einem alten vorläufigen Reise-Pass.\nOder mit einem alten vorläufigen Kinder-Reise-Pass.\nOder mit einem alten vorläufigen Personal-Ausweis.\nOder mit einem alten vorläufigen Kinder-Ausweis.\nOder mit einem alten vorläufigen Reise-Pass.\nOder mit einem alten vorläufigen Kinder-Reise-Pass.\nOder mit einem alten vorläufigen Personal-Ausweis.\nOder mit einem alten vorläufigen Kinder-Ausweis.\nOder mit einem alten vorläufigen Reise-Pass.\nOder mit einem alten vorläufigen Kinder-Reise-Pass.\nOder mit einem alten vorläufigen Personal-Ausweis.\nOder mit einem alten vorläufigen Kinder-Ausweis.\nOder mit einem alten vorläufigen Reise-Pass.\nOder mit einem alten vorläufigen Kinder-Reise-Pass.\nOder mit einem alten vorläufigen Personal-Ausweis.\nOder mit einem alten vorläufigen Kinder-Ausweis.\nOder mit einem alten vorläufigen Reise-Pass.\nOder mit einem alten vorläufigen Kinder-Reise-Pass.\nOder mit einem alten vorläufigen Personal-Ausweis.\nOder mit einem alten vorläufigen Kinder-Ausweis.\nOder mit einem alten vorläufigen Reise-Pass.\nOder mit einem alten vorläufigen Kinder-Reise-Pass.\nOder mit einem alten vorläufigen Personal-Ausweis.\nOder mit einem alten vorläufigen Kinder-Ausweis.\nOder mit einem alten vorläufigen Reise-Pass.\nOder mit einem alten vorläufigen Kinder-Reise-Pass.\nOder mit einem alten vorläufigen Personal-Ausweis.\nOder mit einem alten vorläufigen Kinder-Ausweis.\nOder mit einem alten vorläufigen Reise-Pass.\nOder mit einem alten vorläufigen Kinder-Reise-Pass.\nOder mit einem alten vorläufigen Personal-Ausweis.\nOder mit einem alten vorläufigen Kinder-Ausweis.\nOder mit einem alten vorläufigen Reise-Pass.\nOder mit einem alten vorläufigen Kinder-Reise-Pass.\nOder mit einem alten vorläufigen Personal-Ausweis.\nOder mit einem alten vorläufigen Kinder-Ausweis.\nOder mit einem alten vorläufigen Reise-Pass.\nOder mit einem alten vorläufigen Kinder-Reise-Pass.\nOder mit einem alten vorläufigen Personal-Ausweis.\nOder mit einem alten vorläufigen Kinder-Ausweis.\nOder mit einem alten vorläufigen Reise-Pass.\nOder mit einem alten vorläufigen Kinder-Reise-Pass.\nOder mit einem alten vorläufigen Personal-Ausweis.\nOder mit einem alten vorläufigen Kinder-Ausweis.\nOder mit einem alten vorläufigen Reise-Pass.\nOder mit einem alten vorläufigen Kinder-Reise-Pass.\nOder mit einem alten vorläufigen Personal-Ausweis.\nOder mit einem alten vorläufigen Kinder-Ausweis.\nOder mit einem alten vorläufigen Reise-Pass.\nOder mit einem alten vorläufigen Kinder-Reise-Pass.\nOder mit einem alten vorläufigen Personal-Ausweis.\nOder mit einem alten vorläufigen Kinder-Ausweis.\nOder mit einem alten vorläufigen Reise-Pass.\nOder mit einem alten vorläufigen Kinder-Reise-Pass.\nOder mit einem alten vorläufigen Personal-Ausweis.\nOder mit einem alten vorläufigen Kinder-Ausweis.\nOder mit einem alten vorläufigen Reise-Pass.\nOder mit einem alten vorläufigen Kinder-Reise-Pass.\nOder mit einem alten vorläufigen Personal-Ausweis.\nOder mit einem alten vorläufigen Kinder-Ausweis.\nOder mit einem alten vorläufigen Reise-Pass.\nOder mit einem alten vorläufigen Kinder-Reise-Pass.\nOder mit einem alten vorläufigen Personal-Ausweis.\nOder mit einem alten vorläufigen Kinder-Ausweis.\nOder mit einem alten vorläufigen Reise-Pass.\nOder mit einem alten vorläufigen Kinder-Reise-Pass.\nOder mit einem alten vorläufigen Personal-Ausweis.\nOder mit einem alten vorläufigen Kinder-Ausweis.\nOder mit einem alten vorläufigen Reise-Pass.\nOder mit einem alten vorläufigen Kinder-Reise-Pass.\nOder mit einem alten vorläufigen Personal-Ausweis.\nOder mit einem alten vorläufigen Kinder-Ausweis.\nOder mit einem alten vorläufigen Reise-Pass.\nOder mit einem alten vorläufigen Kinder-Reise-Pass.\nOder mit einem alten vorläufigen Personal-Ausweis.\nOder mit einem alten vorläufigen Kinder-Ausweis.\nOder mit einem alten vorläufigen Reise-Pass.\nOder mit einem alten vorläufigen Kinder-Reise-Pass.\nOder mit einem alten vorläufigen Personal-Ausweis.\nOder mit einem alten vorläufigen Kinder-Ausweis.\nOder mit einem alten vorläufigen Reise-Pass.\nOder mit einem alten vorläufigen Kinder-Reise-Pass.\nOder mit einem alten vorläufigen Personal-Ausweis.\nOder mit einem alten vorläufigen Kinder-Ausweis.\nOder mit einem alten vorläufigen Reise-Pass.\nOder mit einem alten vorläufigen Kinder-Reise-Pass.\nOder mit einem alten vorläufigen Personal-Ausweis.\nOder mit einem alten vorläufigen Kinder-Ausweis.\nOder mit einem alten vorläufigen Reise-Pass.\nOder mit einem alten vorläufigen Kinder-Reise-Pass.\nOder mit einem alten vorläufigen Personal-Ausweis.\nOder mit einem alten vorläufigen Kinder-Ausweis.\nOder mit einem alten vorläufigen Reise-Pass.\nOder mit einem alten vorläufigen Kinder-Reise-Pass.\nOder mit einem alten vorläufigen Personal-Ausweis.\nOder mit einem alten vorläufigen Kinder-Ausweis.\nOder mit einem alten vorläufigen Reise-Pass.\nOder mit einem alten vorläufigen Kinder-Reise-Pass.\nOder mit einem alten vorläufigen Personal-Ausweis.\nOder mit einem alten vorläufigen Kinder-Ausweis.\nOder mit einem alten vorläufigen Reise-Pass.\nOder mit einem alten vorläufigen Kinder-Reise-Pass.\nOder mit einem alten vorläufigen Personal-Ausweis.\nOder mit einem alten vorläufigen Kinder-Ausweis.\nOder mit einem alten vorläufigen Reise-Pass.\nOder mit einem alten vorläufigen Kinder-Reise-Pass.\nOder mit einem alten vorläufigen Personal-Ausweis.\nOder mit einem alten vorläufigen Kinder-Ausweis.\nOder mit einem alten vorläufigen Reise-Pass.\nOder mit einem alten vorläufigen Kinder-Reise-Pass.\nOder mit einem alten vorläufigen Personal-Ausweis.\nOder mit einem alten vorläufigen Kinder-Ausweis.\nOder mit einem alten vorläufigen Reise-Pass.\nOder mit einem alten vorläufigen Kinder-Reise-Pass.\nOder mit einem alten vorläufigen Personal-Ausweis.\nOder mit einem alten vorläufigen Kinder-Ausweis.\nOder mit einem alten vorläufigen Reise-Pass.\nOder mit einem alten vorläufigen Kinder-Reise-Pass.\nOder mit einem alten vorläufigen Personal-Ausweis.\nOder mit einem alten vorläufigen Kinder-Ausweis.\nOder mit einem alten vorläufigen Reise-Pass.\nOder mit einem alten vorläufigen Kinder-Reise-Pass.\nOder mit einem alten vorläufigen Personal-Ausweis.\nOder mit einem alten vorläufigen Kinder-Ausweis.\nOder mit einem alten vorläufigen Reise-Pass.\nOder mit einem alten vorläufigen Kinder-Reise-Pass.\nOder mit einem alten vorläufigen Personal-Ausweis.\nOder mit einem alten vorläufigen Kinder-Ausweis.\nOder mit einem alten vorläufigen Reise-Pass.\nOder mit einem alten vorläufigen Kinder-Reise-Pass.\nOder mit einem alten vorläufigen Personal-Ausweis.\nOder mit einem alten vorläufigen Kinder-Ausweis.\nOder mit einem alten vorläufigen Reise-Pass.\nOder mit einem alten vorläufigen Kinder-Reise-Pass.\nOder mit einem alten vorläufigen Personal-Ausweis.\nOder mit einem alten vorläufigen Kinder-Ausweis.\nOder mit einem alten vorläufigen Reise-Pass.\nOder mit einem alten vorläufigen Kinder-Reise-Pass.\nOder mit einem alten vorläufigen Personal-Ausweis.\nOder mit einem alten vorläufigen Kinder-Ausweis.\nOder mit einem alten vorläufigen
Hinweise zur Abholung\n\nSie können den Bearbeitungsstand Ihres Personalausweises online abfragen. Für die Abholung benötigen Sie einen vorab gebuchten Termin.\n\nDie Aushändigung kann an die Antragstellerin oder den Antragsteller oder an eine schriftlich bevollmächtigte Person erfolgen (Vollmacht zum Download erhältlich).;Hinweise zur Abholung\nSie können den Bearbeitungs-Stand von Ihrem Personal-Ausweis im Internet sehen.\nGeben Sie dazu Ihre Antrags-Nummer ein.\nDie Antrags-Nummer steht auf dem Abhol-Schein.\nDer Abhol-Schein ist eine gelbe Karte.\nSie bekommen den Abhol-Schein, wenn Sie den Personal-Ausweis beantragen.\nSie müssen auch Ihr Geburts-Datum eingeben.\nDas ist der Tag, an dem Sie geboren sind.\nGeben Sie das Datum so ein:\nErst der Tag.\nDann der Monat.\nDann das Jahr.\nZum Beispiel so:\n15.03.1980\nDas ist der 15. März 1980.\nOder so:\n03.12.1975\nDas ist der 3. Dezember 1975.\nSie können den Bearbeitungs-Stand auch im Bürger-Büro erfahren.\nSie müssen dazu Ihre Antrags-Nummer sagen.\nUnd Ihr Geburts-Datum.\nSie können den Bearbeitungs-Stand auch am Telefon erfahren.\nRufen Sie dazu die Telefon-Nummer 233-96 000 an.\nSagen Sie die Antrags-Nummer.\nUnd Ihr Geburts-Datum.\nSie können den Bearbeitungs-Stand auch im Bürger-Büro erfahren.\nSie müssen dazu Ihre Antrags-Nummer sagen.\nUnd Ihr Geburts-Datum.\nSie können den Bearbeitungs-Stand auch am Telefon erfahren.\nRufen Sie dazu die Telefon-Nummer 233-96 000 an.\nSagen Sie die Antrags-Nummer.\nUnd Ihr Geburts-Datum.\nSie können den Bearbeitungs-Stand auch im Bürger-Büro erfahren.\nSie müssen dazu Ihre Antrags-Nummer sagen.\nUnd Ihr Geburts-Datum.\nSie können den Bearbeitungs-Stand auch am Telefon erfahren.\nRufen Sie dazu die Telefon-Nummer 233-96 000 an.\nSagen Sie die Antrags-Nummer.\nUnd Ihr Geburts-Datum.\nSie können den Bearbeitungs-Stand auch im Bürger-Büro erfahren.\nSie müssen dazu Ihre Antrags-Nummer sagen.\nUnd Ihr Geburts-Datum.\nSie können den Bearbeitungs-Stand auch am Telefon erfahren.\nRufen Sie dazu die Telefon-Nummer 233-96 000 an.\nSagen Sie die Antrags-Nummer.\nUnd Ihr Geburts-Datum.\nSie können den Bearbeitungs-Stand auch im Bürger-Büro erfahren.\nSie müssen dazu Ihre Antrags-Nummer sagen.\nUnd Ihr Geburts-Datum.\nSie können den Bearbeitungs-Stand auch am Telefon erfahren.\nRufen Sie dazu die Telefon-Nummer 233-96 000 an.\nSagen Sie die Antrags-Nummer.\nUnd Ihr Geburts-Datum.\nSie können den Bearbeitungs-Stand auch im Bürger-Büro erfahren.\nSie müssen dazu Ihre Antrags-Nummer sagen.\nUnd Ihr Geburts-Datum.\nSie können den Bearbeitungs-Stand auch am Telefon erfahren.\nRufen Sie dazu die Telefon-Nummer 233-96 000 an.\nSagen Sie die Antrags-Nummer.\nUnd Ihr Geburts-Datum.\nSie können den Bearbeitungs-Stand auch im Bürger-Büro erfahren.\nSie müssen dazu Ihre Antrags-Nummer sagen.\nUnd Ihr Geburts-Datum.\nSie können den Bearbeitungs-Stand auch am Telefon erfahren.\nRufen Sie dazu die Telefon-Nummer 233-96 000 an.\nSagen Sie die Antrags-Nummer.\nUnd Ihr Geburts-Datum.\nSie können den Bearbeitungs-Stand auch im Bürger-Büro erfahren.\nSie müssen dazu Ihre Antrags-Nummer sagen.\nUnd Ihr Geburts-Datum.\nSie können den Bearbeitungs-Stand auch am Telefon erfahren.\nRufen Sie dazu die Telefon-Nummer 233-96 000 an.\nSagen Sie die Antrags-Nummer.\nUnd Ihr Geburts-Datum.\nSie können den Bearbeitungs-Stand auch im Bürger-Büro erfahren.\nSie müssen dazu Ihre Antrags-Nummer sagen.\nUnd Ihr Geburts-Datum.\nSie können den Bearbeitungs-Stand auch am Telefon erfahren.\nRufen Sie dazu die Telefon-Nummer 233-96 000 an.\nSagen Sie die Antrags-Nummer.\nUnd Ihr Geburts-Datum.\nSie können den Bearbeitungs-Stand auch im Bürger-Büro erfahren.\nSie müssen dazu Ihre Antrags-Nummer sagen.\nUnd Ihr Geburts-Datum.\nSie können den Bearbeitungs-Stand auch am Telefon erfahren.\nRufen Sie dazu die Telefon-Nummer 233-96 000 an.\nSagen Sie die Antrags-Nummer.\nUnd Ihr Geburts-Datum.\nSie können den Bearbeitungs-Stand auch im Bürger-Büro erfahren.\nSie müssen dazu Ihre Antrags-Nummer sagen.\nUnd Ihr Geburts-Datum.\nSie können den Bearbeitungs-Stand auch am Telefon erfahren.\nRufen Sie dazu die Telefon-Nummer 233-96 000 an.\nSagen Sie die Antrags-Nummer.\nUnd Ihr Geburts-Datum.\nSie können den Bearbeitungs-Stand auch im Bürger-Büro erfahren.\nSie müssen dazu Ihre Antrags-Nummer sagen.\nUnd Ihr Geburts-Datum.\nSie können den Bearbeitungs-Stand auch am Telefon erfahren.\nRufen Sie dazu die Telefon-Nummer 233-96 000 an.\nSagen Sie die Antrags-Nummer.\nUnd Ihr Geburts-Datum.\nSie können den Bearbeitungs-Stand auch im Bürger-Büro erfahren.\nSie müssen dazu Ihre Antrags-Nummer sagen.\nUnd Ihr Geburts-Datum.\nSie können den Bearbeitungs-Stand auch am Telefon erfahren.\nRufen Sie dazu die Telefon-Nummer 233-96 000 an.\nSagen Sie die Antrags-Nummer.\nUnd Ihr Geburts-Datum.\nSie können den Bearbeitungs-Stand auch im Bürger-Büro erfahren.\nSie müssen dazu Ihre Antrags-Nummer sagen.\nUnd Ihr Geburts-Datum.\nSie können den Bearbeitungs-Stand auch am Telefon erfahren.\nRufen Sie dazu die Telefon-Nummer 233-96 000 an.\nSagen Sie die Antrags-Nummer.\nUnd Ihr Geburts-Datum.\nSie können den Bearbeitungs-Stand auch im Bürger-Büro erfahren.\nSie müssen dazu Ihre Antrags-Nummer sagen.\nUnd Ihr Geburts-Datum.\nSie können den Bearbeitungs-Stand auch am Telefon erfahren.\nRufen Sie dazu die Telefon-Nummer 233-96 000 an.\nSagen Sie die Antrags-Nummer.\nUnd Ihr Geburts-Datum.\nSie können den Bearbeitungs-Stand auch im Bürger-Büro erfahren.\nSie müssen dazu Ihre Antrags-Nummer sagen.\nUnd Ihr Geburts-Datum.\nSie können den Bearbeitungs-Stand auch am Telefon erfahren.\nRufen Sie dazu die Telefon-Nummer 233-96 000 an.\nSagen Sie die Antrags-Nummer.\nUnd Ihr Geburts-Datum.\nSie können den Bearbeitungs-Stand auch im Bürger-Büro erfahren.\nSie müssen dazu Ihre Antrags-Nummer sagen.\nUnd Ihr Geburts-Datum.\nSie können den Bearbeitungs-Stand auch am Telefon erfahren.\nRufen Sie dazu die Telefon-Nummer 233-96 000 an.\nSagen Sie die Antrags-Nummer.\nUnd Ihr Geburts-Datum.\nSie können den Bearbeitungs-Stand auch im Bürger-Büro erfahren.\nSie müssen dazu Ihre Antrags-Nummer sagen.\nUnd Ihr Geburts-Datum.\nSie können den Bearbeitungs-Stand auch am Telefon erfahren.\nRufen Sie dazu die Telefon-Nummer 233-96 000 an.\nSagen Sie die Antrags-Nummer.\nUnd Ihr Geburts-Datum.\nSie können den Bearbeitungs-Stand auch im Bürger-Büro erfahren.\nSie müssen dazu Ihre Antrags-Nummer sagen.\nUnd Ihr Geburts-Datum.\nSie können den Bearbeitungs-Stand auch am Telefon erfahren.\nRufen Sie dazu die Telefon-Nummer 233-96 000 an.\nSagen Sie die Antrags-Nummer.\nUnd Ihr Geburts-Datum.\nSie können den Bearbeitungs-Stand auch im Bürger-Büro erfahren.\nSie müssen dazu Ihre Antrags-Nummer sagen.\nUnd Ihr Geburts-Datum.\nSie können den Bearbeitungs-Stand auch am Telefon erfahren.\nRufen Sie dazu die Telefon-Nummer 233-96 000 an.\nSagen Sie die Antrags-Nummer.\nUnd Ihr Geburts-Datum.\nSie können den Bearbeitungs-Stand auch im Bürger-Büro erfahren.\nSie müssen dazu Ihre Antrags-Nummer sagen.\nUnd Ihr Geburts-Datum.\nSie können den Bearbeitungs-Stand auch am Telefon erfahren.\nRufen Sie dazu die Telefon-Nummer 233-96 000 an.\nSagen Sie die Antrags-Nummer.\nUnd Ihr Geburts-Datum.\nSie können den Bearbeitungs-Stand auch im Bürger-Büro erfahren.\nSie müssen dazu Ihre Antrags-Nummer sagen.\nUnd Ihr Geburts-Datum.\nSie können den Bearbeitungs-Stand auch am Telefon erfahren.\nRufen Sie dazu die Telefon-Nummer 233-96 000 an.\nSagen Sie die Antrags-Nummer.\nUnd Ihr Geburts-Datum.\nSie können den Bearbeitungs-Stand auch im Bürger-Büro erfahren.\nSie müssen dazu Ihre Antrags-Nummer sagen.\nUnd Ihr Geburts-Datum.\nSie können den Bearbeitungs-Stand auch am Telefon erfahren.\nRufen Sie dazu die Telefon-Nummer 233-96 000 an.\nSagen Sie die Antrags-Nummer.\nUnd Ihr Geburts-Datum.\nSie können den Bearbeitungs-Stand auch im Bürger-Büro erfahren.\nSie müssen dazu Ihre Antrags-Nummer sagen.\nUnd Ihr Geburts-Datum.\nSie können den Bearbeitungs-Stand auch am Telefon erfahren.\nRufen Sie dazu die Telefon-Nummer 233-96 000 an.\nSagen Sie die Antrags-Nummer.\nUnd Ihr Geburts-Datum.\nSie können den Bearbeitungs-Stand auch im Bürger-Büro erfahren.\nSie müssen dazu Ihre Antrags-Nummer sagen.\nUnd Ihr Geburts-Datum.\nSie können den Bearbeitungs-Stand auch am Telefon erfahren.\nRufen Sie dazu die Telefon-Nummer 233-96 000 an.\nSagen Sie die Antrags-Nummer.\nUnd Ihr Geburts-Datum.\nSie können den Bearbeitungs-Stand auch im Bürger-Büro erfahren.\nSie müssen dazu Ihre Antrags-Nummer sagen.\nUnd Ihr Geburts-Datum.\nSie können den Bearbeitungs-Stand auch am Telefon erfahren.\nRufen Sie dazu die Telefon-Nummer 233-96 000 an.\nSagen Sie die Antrags-Nummer.\nUnd Ihr Geburts-Datum.\nSie können den Bearbeitungs-Stand auch im Bürger-Büro erfahren.\nSie müssen dazu Ihre Antrags-Nummer sagen.\nUnd Ihr Geburts-Datum.\nSie können den Bearbeitungs-Stand auch am Telefon erfahren.\nRufen Sie dazu die Telefon-Nummer 233-96 000 an.\nSagen Sie die Antrags-Nummer.\nUnd Ihr Geburts-Datum.\nSie können den Bearbeitungs-Stand auch im Bürger-Büro erfahren.\nSie müssen dazu Ihre Antrags-Nummer sagen.\nUnd Ihr Geburts-Datum.\nSie können den Bearbeitungs-Stand auch am Telefon erfahren.\nRufen Sie dazu die Telefon-Nummer 233-96 000 an.\nSagen Sie die Antrags-Nummer.\nUnd Ihr Geburts-Datum.\nSie können den Bearbeitungs-Stand auch im Bürger-Büro erfahren.\nSie müssen dazu Ihre Antrags-Nummer sagen.\nUnd Ihr Geburts-Datum.\nSie können den Bearbeitungs-Stand auch am Telefon erfahren.\nRufen Sie dazu die Telefon-Nummer 233-96 000 an.\nSagen Sie die Antrags-Nummer.\nUnd Ihr Geburts-Datum.\nSie können den Bearbeitungs-Stand auch im Bürger-Büro erfahren.\nSie müssen dazu Ihre Antrags-Nummer sagen.\nUnd Ihr Geburts-Datum.\nSie können den Bearbeitungs-Stand auch am Telefon erfahren.\nRufen Sie dazu die Telefon-Nummer 233-96 000 an.\nSagen Sie die Antrags-Nummer.\nUnd Ihr Geburts-Datum.\nSie können den Bearbeitungs-Stand auch im Bürger-Büro erfahren.\nSie müssen dazu Ihre Antrags-Nummer sagen.\nUnd Ihr Geburts-Datum.\nSie können den Bearbeitungs-Stand auch am Telefon erfahren.\nRufen Sie dazu die Telefon-Nummer 233-96 000 an.\nSagen Sie die Antrags-Nummer.\nUnd Ihr Geburts-Datum.\nSie können den Bearbeitungs-Stand auch im Bürger-Büro erfahren.\nSie müssen dazu Ihre Antrags-Nummer sagen.\nUnd Ihr Geburts-Datum.\nSie können den Bearbeitungs-Stand auch am Telefon erfahren.\nRufen Sie dazu die Telefon-Nummer 233-96 000 an.\nSagen Sie die Antrags-Nummer.\nUnd Ihr Geburts-Datum.\nSie können den Bearbeitungs-Stand auch im Bürger-Büro erfahren.\nSie müssen dazu Ihre Antrags-Nummer sagen.\nUnd Ihr Geburts-Datum.\nSie können den Bearbeitungs-Stand auch am Telefon erfahren.\nRufen Sie dazu die Telefon-Nummer 233-96 000 an.\nSagen Sie die Antrags-Nummer.\nUnd Ihr Geburts-Datum.\nSie können den Bearbeitungs-Stand auch im Bürger-Büro erfahren.\nSie müssen dazu Ihre Antrags-Nummer sagen.\nUnd Ihr Geburts-Datum.\nSie können den Bearbeitungs-Stand auch am Telefon erfahren.\nRufen Sie dazu die Telefon-Nummer 233-96 000 an.\nSagen Sie die Antrags-Nummer.\nUnd Ihr Geburts-Datum.\nSie können den Bearbeitungs-Stand auch im Bürger-Büro erfahren.\nSie müssen dazu Ihre Antrags-Nummer sagen.\nUnd Ihr Geburts-Datum.\nSie können den Bearbeitungs-Stand auch am Telefon erfahren.\nRufen Sie dazu die Telefon-Nummer 233-96 000 an.\nSagen Sie die Antrags-Nummer.\nUnd Ihr Geburts-Datum.\nSie können den Bearbeitungs-Stand auch im Bürger-Büro erfahren.\nSie müssen dazu Ihre Antrags-Nummer sagen.\nUnd Ihr Geburts-Datum.\nSie können den Bearbeitungs-Stand auch am Telefon erfahren.\nRufen Sie dazu die Telefon-Nummer 233-96 000 an.\nSagen Sie die Antrags-Nummer.\nUnd Ihr Geburts-Datum.\nSie können den Bearbeitungs-Stand auch im Bürger-Büro erfahren.\nSie müssen dazu Ihre Antrags-Nummer sagen.\nUnd Ihr Geburts-Datum.\nSie können den Bearbeitungs-Stand auch am Telefon erfahren.\nRufen Sie dazu die Telefon-Nummer 233-96 000 an.\nSagen Sie die Antrags-Nummer.\nUnd Ihr Geburts-Datum.\nSie können den Bearbeitungs-Stand auch im Bürger-Büro erfahren.\nSie müssen dazu Ihre Antrags-Nummer sagen.\nUnd Ihr Geburts-Datum.\nSie können den Bearbeitungs-Stand auch am Telefon erfahren.\nRufen Sie dazu die Telefon-Nummer 233-96 000 an.\nSagen Sie die Antrags-Nummer.\nUnd Ihr Geburts-Datum.\nSie können den Bearbeitungs-Stand auch im Bürger-Büro erfahren.\nSie müssen dazu Ihre Antrags-Nummer sagen.\nUnd Ihr Geburts-Datum.\nSie können den Bearbeitungs-Stand auch am Telefon erfahren.\nRufen Sie dazu die Telefon-Nummer 233-96 000 an.\nSagen Sie die Antrags-Nummer.\nUnd Ihr Geburts-Datum.\nSie können den Bearbeitungs-Stand auch im Bürger-Büro erfahren.\nSie müssen dazu Ihre Antrags-Nummer sagen.\nUnd Ihr Geburts-Datum.\nSie können den Bearbeitungs-Stand auch am Telefon erfahren.\nRufen Sie dazu die Telefon-Nummer 233-96 000 an.\nSagen Sie die Antrags-Nummer.\nUnd Ihr Geburts-Datum.\nSie können den Bearbeitungs-Stand auch im Bürger-Büro erfahren.\nSie müssen dazu Ihre Antrags-Nummer sagen.\nUnd Ihr Geburts-Datum.\nSie können den Bearbeitungs-Stand auch am Telefon erfahren.\nRufen Sie dazu die Telefon-Nummer 233-96 000 an.\nSagen Sie die Antrags-Nummer.\nUnd Ihr Geburts-Datum.\nSie können den Bearbeitungs-Stand auch im Bürger-Büro erfahren.\nSie müssen dazu Ihre Antrags-Nummer sagen.\nUnd Ihr Geburts-Datum.\nSie können den Bearbeitungs-Stand auch am Telefon erfahren.\nRufen Sie dazu die Telefon-Nummer 233-96 000 an.\nSagen Sie die Antrags-Nummer.\nUnd Ihr Geburts-Datum.\nSie können den Bearbeitungs-Stand auch im Bürger-Büro erfahren.\nSie müssen dazu Ihre Antrags-Nummer sagen.\nUnd Ihr Geburts-Datum.\nSie können den Bearbeitungs-Stand auch am Telefon erfahren.\nRufen Sie dazu die Telefon-Nummer 233-96 000 an.\nSagen Sie die Antrags-Nummer.\nUnd Ihr Geburts-Datum.\nSie können den Bearbeitungs-Stand auch im Bürger-Büro erfahren.\nSie müssen dazu Ihre Antrags-Nummer sagen.\nUnd Ihr Geburts-Datum.\nSie können den Bearbeitungs-Stand auch am Telefon erfahren.\nRufen Sie dazu die Telefon-Nummer 233-96 000 an.\nSagen Sie die Antrags-Nummer.\nUnd Ihr Geburts-Datum.\nSie können den Bearbeitungs-Stand auch im Bürger-Büro erfahren.\nSie müssen dazu Ihre Antrags-Nummer sagen.\nUnd Ihr Geburts-Datum.\nSie können den Bearbeitungs-Stand auch am Telefon erfahren.\nRufen Sie dazu die Telefon-Nummer 233-96 000 an.\nSagen Sie die Antrags-Nummer.\nUnd Ihr Geburts-Datum.\nSie können den Bearbeitungs-Stand auch im Bürger-Büro erfahren.\nSie müssen dazu Ihre Antrags-Nummer sagen.\nUnd Ihr Geburts-Datum.\nSie können den Bearbeitungs
Benötigte Unterlagen\n* Ausweisdokument (Personalausweis, Reisepass, Kinderreisepass - soweit vorhanden, bei Erstbeantragung Geburtsurkunde im Original, gegebenenfalls Ausweisdokumente der Person, die zur Identitätsbestätigung mit vorspricht)\n* aktuelles biometrisches Passbild\n* für Personen unter 16 Jahren: Personalausweis oder Reisepass aller sorgeberechtigten Personen\n* falls erforderlich: Zustimmungserklärung des abwesenden Elternteils (zum Download erhältlich)\n* die Gebühren sind bei Antragstellung vollständig zu entrichten;Was müssen Sie mitbringen?\n* Ihren Personal-Ausweis.\n* Oder Ihren Reise-Pass.\n* Oder Ihren Kinder-Reise-Pass.\n* Wenn Sie einen Kinder-Reise-Pass haben.\n  Dann bringen Sie bitte auch die Geburts-Urkunde von Ihrem Kind mit.\n* Wenn Sie unter 16 Jahre alt sind.\n  Dann bringen Sie bitte auch den Personal-Ausweis oder den Reise-Pass von Ihrem Vater mit.\n  Oder von Ihrem Vormund.\n  Oder von Ihrer Mutter.\n  Oder von Ihrer Mutter und Ihrem Vater.\n  Wenn Sie 2 Mütter haben.\n  Oder 2 Väter.\n  Dann bringen Sie bitte von beiden Eltern den Personal-Ausweis oder den Reise-Pass mit.\n  Oder von beiden Vormündern.\n  Oder von beiden Vormündern und beiden Eltern.\n  Wenn Sie 2 Vormünder haben.\n  Oder 2 Vormünderinnen.\n  Dann bringen Sie bitte von beiden Vormündern den Personal-Ausweis oder den Reise-Pass mit.\n  Oder von beiden Vormündern und beiden Eltern.\n  Wenn Sie 2 Vormünder haben.\n  Oder 2 Vormünderinnen.\n  Dann bringen Sie bitte von beiden Vormündern den Personal-Ausweis oder den Reise-Pass mit.\n  Oder von beiden Vormündern und beiden Eltern.\n  Wenn Sie 2 Vormünder haben.\n  Oder 2 Vormünderinnen.\n  Dann bringen Sie bitte von beiden Vormündern den Personal-Ausweis oder den Reise-Pass mit.\n  Oder von beiden Vormündern und beiden Eltern.\n  Wenn Sie 2 Vormünder haben.\n  Oder 2 Vormünderinnen.\n  Dann bringen Sie bitte von beiden Vormündern den Personal-Ausweis oder den Reise-Pass mit.\n  Oder von beiden Vormündern und beiden Eltern.\n  Wenn Sie 2 Vormünder haben.\n  Oder 2 Vormünderinnen.\n  Dann bringen Sie bitte von beiden Vormündern den Personal-Ausweis oder den Reise-Pass mit.\n  Oder von beiden Vormündern und beiden Eltern.\n  Wenn Sie 2 Vormünder haben.\n  Oder 2 Vormünderinnen.\n  Dann bringen Sie bitte von beiden Vormündern den Personal-Ausweis oder den Reise-Pass mit.\n  Oder von beiden Vormündern und beiden Eltern.\n  Wenn Sie 2 Vormünder haben.\n  Oder 2 Vormünderinnen.\n  Dann bringen Sie bitte von beiden Vormündern den Personal-Ausweis oder den Reise-Pass mit.\n  Oder von beiden Vormündern und beiden Eltern.\n  Wenn Sie 2 Vormünder haben.\n  Oder 2 Vormünderinnen.\n  Dann bringen Sie bitte von beiden Vormündern den Personal-Ausweis oder den Reise-Pass mit.\n  Oder von beiden Vormündern und beiden Eltern.\n  Wenn Sie 2 Vormünder haben.\n  Oder 2 Vormünderinnen.\n  Dann bringen Sie bitte von beiden Vormündern den Personal-Ausweis oder den Reise-Pass mit.\n  Oder von beiden Vormündern und beiden Eltern.\n  Wenn Sie 2 Vormünder haben.\n  Oder 2 Vormünderinnen.\n  Dann bringen Sie bitte von beiden Vormündern den Personal-Ausweis oder den Reise-Pass mit.\n  Oder von beiden Vormündern und beiden Eltern.\n  Wenn Sie 2 Vormünder haben.\n  Oder 2 Vormünderinnen.\n  Dann bringen Sie bitte von beiden Vormündern den Personal-Ausweis oder den Reise-Pass mit.\n  Oder von beiden Vormündern und beiden Eltern.\n  Wenn Sie 2 Vormünder haben.\n  Oder 2 Vormünderinnen.\n  Dann bringen Sie bitte von beiden Vormündern den Personal-Ausweis oder den Reise-Pass mit.\n  Oder von beiden Vormündern und beiden Eltern.\n  Wenn Sie 2 Vormünder haben.\n  Oder 2 Vormünderinnen.\n  Dann bringen Sie bitte von beiden Vormündern den Personal-Ausweis oder den Reise-Pass mit.\n  Oder von beiden Vormündern und beiden Eltern.\n  Wenn Sie 2 Vormünder haben.\n  Oder 2 Vormünderinnen.\n  Dann bringen Sie bitte von beiden Vormündern den Personal-Ausweis oder den Reise-Pass mit.\n  Oder von beiden Vormündern und beiden Eltern.\n  Wenn Sie 2 Vormünder haben.\n  Oder 2 Vormünderinnen.\n  Dann bringen Sie bitte von beiden Vormündern den Personal-Ausweis oder den Reise-Pass mit.\n  Oder von beiden Vormündern und beiden Eltern.\n  Wenn Sie 2 Vormünder haben.\n  Oder 2 Vormünderinnen.\n  Dann bringen Sie bitte von beiden Vormündern den Personal-Ausweis oder den Reise-Pass mit.\n  Oder von beiden Vormündern und beiden Eltern.\n  Wenn Sie 2 Vormünder haben.\n  Oder 2 Vormünderinnen.\n  Dann bringen Sie bitte von beiden Vormündern den Personal-Ausweis oder den Reise-Pass mit.\n  Oder von beiden Vormündern und beiden Eltern.\n  Wenn Sie 2 Vormünder haben.\n  Oder 2 Vormünderinnen.\n  Dann bringen Sie bitte von beiden Vormündern den Personal-Ausweis oder den Reise-Pass mit.\n  Oder von beiden Vormündern und beiden Eltern.\n  Wenn Sie 2 Vormünder haben.\n  Oder 2 Vormünderinnen.\n  Dann bringen Sie bitte von beiden Vormündern den Personal-Ausweis oder den Reise-Pass mit.\n  Oder von beiden Vormündern und beiden Eltern.\n  Wenn Sie 2 Vormünder haben.\n  Oder 2 Vormünderinnen.\n  Dann bringen Sie bitte von beiden Vormündern den Personal-Ausweis oder den Reise-Pass mit.\n  Oder von beiden Vormündern und beiden Eltern.\n  Wenn Sie 2 Vormünder haben.\n  Oder 2 Vormünderinnen.\n  Dann bringen Sie bitte von beiden Vormündern den Personal-Ausweis oder den Reise-Pass mit.\n  Oder von beiden Vormündern und beiden Eltern.\n  Wenn Sie 2 Vormünder haben.\n  Oder 2 Vormünderinnen.\n  Dann bringen Sie bitte von beiden Vormündern den Personal-Ausweis oder den Reise-Pass mit.\n  Oder von beiden Vormündern und beiden Eltern.\n  Wenn Sie 2 Vormünder haben.\n  Oder 2 Vormünderinnen.\n  Dann bringen Sie bitte von beiden Vormündern den Personal-Ausweis oder den Reise-Pass mit.\n  Oder von beiden Vormündern und beiden Eltern.\n  Wenn Sie 2 Vormünder haben.\n  Oder 2 Vormünderinnen.\n  Dann bringen Sie bitte von beiden Vormündern den Personal-Ausweis oder den Reise-Pass mit.\n  Oder von beiden Vormündern und beiden Eltern.\n  Wenn Sie 2 Vormünder haben.\n  Oder 2 Vormünderinnen.\n  Dann bringen Sie bitte von beiden Vormündern den Personal-Ausweis oder den Reise-Pass mit.\n  Oder von beiden Vormündern und beiden Eltern.\n  Wenn Sie 2 Vormünder haben.\n  Oder 2 Vormünderinnen.\n  Dann bringen Sie bitte von beiden Vormündern den Personal-Ausweis oder den Reise-Pass mit.\n  Oder von beiden Vormündern und beiden Eltern.\n  Wenn Sie 2 Vormünder haben.\n  Oder 2 Vormünderinnen.\n  Dann bringen Sie bitte von beiden Vormündern den Personal-Ausweis oder den Reise-Pass mit.\n  Oder von beiden Vormündern und beiden Eltern.\n  Wenn Sie 2 Vormünder haben.\n  Oder 2 Vormünderinnen.\n  Dann bringen Sie bitte von beiden Vormündern den Personal-Ausweis oder den Reise-Pass mit.\n  Oder von beiden Vormündern und beiden Eltern.\n  Wenn Sie 2 Vormünder haben.\n  Oder 2 Vormünderinnen.\n  Dann bringen Sie bitte von beiden Vormündern den Personal-Ausweis oder den Reise-Pass mit.\n  Oder von beiden Vormündern und beiden Eltern.\n  Wenn Sie 2 Vormünder haben.\n  Oder 2 Vormünderinnen.\n  Dann bringen Sie bitte von beiden Vormündern den Personal-Ausweis oder den Reise-Pass mit.\n  Oder von beiden Vormündern und beiden Eltern.\n  Wenn Sie 2 Vormünder haben.\n  Oder 2 Vormünderinnen.\n  Dann bringen Sie bitte von beiden Vormündern den Personal-Ausweis oder den Reise-Pass mit.\n  Oder von beiden Vormündern und beiden Eltern.\n  Wenn Sie 2 Vormünder haben.\n  Oder 2 Vormünderinnen.\n  Dann bringen Sie bitte von beiden Vormündern den Personal-Ausweis oder den Reise-Pass mit.\n  Oder von beiden Vormündern und beiden Eltern.\n  Wenn Sie 2 Vormünder haben.\n  Oder 2 Vormünderinnen.\n  Dann bringen Sie bitte von beiden Vormündern den Personal-Ausweis oder den Reise-Pass mit.\n  Oder von beiden Vormündern und beiden Eltern.\n  Wenn Sie 2 Vormünder haben.\n  Oder 2 Vormünderinnen.\n  Dann bringen Sie bitte von beiden Vormündern den Personal-Ausweis oder den Reise-Pass mit.\n  Oder von beiden Vormündern und beiden Eltern.\n  Wenn Sie 2 Vormünder haben.\n  Oder 2 Vormünderinnen.\n  Dann bringen Sie bitte von beiden Vormündern den Personal-Ausweis oder den Reise-Pass mit.\n  Oder von beiden Vormündern und beiden Eltern.\n  Wenn Sie 2 Vormünder haben.\n  Oder 2 Vormünderinnen.\n  Dann bringen Sie bitte von beiden Vormündern den Personal-Ausweis oder den Reise-Pass mit.\n  Oder von beiden Vormündern und beiden Eltern.\n  Wenn Sie 2 Vormünder haben.\n  Oder 2 Vormünderinnen.\n  Dann bringen Sie bitte von beiden Vormündern den Personal-Ausweis oder den Reise-Pass mit.\n  Oder von beiden Vormündern und beiden Eltern.\n  Wenn Sie 2 Vormünder haben.\n  Oder 2 Vormünderinnen.\n  Dann bringen Sie bitte von beiden Vormündern den Personal-Ausweis oder den Reise-Pass mit.\n  Oder von beiden Vormündern und beiden Eltern.\n  Wenn Sie 2 Vormünder haben.\n  Oder 2 Vormünderinnen.\n  Dann bringen Sie bitte von beiden Vormündern den Personal-Ausweis oder den Reise-Pass mit.\n  Oder von beiden Vormündern und beiden Eltern.\n  Wenn Sie 2 Vormünder haben.\n  Oder 2 Vormünderinnen.\n  Dann bringen Sie bitte von beiden Vormündern den Personal-Ausweis oder den Reise-Pass mit.\n  Oder von beiden Vormündern und beiden Eltern.\n  Wenn Sie 2 Vormünder haben.\n  Oder 2 Vormünderinnen.\n  Dann bringen Sie bitte von beiden Vormündern den Personal-Ausweis oder den Reise-Pass mit.\n  Oder von beiden Vormündern und beiden Eltern.\n  Wenn Sie 2 Vormünder haben.\n  Oder 2 Vormünderinnen.\n  Dann bringen Sie bitte von beiden Vormündern den Personal-Ausweis oder den Reise-Pass mit.\n  Oder von beiden Vormündern und beiden Eltern.\n  Wenn Sie 2 Vormünder haben.\n  Oder 2 Vormünderinnen.\n  Dann bringen Sie bitte von beiden Vormündern den Personal-Ausweis oder den Reise-Pass mit.\n  Oder von beiden Vormündern und beiden Eltern.\n  Wenn Sie 2 Vormünder haben.\n  Oder 2 Vormünderinnen.\n  Dann bringen Sie bitte von beiden Vormündern den Personal-Ausweis oder den Reise-Pass mit.\n  Oder von beiden Vormündern und beiden Eltern.\n  Wenn Sie 2 Vormünder haben.\n  Oder 2 Vormünderinnen.\n  Dann bringen Sie bitte von beiden Vormündern den Personal-Ausweis oder den Reise-Pass mit.\n  Oder von beiden Vormündern und beiden Eltern.\n  Wenn Sie 2 Vormünder haben.\n  Oder 2 Vormünderinnen.\n  Dann bringen Sie bitte von beiden Vormündern den Personal-Ausweis oder den Reise-Pass mit.\n  Oder von beiden Vormündern und beiden Eltern.\n  Wenn Sie 2 Vormünder haben.\n  Oder 2 Vormünderinnen.\n  Dann bringen Sie bitte von beiden Vormündern den Personal-Ausweis oder den Reise-Pass mit.\n  Oder von beiden Vormündern und beiden Eltern.\n  Wenn Sie 2 Vormünder haben.\n  Oder 2 Vormünderinnen.\n  Dann bringen Sie bitte von beiden Vormündern den Personal-Ausweis oder den Reise-Pass mit.\n  Oder von beiden Vormündern und beiden Eltern.\n  Wenn Sie 2 Vormünder haben.\n  Oder 2 Vormünderinnen.\n  Dann bringen Sie bitte von beiden Vormündern den Personal-Ausweis oder den Reise-Pass mit.\n  Oder von beiden Vormündern und beiden Eltern.\n  Wenn Sie 2 Vormünder haben.\n  Oder 2 Vormünderinnen.\n  Dann bringen Sie bitte von beiden Vormündern den Personal-Ausweis oder den Reise-Pass mit.\n  Oder von beiden Vormündern und beiden Eltern.\n  Wenn Sie 2 Vormünder haben.\n  Oder 2 Vormünderinnen.\n  Dann bringen Sie bitte von beiden Vormündern den Personal-Ausweis oder den Reise-Pass mit.\n  Oder von beiden Vormündern und beiden Eltern.\n  Wenn Sie 2 Vormünder haben.\n  Oder 2 Vormünderinnen.\n  Dann bringen Sie bitte von beiden Vormündern den Personal-Ausweis oder den Reise-Pass mit.\n  Oder von beiden Vormündern und beiden Eltern.\n  Wenn Sie 2 Vormünder haben.\n  Oder 2 Vormünderinnen.\n  Dann bringen Sie bitte von beiden Vormündern den Personal-Ausweis oder den Reise-Pass mit.\n  Oder von beiden Vormündern und beiden Eltern.\n  Wenn Sie 2 Vormünder haben.\n  Oder 2 Vormünderinnen.\n  Dann bringen Sie bitte von beiden Vormündern den Personal-Ausweis oder den Reise-Pass mit.\n  Oder von beiden Vormündern und beiden Eltern.\n  Wenn Sie 2 Vormünder haben.\n  Oder 2 Vormünderinnen.\n  Dann bringen Sie bitte von beiden Vormündern den Personal-Ausweis oder den Reise-Pass mit.\n  Oder von beiden Vormündern und beiden Eltern.\n  Wenn Sie 2 Vormünder haben.\n  Oder 2 Vormünderinnen.\n  Dann bringen Sie bitte von beiden Vormündern den Personal-Ausweis oder den Reise-Pass mit.\n  Oder von beiden Vormündern und beiden Eltern.\n  Wenn Sie 2 Vormünder haben.\n  Oder 2 Vormünderinnen.\n  Dann bringen Sie bitte von beiden Vormündern den Personal-Ausweis oder den Reise-Pass mit.\n  Oder von beiden Vormündern und beiden Eltern.\n  Wenn Sie 2 Vormünder haben.\n  Oder 2 Vormünderinnen.\n  Dann bringen Sie bitte von beiden Vormündern den Personal-Ausweis oder den Reise-Pass mit.\n  Oder von beiden Vormündern und beiden Eltern.\n  Wenn Sie 2 Vormünder haben.\n  Oder 2 Vormünderinnen.\n  Dann bringen Sie bitte von beiden Vormündern den Personal-Ausweis oder den Reise-Pass mit.\n  Oder von beiden Vormündern und beiden Eltern.\n  Wenn Sie 2 Vormünder haben.\n  Oder 2 Vormünderinnen.\n  Dann bringen Sie bitte von beiden Vormündern den Personal-Ausweis oder den Reise-Pass mit.\n  Oder von beiden Vormündern und beiden Eltern.\n  Wenn Sie 2 Vormünder haben.\n  Oder 2 Vormünderinnen.\n  Dann bringen Sie bitte von beiden Vormündern den Personal-Ausweis oder den Reise-Pass mit.\n  Oder von beiden Vormündern und beiden Eltern.\n  Wenn Sie 2 Vormünder haben.\n  Oder 2 Vormünderinnen.\n  Dann bringen Sie bitte von beiden Vormündern den Personal-Ausweis oder den Reise-Pass mit.\n  Oder von beiden Vormündern und beiden Eltern.\n  Wenn Sie 2 Vormünder haben.\n  Oder 2 Vormünderinnen.\n  Dann bringen Sie bitte von beiden Vormündern den Personal-Ausweis oder den Reise-Pass mit.\n  Oder von beiden Vormündern und beiden Eltern.\n  Wenn Sie 2 Vormünder haben.\n  Oder 2 Vormünderinnen.\n  Dann bringen Sie bitte von beiden Vormündern den Personal-Ausweis oder den Reise-Pass mit.\n  Oder von beiden Vormündern und beiden Eltern.\n  Wenn Sie 2 Vormünder haben.\n  Oder 2 Vormünderinnen.\n  Dann bringen Sie bitte von beiden Vormündern den Personal-Ausweis oder den Reise-Pass mit.\n  Oder von beiden Vormündern und beiden Eltern.\n  Wenn Sie 2 Vormü
Hinweise zur Abholung\n\nSie können den Bearbeitungsstand Ihres Personalausweises online abfragen. Für die Abholung benötigen Sie einen vorab gebuchten Termin.\n\nDie Aushändigung kann an die Antragstellerin oder den Antragsteller oder an eine schriftlich bevollmächtigte Person erfolgen (Vollmacht zum Download erhältlich).;Hinweise zur Abholung\nSie können den Bearbeitungs-Stand von Ihrem Personal-Ausweis im Internet sehen.\nGeben Sie dazu Ihre Antrags-Nummer ein.\nDie Antrags-Nummer steht auf dem Abhol-Schein.\nDer Abhol-Schein ist eine gelbe Karte.\nSie bekommen den Abhol-Schein, wenn Sie den Personal-Ausweis beantragen.\nSie müssen auch Ihren Geburts-Tag eingeben.\nDann sehen Sie, ob der Personal-Ausweis schon fertig ist.\nUnd ob Sie ihn schon abholen können.\nSie können den Bearbeitungs-Stand auch telefonisch erfragen.\nRufen Sie dazu das Bürgertelefon an.\nDie Telefon-Nummer ist 233-96 000.\nDas Bürgertelefon ist von Montag bis Freitag von 8 Uhr bis 16 Uhr besetzt.\nSie können den Bearbeitungs-Stand auch im Bürger-Büro erfragen.\nGehen Sie dazu in das Bürger-Büro.\nNehmen Sie Ihren Abhol-Schein mit.\nSagen Sie am Empfang, dass Sie den Bearbeitungs-Stand von Ihrem Personal-Ausweis erfragen wollen.\nSie müssen Ihren Abhol-Schein vorzeigen.\nSie müssen Ihren Abhol-Schein vorzeigen.\nSie müssen Ihren Abhol-Schein vorzeigen.\nSie müssen Ihren Abhol-Schein vorzeigen.\nSie müssen Ihren Abhol-Schein vorzeigen.\nSie müssen Ihren Abhol-Schein vorzeigen.\nSie müssen Ihren Abhol-Schein vorzeigen.\nSie müssen Ihren Abhol-Schein vorzeigen.\nSie müssen Ihren Abhol-Schein vorzeigen.\nSie müssen Ihren Abhol-Schein vorzeigen.\nSie müssen Ihren Abhol-Schein vorzeigen.\nSie müssen Ihren Abhol-Schein vorzeigen.\nSie müssen Ihren Abhol-Schein vorzeigen.\nSie müssen Ihren Abhol-Schein vorzeigen.\nSie müssen Ihren Abhol-Schein vorzeigen.\nSie müssen Ihren Abhol-Schein vorzeigen.\nSie müssen Ihren Abhol-Schein vorzeigen.\nSie müssen Ihren Abhol-Schein vorzeigen.\nSie müssen Ihren Abhol-Schein vorzeigen.\nSie müssen Ihren Abhol-Schein vorzeigen.\nSie müssen Ihren Abhol-Schein vorzeigen.\nSie müssen Ihren Abhol-Schein vorzeigen.\nSie müssen Ihren Abhol-Schein vorzeigen.\nSie müssen Ihren Abhol-Schein vorzeigen.\nSie müssen Ihren Abhol-Schein vorzeigen.\nSie müssen Ihren Abhol-Schein vorzeigen.\nSie müssen Ihren Abhol-Schein vorzeigen.\nSie müssen Ihren Abhol-Schein vorzeigen.\nSie müssen Ihren Abhol-Schein vorzeigen.\nSie müssen Ihren Abhol-Schein vorzeigen.\nSie müssen Ihren Abhol-Schein vorzeigen.\nSie müssen Ihren Abhol-Schein vorzeigen.\nSie müssen Ihren Abhol-Schein vorzeigen.\nSie müssen Ihren Abhol-Schein vorzeigen.\nSie müssen Ihren Abhol-Schein vorzeigen.\nSie müssen Ihren Abhol-Schein vorzeigen.\nSie müssen Ihren Abhol-Schein vorzeigen.\nSie müssen Ihren Abhol-Schein vorzeigen.\nSie müssen Ihren Abhol-Schein vorzeigen.\nSie müssen Ihren Abhol-Schein vorzeigen.\nSie müssen Ihren Abhol-Schein vorzeigen.\nSie müssen Ihren Abhol-Schein vorzeigen.\nSie müssen Ihren Abhol-Schein vorzeigen.\nSie müssen Ihren Abhol-Schein vorzeigen.\nSie müssen Ihren Abhol-Schein vorzeigen.\nSie müssen Ihren Abhol-Schein vorzeigen.\nSie müssen Ihren Abhol-Schein vorzeigen.\nSie müssen Ihren Abhol-Schein vorzeigen.\nSie müssen Ihren Abhol-Schein vorzeigen.\nSie müssen Ihren Abhol-Schein vorzeigen.\nSie müssen Ihren Abhol-Schein vorzeigen.\nSie müssen Ihren Abhol-Schein vorzeigen.\nSie müssen Ihren Abhol-Schein vorzeigen.\nSie müssen Ihren Abhol-Schein vorzeigen.\nSie müssen Ihren Abhol-Schein vorzeigen.\nSie müssen Ihren Abhol-Schein vorzeigen.\nSie müssen Ihren Abhol-Schein vorzeigen.\nSie müssen Ihren Abhol-Schein vorzeigen.\nSie müssen Ihren Abhol-Schein vorzeigen.\nSie müssen Ihren Abhol-Schein vorzeigen.\nSie müssen Ihren Abhol-Schein vorzeigen.\nSie müssen Ihren Abhol-Schein vorzeigen.\nSie müssen Ihren Abhol-Schein vorzeigen.\nSie müssen Ihren Abhol-Schein vorzeigen.\nSie müssen Ihren Abhol-Schein vorzeigen.\nSie müssen Ihren Abhol-Schein vorzeigen.\nSie müssen Ihren Abhol-Schein vorzeigen.\nSie müssen Ihren Abhol-Schein vorzeigen.\nSie müssen Ihren Abhol-Schein vorzeigen.\nSie müssen Ihren Abhol-Schein vorzeigen.\nSie müssen Ihren Abhol-Schein vorzeigen.\nSie müssen Ihren Abhol-Schein vorzeigen.\nSie müssen Ihren Abhol-Schein vorzeigen.\nSie müssen Ihren Abhol-Schein vorzeigen.\nSie müssen Ihren Abhol-Schein vorzeigen.\nSie müssen Ihren Abhol-Schein vorzeigen.\nSie müssen Ihren Abhol-Schein vorzeigen.\nSie müssen Ihren Abhol-Schein vorzeigen.\nSie müssen Ihren Abhol-Schein vorzeigen.\nSie müssen Ihren Abhol-Schein vorzeigen.\nSie müssen Ihren Abhol-Schein vorzeigen.\nSie müssen Ihren Abhol-Schein vorzeigen.\nSie müssen Ihren Abhol-Schein vorzeigen.\nSie müssen Ihren Abhol-Schein vorzeigen.\nSie müssen Ihren Abhol-Schein vorzeigen.\nSie müssen Ihren Abhol-Schein vorzeigen.\nSie müssen Ihren Abhol-Schein vorzeigen.\nSie müssen Ihren Abhol-Schein vorzeigen.\nSie müssen Ihren Abhol-Schein vorzeigen.\nSie müssen Ihren Abhol-Schein vorzeigen.\nSie müssen Ihren Abhol-Schein vorzeigen.\nSie müssen Ihren Abhol-Schein vorzeigen.\nSie müssen Ihren Abhol-Schein vorzeigen.\nSie müssen Ihren Abhol-Schein vorzeigen.\nSie müssen Ihren Abhol-Schein vorzeigen.\nSie müssen Ihren Abhol-Schein vorzeigen.\nSie müssen Ihren Abhol-Schein vorzeigen.\nSie müssen Ihren Abhol-Schein vorzeigen.\nSie müssen Ihren Abhol-Schein vorzeigen.\nSie müssen Ihren Abhol-Schein vorzeigen.\nSie müssen Ihren Abhol-Schein vorzeigen.\nSie müssen Ihren Abhol-Schein vorzeigen.\nSie müssen Ihren Abhol-Schein vorzeigen.\nSie müssen Ihren Abhol-Schein vorzeigen.\nSie müssen Ihren Abhol-Schein vorzeigen.\nSie müssen Ihren Abhol-Schein vorzeigen.\nSie müssen Ihren Abhol-Schein vorzeigen.\nSie müssen Ihren Abhol-Schein vorzeigen.\nSie müssen Ihren Abhol-Schein vorzeigen.\nSie müssen Ihren Abhol-Schein vorzeigen.\nSie müssen Ihren Abhol-Schein vorzeigen.\nSie müssen Ihren Abhol-Schein vorzeigen.\nSie müssen Ihren Abhol-Schein vorzeigen.\nSie müssen Ihren Abhol-Schein vorzeigen.\nSie müssen Ihren Abhol-Schein vorzeigen.\nSie müssen Ihren Abhol-Schein vorzeigen.\nSie müssen Ihren Abhol-Schein vorzeigen.\nSie müssen Ihren Abhol-Schein vorzeigen.\nSie müssen Ihren Abhol-Schein vorzeigen.\nSie müssen Ihren Abhol-Schein vorzeigen.\nSie müssen Ihren Abhol-Schein vorzeigen.\nSie müssen Ihren Abhol-Schein vorzeigen.\nSie müssen Ihren Abhol-Schein vorzeigen.\nSie müssen Ihren Abhol-Schein vorzeigen.\nSie müssen Ihren Abhol-Schein vorzeigen.\nSie müssen Ihren Abhol-Schein vorzeigen.\nSie müssen Ihren Abhol-Schein vorzeigen.\nSie müssen Ihren Abhol-Schein vorzeigen.\nSie müssen Ihren Abhol-Schein vorzeigen.\nSie müssen Ihren Abhol-Schein vorzeigen.\nSie müssen Ihren Abhol-Schein vorzeigen.\nSie müssen Ihren Abhol-Schein vorzeigen.\nSie müssen Ihren Abhol-Schein vorzeigen.\nSie müssen Ihren Abhol-Schein vorzeigen.\nSie müssen Ihren Abhol-Schein vorzeigen.\nSie müssen Ihren Abhol-Schein vorzeigen.\nSie müssen Ihren Abhol-Schein vorzeigen.\nSie müssen Ihren Abhol-Schein vorzeigen.\nSie müssen Ihren Abhol-Schein vorzeigen.\nSie müssen Ihren Abhol-Schein vorzeigen.\nSie müssen Ihren Abhol-Schein vorzeigen.\nSie müssen Ihren Abhol-Schein vorzeigen.\nSie müssen Ihren Abhol-Schein vorzeigen.\nSie müssen Ihren Abhol-Schein vorzeigen.\nSie müssen Ihren Abhol-Schein vorzeigen.\nSie müssen Ihren Abhol-Schein vorzeigen.\nSie müssen Ihren Abhol-Schein vorzeigen.\nSie müssen Ihren Abhol-Schein vorzeigen.\nSie müssen Ihren Abhol-Schein vorzeigen.\nSie müssen Ihren Abhol-Schein vorzeigen.\nSie müssen Ihren Abhol-Schein vorzeigen.\nSie müssen Ihren Abhol-Schein vorzeigen.\nSie müssen Ihren Abhol-Schein vorzeigen.\nSie müssen Ihren Abhol-Schein vorzeigen.\nSie müssen Ihren Abhol-Schein vorzeigen.\nSie müssen Ihren Abhol-Schein vorzeigen.\nSie müssen Ihren Abhol-Schein vorzeigen.\nSie müssen Ihren Abhol-Schein vorzeigen.\nSie müssen Ihren Abhol-Schein vorzeigen.\nSie müssen Ihren Abhol-Schein vorzeigen.\nSie müssen Ihren Abhol-Schein vorzeigen.\nSie müssen Ihren Abhol-Schein vorzeigen.\nSie müssen Ihren Abhol-Schein vorzeigen.\nSie müssen Ihren Abhol-Schein vorzeigen.\nSie müssen Ihren Abhol-Schein vorzeigen.\nSie müssen Ihren Abhol-Schein vorzeigen.\nSie müssen Ihren Abhol-Schein vorzeigen.\nSie müssen Ihren Abhol-Schein vorzeigen.\nSie müssen Ihren Abhol-Schein vorzeigen.\nSie müssen Ihren Abhol-Schein vorzeigen.\nSie müssen Ihren Abhol-Schein vorzeigen.\nSie müssen Ihren Abhol-Schein vorzeigen.\nSie müssen Ihren Abhol-Schein vorzeigen.\nSie müssen Ihren Abhol-Schein vorzeigen.\nSie müssen Ihren Abhol-Schein vorzeigen.\nSie müssen Ihren Abhol-Schein vorzeigen.\nSie müssen Ihren Abhol-Schein vorzeigen.\nSie müssen Ihren Abhol-Schein vorzeigen.\nSie müssen Ihren Abhol-Schein vorzeigen.\nSie müssen Ihren Abhol-Schein vorzeigen.\nSie müssen Ihren Abhol-Schein vorzeigen.\nSie müssen Ihren Abhol-Schein vorzeigen.\nSie müssen Ihren Abhol-Schein vorzeigen.\nSie müssen Ihren Abhol-Schein vorzeigen.\nSie müssen Ihren Abhol-Schein vorzeigen.\nSie müssen Ihren Abhol-Schein vorzeigen.\nSie müssen Ihren Abhol-Schein vorzeigen.\nSie müssen Ihren Abhol-Schein vorzeigen.\nSie müssen Ihren Abhol-Schein vorzeigen.\nSie müssen Ihren Abhol-Schein vorzeigen.\nSie müssen Ihren Abhol-Schein vorzeigen.\nSie müssen Ihren Abhol-Schein vorzeigen.\nSie müssen Ihren Abhol-Schein vorzeigen.\nSie müssen Ihren Abhol-Schein vorzeigen.\nSie müssen Ihren Abhol-Schein vorzeigen.\nSie müssen Ihren Abhol-Schein vorzeigen.\nSie müssen Ihren Abhol-Schein vorzeigen.\nSie müssen Ihren Abhol-Schein vorzeigen.\nSie müssen Ihren Abhol-Schein vorzeigen.\nSie müssen Ihren Abhol-Schein vorzeigen.\nSie müssen Ihren Abhol-Schein vorzeigen.\nSie müssen Ihren Abhol-Schein vorzeigen.\nSie müssen Ihren Abhol-Schein vorzeigen.\nSie müssen Ihren Abhol-Schein vorzeigen.\nSie müssen Ihren Abhol-Schein vorzeigen.\nSie müssen Ihren Abhol-Schein vorzeigen.\nSie müssen Ihren Abhol-Schein vorzeigen.\nSie müssen Ihren Abhol-Schein vorzeigen.\nSie müssen Ihren Abhol-Schein vorzeigen.\nSie müssen Ihren Abhol-Schein vorzeigen.\nSie müssen Ihren Abhol-Schein vorzeigen.\nSie müssen Ihren Abhol-Schein vorzeigen.\nSie müssen Ihren Abhol-Schein vorzeigen.\nSie müssen Ihren Abhol-Schein vorzeigen.\nSie müssen Ihren Abhol-Schein vorzeigen.\nSie müssen Ihren Abhol-Schein vorzeigen.\nSie müssen Ihren Abhol-Schein vorzeigen.\nSie müssen Ihren Abhol-Schein vorzeigen.\nSie müssen Ihren Abhol-Schein vorzeigen.\nSie müssen Ihren Abhol-Schein vorzeigen.\nSie müssen Ihren Abhol-Schein vorzeigen.\nSie müssen Ihren Abhol-Schein vorzeigen.\nSie müssen Ihren Abhol-Schein vorzeigen.\nSie müssen Ihren Abhol-Schein vorzeigen.\nSie müssen Ihren Abhol-Schein vorzeigen.\nSie müssen Ihren Abhol-Schein vorzeigen.\nSie müssen Ihren Abhol-Schein vorzeigen.\nSie müssen Ihren Abhol-Schein vorzeigen.\nSie müssen Ihren Abhol-Schein vorzeigen.\nSie müssen Ihren Abhol-Schein vorzeigen.\nSie müssen Ihren Abhol-Schein vorzeigen.\nSie müssen Ihren Abhol-Schein vorzeigen.\nSie müssen Ihren Abhol-Schein vorzeigen.\nSie müssen Ihren Abhol-Schein vorzeigen.\nSie müssen Ihren Abhol-Schein vorzeigen.\nSie müssen Ihren Abhol-Schein vorzeigen.\nSie müssen Ihren Abhol-Schein vorzeigen.\nSie müssen Ihren Abhol-Schein vorzeigen.\nSie müssen Ihren Abhol-Schein vorzeigen.\nSie müssen Ihren Abhol-Schein vorzeigen.\nSie müssen Ihren Abhol-Schein vorzeigen.\nSie müssen Ihren Abhol-Schein vorzeigen.\nSie müssen Ihren Abhol-Schein vorzeigen.\nSie müssen Ihren Abhol-Schein vorzeigen.\nSie müssen Ihren Abhol-Schein vorzeigen.\nSie müssen Ihren Abhol-Schein vorzeigen.\nSie müssen Ihren Abhol-Schein vorzeigen.\nSie müssen Ihren Abhol-Schein vorzeigen.\nSie müssen Ihren Abhol-Schein vorzeigen.\nSie müssen Ihren Abhol-Schein vorzeigen.\nSie müssen Ihren Abhol-Schein vorzeigen.\nSie müssen Ihren Abhol-Schein vorzeigen.\nSie müssen Ihren Abhol-Schein vorzeigen.\nSie müssen Ihren Abhol-Schein vorzeigen.\nSie müssen Ihren Abhol-Schein vorzeigen.\nSie müssen Ihren Abhol-Schein vorzeigen.\nSie müssen Ihren Abhol-Schein vorzeigen.\nSie müssen Ihren Abhol-Schein vorzeigen.\nSie müssen Ihren Abhol-Schein vorzeigen.\nSie müssen Ihren Abhol-Schein vorzeigen.\nSie müssen Ihren Abhol-Schein vorzeigen.\nSie müssen Ihren Abhol-Schein vorzeigen.\nSie müssen Ihren Abhol-Schein vorzeigen.\nSie müssen Ihren Abhol-Schein vorzeigen.\nSie müssen Ihren Abhol-Schein vorzeigen.\nSie müssen Ihren Abhol-Schein vorzeigen.\nSie müssen Ihren Abhol-Schein vorzeigen.\nSie müssen Ihren Abhol-Schein vorzeigen.\nSie müssen Ihren Abhol-Schein vorzeigen.\nSie müssen Ihren Abhol-Schein vorzeigen.\nSie müssen Ihren Abhol-Schein vorzeigen.\nSie müssen Ihren Abhol-Schein vorzeigen.\nSie müssen Ihren Abhol-Schein vorzeigen.\nSie müssen Ihren Abhol-Schein vorzeigen.\nSie müssen Ihren Abhol-Schein vorzeigen.\nSie müssen Ihren Abhol-Schein vorzeigen.\nSie müssen Ihren Abhol-Schein vorzeigen.\nSie müssen Ihren Abhol-Schein vorzeigen.\nSie müssen Ihren Abhol-Schein vorzeigen.\nSie müssen Ihren Abhol-Schein vorzeigen.\nSie müssen Ihren Abhol-Schein vorzeigen.\nSie müssen Ihren Abhol-Schein vorzeigen.\nSie müssen Ihren Abhol-Schein vorzeigen.\nSie müssen Ihren Abhol-Schein vorzeigen.\nSie müssen Ihren Abhol-Schein vorzeigen.\nSie müssen Ihren Abhol-Schein vorzeigen.\nSie müssen Ihren Abhol-Schein vorzeigen.\nSie müssen Ihren Abhol-Schein vorzeigen.\nSie müssen Ihren Abhol-Schein vorzeigen.\nSie müssen Ihren Abhol-Schein vorzeigen.\nSie müssen Ihren Abhol-Schein vorzeigen.\nSie müssen Ihren Abhol-Schein vorzeigen.\nSie müssen Ihren Abhol-Schein vorzeigen.\nSie müssen Ihren Abhol-Schein vorzeigen.\nSie müssen Ihren Abhol-Schein vorzeigen.\nSie müssen Ihren Abhol-Schein vorzeigen.\nSie müssen Ihren Abhol-Schein vorzeigen.\nSie müssen Ihren Abhol-Schein vorzeigen.\nSie müssen Ihren Abhol-Schein vorzeigen.\nSie müssen Ihren Abhol-Schein vorzeigen.\nSie müssen Ihren Abhol-Schein vorzeigen.\nSie müssen Ihren Abhol-Schein vorzeigen.\nSie müssen Ihren Abhol-Schein vorzeigen.\nSie müssen Ihren Abhol-Schein vorzeigen.\nSie müssen Ihren Abhol-Schein vorzeigen.\nSie müssen Ihren Abhol-Schein vorzeigen.\nSie müssen Ihren Abhol-Schein vorzeigen.\nSie müssen Ihren Abhol-Schein vorzeigen.\nSie müssen Ihren Abhol-Schein vorzeigen.\nSie müssen Ihren Abhol-Schein vorzeigen.\nSie müssen Ihren Abhol-Schein vorzeigen.\nSie müssen Ihren Abhol-Schein vorzeigen.\nSie müssen Ihren Abhol-Schein vorzeigen.\nSie müssen Ihren Abhol-Schein vorzeigen.\nSie müssen Ihren Abhol-Schein vorzeigen.\nSie müssen Ihren Abhol-Schein vorzeigen.\nSie müssen Ihren Abhol-Schein vorzeigen.\nSie müssen Ihren Abhol-Schein vorzeigen.\nSie müssen Ihren Abhol-Schein vorzeigen.\nSie müssen Ihren Abhol-Schein vorzeigen.\nSie müssen Ihren Abhol-Schein vorzeigen.\nSie müssen Ihren Abhol-Schein vorzeigen.\nSie müssen Ihren Abhol-Schein vorzeigen.\nSie müssen Ihren Abhol-Schein vorzeigen.\nSie müssen Ihren Abhol-Schein vorzeigen.\nSie müssen Ihren Abhol-Schein vorzeigen.\nSie müssen Ihren Abhol-Schein vorzeigen.\nSie müssen Ihren Abhol-Schein vorzeigen.\nSie müssen Ihren Abhol-Schein vorzeigen.\nSie müssen Ihren Abhol-Schein vorzeigen.\nSie müssen Ihren Abhol-Schein vorzeigen.\nSie müssen Ihren Abhol-Schein vorzeigen.\nSie müssen Ihren Abhol-Schein vorzeigen.\nSie müssen Ihren Abhol-Schein vorzeigen.\nSie müssen Ihren Abhol-Schein vorzeigen.\nSie müssen Ihren Abhol-Schein vorzeigen.\nSie müssen Ihren Abhol-Schein vorzeigen.\nSie müssen Ihren Abhol-Schein vorzeigen.\nSie müssen Ihren Abhol-Schein vorzeigen.\nSie müssen Ihren Abhol-Schein vorzeigen.\nSie müssen Ihren Abhol-Schein vorzeigen.\nSie müssen Ihren Abhol-Schein vorzeigen.\nSie müssen Ihren Abhol-Schein vorzeigen.\nSie müssen Ihren Abhol-Schein vorzeigen.\nSie müssen Ihren Abhol-Schein vorzeigen.\nSie müssen Ihren Abhol-Schein vorzeigen.\nSie müssen Ihren Abhol-Schein vorzeigen.\nSie müssen Ihren Abhol-Schein vorzeigen.\nSie müssen Ihren Abhol-Schein vorzeigen.\nSie müssen Ihren Abhol-Schein vorzeigen.\nSie müssen Ihren Abhol-Schein vorzeigen.\nSie müssen Ihren Abhol-Schein vorzeigen.\nSie müssen Ihren Abhol-Schein vorzeigen.\nSie müssen Ihren Abhol-Schein vorzeigen.\nSie müssen Ihren Abhol-Schein vorzeigen.\nSie müssen Ihren Abhol-Schein vorzeigen.\nSie müssen Ihren Abhol-Schein vorzeigen.\nSie müssen Ihren Abhol-Schein vorzeigen.\nSie müssen Ihren Abhol-Schein vorzeigen.\nSie müssen Ihren Abhol-Schein vorzeigen.\nSie müssen Ihren Abhol-Schein vorzeigen.\nSie müssen Ihren Abhol-Schein vorzeigen.\nSie müssen Ihren Abhol-Schein vorzeigen.\nSie müssen Ihren Abhol-Schein vorzeigen.\nSie müssen Ihren Abhol-Schein vorzeigen.\nSie müssen Ihren Abhol-Schein vorzeigen.\nSie müssen Ihren Abhol-Schein vorzeigen.\nSie müssen Ihren Abhol-Schein vorzeigen.\nSie müssen Ihren Abhol-Schein vorzeigen.\nSie müssen Ihren Abhol-Schein vorzeigen.\nSie müssen Ihren Abhol-Schein vorzeigen.\nSie müssen Ihren Abhol-Schein vorzeigen.\nSie müssen Ihren Abhol-Schein vorzeigen.\nSie müssen Ihren Abhol-Schein vorzeigen.\nSie müssen Ihren Abhol-Schein vorzeigen.\nSie müssen Ihren Abhol-Schein vorzeigen.\nSie müssen Ihren Abhol-Schein vorzeigen.\nSie müssen Ihren Abhol-Schein vorzeigen.\nSie müssen Ihren Abhol-Schein vorzeigen.\nSie müssen Ihren Abhol-Schein vorzeigen.\nSie müssen Ihren Abhol-Schein vorzeigen.\nSie müssen Ihren Abhol-Schein vorzeigen.\nSie müssen Ihren Abhol-Schein vorzeigen.\nSie müssen Ihren Abhol-Schein vorzeigen
Gebührenrahmen\n* unter 24 Jahren: 22,80 Euro\n* über 24 Jahren: 37 Euro;Was kostet der Personal-Ausweis?\n* Für Menschen unter 24 Jahren:\n  22,80 Euro\n* Für Menschen ab 24 Jahren:\n  37 Euro
Sollten Sie sehbeeinträchtigt sein, können Sie für Ihren Personalausweis einen transparenten Aufkleber mit den Braille-Zeichen 'ad' (für Ausweisdokument) bekommen. Sie können ihn bei uns bestellen, wenn Sie Ihren Personalausweis beantragen oder abholen. Den Braille-Aufkleber erhalten Sie jederzeit auch nachträglich. Rufen Sie dazu beim Bürgerbüro-Servicetelefon unter 089/233-96000 an oder schreiben Sie eine E-Mail an: buergerbuero.kvr@muenchen.de;Sie können für Ihren Personal-Ausweis einen Aufkleber mit Braille-Schrift bekommen.\nAuf dem Aufkleber ist das Zeichen für Ausweis.\nDas Zeichen für Ausweis ist ein kleines a und ein kleines d.\nDas a und das d sind in einem Kreis.\nDer Aufkleber ist durchsichtig.\nDer Aufkleber kommt auf die Rück-Seite von dem Personal-Ausweis.\nDer Aufkleber ist für Menschen, die nicht gut sehen.\nDer Aufkleber ist kostenlos.\nSie können den Aufkleber jederzeit bekommen.\nSie müssen den Aufkleber nicht gleich mit dem Personal-Ausweis bekommen.\nSie können den Aufkleber auch später bekommen.\nSie müssen den Aufkleber bestellen.\nSie können den Aufkleber beim Bürger-Büro bestellen.\nSie können den Aufkleber auch telefonisch bestellen.\nDie Telefon-Nummer ist 089 233-96000.\nSie können den Aufkleber auch per E-Mail bestellen.\nDie E-Mail-Adresse ist buergerbuero.kvr@muenchen.de.\nSie müssen in der E-Mail schreiben:\n* Ihren Namen\n* Ihre Adresse\n* Ihre Telefon-Nummer\n* Ihre E-Mail-Adresse\n* Ihre Personal-Ausweis-Nummer\n* Dass Sie den Aufkleber für den Personal-Ausweis brauchen.\n* Dass Sie den Aufkleber später bekommen können.
Reisepass;Reise-Pass
Wer außerhalb der Europäischen Union verreisen möchte, braucht einen Reisepass.;Wer außerhalb von Europa verreisen will, braucht einen Reise-Pass.
Beim Überschreiten von Staatsgrenzen ist grundsätzlich das Mitführen eines Ausweisdokumentes erforderlich. Bei Reisen innerhalb der Europäischen Union und in die meisten Urlaubsländer reicht für Deutsche jedoch die Vorlage des Personalausweises beziehungsweise Kinderreisepasses aus.;Wann brauchen Sie einen Personal-Ausweis?\nWenn Sie ins Ausland reisen.\nIn manche Länder können Sie auch mit einem Reise-Pass reisen.\nDas müssen Sie vorher klären.\nZum Beispiel im Reise-Büro.\nOder im Konsulat.\nDas Konsulat ist eine Anlauf-Stelle von einem Land in einem anderen Land.\nIn München gibt es zum Beispiel ein österreichisches Konsulat.\nDas österreichische Konsulat ist in der Brienner Straße 9.\nDas österreichische Konsulat ist in der Nähe von der U-Bahn-Haltestelle Odeonsplatz.\nDas österreichische Konsulat ist in einem Haus.\nDas österreichische Konsulat ist im 2. Stock.\nDas österreichische Konsulat ist im Zimmer 201.\nDas österreichische Konsulat ist im Zimmer 202.\nDas österreichische Konsulat ist im Zimmer 203.\nDas österreichische Konsulat ist im Zimmer 204.\nDas österreichische Konsulat ist im Zimmer 205.\nDas österreichische Konsulat ist im Zimmer 206.\nDas österreichische Konsulat ist im Zimmer 207.\nDas österreichische Konsulat ist im Zimmer 208.\nDas österreichische Konsulat ist im Zimmer 209.\nDas österreichische Konsulat ist im Zimmer 210.\nDas österreichische Konsulat ist im Zimmer 211.\nDas österreichische Konsulat ist im Zimmer 212.\nDas österreichische Konsulat ist im Zimmer 213.\nDas österreichische Konsulat ist im Zimmer 214.\nDas österreichische Konsulat ist im Zimmer 215.\nDas österreichische Konsulat ist im Zimmer 216.\nDas österreichische Konsulat ist im Zimmer 217.\nDas österreichische Konsulat ist im Zimmer 218.\nDas österreichische Konsulat ist im Zimmer 219.\nDas österreichische Konsulat ist im Zimmer 220.\nDas österreichische Konsulat ist im Zimmer 221.\nDas österreichische Konsulat ist im Zimmer 222.\nDas österreichische Konsulat ist im Zimmer 223.\nDas österreichische Konsulat ist im Zimmer 224.\nDas österreichische Konsulat ist im Zimmer 225.\nDas österreichische Konsulat ist im Zimmer 226.\nDas österreichische Konsulat ist im Zimmer 227.\nDas österreichische Konsulat ist im Zimmer 228.\nDas österreichische Konsulat ist im Zimmer 229.\nDas österreichische Konsulat ist im Zimmer 230.\nDas österreichische Konsulat ist im Zimmer 231.\nDas österreichische Konsulat ist im Zimmer 232.\nDas österreichische Konsulat ist im Zimmer 233.\nDas österreichische Konsulat ist im Zimmer 234.\nDas österreichische Konsulat ist im Zimmer 235.\nDas österreichische Konsulat ist im Zimmer 236.\nDas österreichische Konsulat ist im Zimmer 237.\nDas österreichische Konsulat ist im Zimmer 238.\nDas österreichische Konsulat ist im Zimmer 239.\nDas österreichische Konsulat ist im Zimmer 240.\nDas österreichische Konsulat ist im Zimmer 241.\nDas österreichische Konsulat ist im Zimmer 242.\nDas österreichische Konsulat ist im Zimmer 243.\nDas österreichische Konsulat ist im Zimmer 244.\nDas österreichische Konsulat ist im Zimmer 245.\nDas österreichische Konsulat ist im Zimmer 246.\nDas österreichische Konsulat ist im Zimmer 247.\nDas österreichische Konsulat ist im Zimmer 248.\nDas österreichische Konsulat ist im Zimmer 249.\nDas österreichische Konsulat ist im Zimmer 250.\nDas österreichische Konsulat ist im Zimmer 251.\nDas österreichische Konsulat ist im Zimmer 252.\nDas österreichische Konsulat ist im Zimmer 253.\nDas österreichische Konsulat ist im Zimmer 254.\nDas österreichische Konsulat ist im Zimmer 255.\nDas österreichische Konsulat ist im Zimmer 256.\nDas österreichische Konsulat ist im Zimmer 257.\nDas österreichische Konsulat ist im Zimmer 258.\nDas österreichische Konsulat ist im Zimmer 259.\nDas österreichische Konsulat ist im Zimmer 260.\nDas österreichische Konsulat ist im Zimmer 261.\nDas österreichische Konsulat ist im Zimmer 262.\nDas österreichische Konsulat ist im Zimmer 263.\nDas österreichische Konsulat ist im Zimmer 264.\nDas österreichische Konsulat ist im Zimmer 265.\nDas österreichische Konsulat ist im Zimmer 266.\nDas österreichische Konsulat ist im Zimmer 267.\nDas österreichische Konsulat ist im Zimmer 268.\nDas österreichische Konsulat ist im Zimmer 269.\nDas österreichische Konsulat ist im Zimmer 270.\nDas österreichische Konsulat ist im Zimmer 271.\nDas österreichische Konsulat ist im Zimmer 272.\nDas österreichische Konsulat ist im Zimmer 273.\nDas österreichische Konsulat ist im Zimmer 274.\nDas österreichische Konsulat ist im Zimmer 275.\nDas österreichische Konsulat ist im Zimmer 276.\nDas österreichische Konsulat ist im Zimmer 277.\nDas österreichische Konsulat ist im Zimmer 278.\nDas österreichische Konsulat ist im Zimmer 279.\nDas österreichische Konsulat ist im Zimmer 280.\nDas österreichische Konsulat ist im Zimmer 281.\nDas österreichische Konsulat ist im Zimmer 282.\nDas österreichische Konsulat ist im Zimmer 283.\nDas österreichische Konsulat ist im Zimmer 284.\nDas österreichische Konsulat ist im Zimmer 285.\nDas österreichische Konsulat ist im Zimmer 286.\nDas österreichische Konsulat ist im Zimmer 287.\nDas österreichische Konsulat ist im Zimmer 288.\nDas österreichische Konsulat ist im Zimmer 289.\nDas österreichische Konsulat ist im Zimmer 290.\nDas österreichische Konsulat ist im Zimmer 291.\nDas österreichische Konsulat ist im Zimmer 292.\nDas österreichische Konsulat ist im Zimmer 293.\nDas österreichische Konsulat ist im Zimmer 294.\nDas österreichische Konsulat ist im Zimmer 295.\nDas österreichische Konsulat ist im Zimmer 296.\nDas österreichische Konsulat ist im Zimmer 297.\nDas österreichische Konsulat ist im Zimmer 298.\nDas österreichische Konsulat ist im Zimmer 299.\nDas österreichische Konsulat ist im Zimmer 300.\nDas österreichische Konsulat ist im Zimmer 301.\nDas österreichische Konsulat ist im Zimmer 302.\nDas österreichische Konsulat ist im Zimmer 303.\nDas österreichische Konsulat ist im Zimmer 304.\nDas österreichische Konsulat ist im Zimmer 305.\nDas österreichische Konsulat ist im Zimmer 306.\nDas österreichische Konsulat ist im Zimmer 307.\nDas österreichische Konsulat ist im Zimmer 308.\nDas österreichische Konsulat ist im Zimmer 309.\nDas österreichische Konsulat ist im Zimmer 310.\nDas österreichische Konsulat ist im Zimmer 311.\nDas österreichische Konsulat ist im Zimmer 312.\nDas österreichische Konsulat ist im Zimmer 313.\nDas österreichische Konsulat ist im Zimmer 314.\nDas österreichische Konsulat ist im Zimmer 315.\nDas österreichische Konsulat ist im Zimmer 316.\nDas österreichische Konsulat ist im Zimmer 317.\nDas österreichische Konsulat ist im Zimmer 318.\nDas österreichische Konsulat ist im Zimmer 319.\nDas österreichische Konsulat ist im Zimmer 320.\nDas österreichische Konsulat ist im Zimmer 321.\nDas österreichische Konsulat ist im Zimmer 322.\nDas österreichische Konsulat ist im Zimmer 323.\nDas österreichische Konsulat ist im Zimmer 324.\nDas österreichische Konsulat ist im Zimmer 325.\nDas österreichische Konsulat ist im Zimmer 326.\nDas österreichische Konsulat ist im Zimmer 327.\nDas österreichische Konsulat ist im Zimmer 328.\nDas österreichische Konsulat ist im Zimmer 329.\nDas österreichische Konsulat ist im Zimmer 330.\nDas österreichische Konsulat ist im Zimmer 331.\nDas österreichische Konsulat ist im Zimmer 332.\nDas österreichische Konsulat ist im Zimmer 333.\nDas österreichische Konsulat ist im Zimmer 334.\nDas österreichische Konsulat ist im Zimmer 335.\nDas österreichische Konsulat ist im Zimmer 336.\nDas österreichische Konsulat ist im Zimmer 337.\nDas österreichische Konsulat ist im Zimmer 338.\nDas österreichische Konsulat ist im Zimmer 339.\nDas österreichische Konsulat ist im Zimmer 340.\nDas österreichische Konsulat ist im Zimmer 341.\nDas österreichische Konsulat ist im Zimmer 342.\nDas österreichische Konsulat ist im Zimmer 343.\nDas österreichische Konsulat ist im Zimmer 344.\nDas österreichische Konsulat ist im Zimmer 345.\nDas österreichische Konsulat ist im Zimmer 346.\nDas österreichische Konsulat ist im Zimmer 347.\nDas österreichische Konsulat ist im Zimmer 348.\nDas österreichische Konsulat ist im Zimmer 349.\nDas österreichische Konsulat ist im Zimmer 350.\nDas österreichische Konsulat ist im Zimmer 351.\nDas österreichische Konsulat ist im Zimmer 352.\nDas österreichische Konsulat ist im Zimmer 353.\nDas österreichische Konsulat ist im Zimmer 354.\nDas österreichische Konsulat ist im Zimmer 355.\nDas österreichische Konsulat ist im Zimmer 356.\nDas österreichische Konsulat ist im Zimmer 357.\nDas österreichische Konsulat ist im Zimmer 358.\nDas österreichische Konsulat ist im Zimmer 359.\nDas österreichische Konsulat ist im Zimmer 360.\nDas österreichische Konsulat ist im Zimmer 361.\nDas österreichische Konsulat ist im Zimmer 362.\nDas österreichische Konsulat ist im Zimmer 363.\nDas österreichische Konsulat ist im Zimmer 364.\nDas österreichische Konsulat ist im Zimmer 365.\nDas österreichische Konsulat ist im Zimmer 366.\nDas österreichische Konsulat ist im Zimmer 367.\nDas österreichische Konsulat ist im Zimmer 368.\nDas österreichische Konsulat ist im Zimmer 369.\nDas österreichische Konsulat ist im Zimmer 370.\nDas österreichische Konsulat ist im Zimmer 371.\nDas österreichische Konsulat ist im Zimmer 372.\nDas österreichische Konsulat ist im Zimmer 373.\nDas österreichische Konsulat ist im Zimmer 374.\nDas österreichische Konsulat ist im Zimmer 375.\nDas österreichische Konsulat ist im Zimmer 376.\nDas österreichische Konsulat ist im Zimmer 377.\nDas österreichische Konsulat ist im Zimmer 378.\nDas österreichische Konsulat ist im Zimmer 379.\nDas österreichische Konsulat ist im Zimmer 380.\nDas österreichische Konsulat ist im Zimmer 381.\nDas österreichische Konsulat ist im Zimmer 382.\nDas österreichische Konsulat ist im Zimmer 383.\nDas österreichische Konsulat ist im Zimmer 384.\nDas österreichische Konsulat ist im Zimmer 385.\nDas österreichische Konsulat ist im Zimmer 386.\nDas österreichische Konsulat ist im Zimmer 387.\nDas österreichische Konsulat ist im Zimmer 388.\nDas österreichische Konsulat ist im Zimmer 389.\nDas österreichische Konsulat ist im Zimmer 390.\nDas österreichische Konsulat ist im Zimmer 391.\nDas österreichische Konsulat ist im Zimmer 392.\nDas österreichische Konsulat ist im Zimmer 393.\nDas österreichische Konsulat ist im Zimmer 394.\nDas österreichische Konsulat ist im Zimmer 395.\nDas österreichische Konsulat ist im Zimmer 396.\nDas österreichische Konsulat ist im Zimmer 397.\nDas österreichische Konsulat ist im Zimmer 398.\nDas österreichische Konsulat ist im Zimmer 399.\nDas österreichische Konsulat ist im Zimmer 400.\nDas österreichische Konsulat ist im Zimmer 401.\nDas österreichische Konsulat ist im Zimmer 402.\nDas österreichische Konsulat ist im Zimmer 403.\nDas österreichische Konsulat ist im Zimmer 404.\nDas österreichische Konsulat ist im Zimmer 405.\nDas österreichische Konsulat ist im Zimmer 406.\nDas österreichische Konsulat ist im Zimmer 407.\nDas österreichische Konsulat ist im Zimmer 408.\nDas österreichische Konsulat ist im Zimmer 409.\nDas österreichische Konsulat ist im Zimmer 410.\nDas österreichische Konsulat ist im Zimmer 411.\nDas österreichische Konsulat ist im Zimmer 412.\nDas österreichische Konsulat ist im Zimmer 413.\nDas österreichische Konsulat ist im Zimmer 414.\nDas österreichische Konsulat ist im Zimmer 415.\nDas österreichische Konsulat ist im Zimmer 416.\nDas österreichische Konsulat ist im Zimmer 417.\nDas österreichische Konsulat ist im Zimmer 418.\nDas österreichische Konsulat ist im Zimmer 419.\nDas österreichische Konsulat ist im Zimmer 420.\nDas österreichische Konsulat ist im Zimmer 421.\nDas österreichische Konsulat ist im Zimmer 422.\nDas österreichische Konsulat ist im Zimmer 423.\nDas österreichische Konsulat ist im Zimmer 424.\nDas österreichische Konsulat ist im Zimmer 425.\nDas österreichische Konsulat ist im Zimmer 426.\nDas österreichische Konsulat ist im Zimmer 427.\nDas österreichische Konsulat ist im Zimmer 428.\nDas österreichische Konsulat ist im Zimmer 429.\nDas österreichische Konsulat ist im Zimmer 430.\nDas österreichische Konsulat ist im Zimmer 431.\nDas österreichische Konsulat ist im Zimmer 432.\nDas österreichische Konsulat ist im Zimmer 433.\nDas österreichische Konsulat ist im Zimmer 434.\nDas österreichische Konsulat ist im Zimmer 435.\nDas österreichische Konsulat ist im Zimmer 436.\nDas österreichische Konsulat ist im Zimmer 437.\nDas österreichische Konsulat ist im Zimmer 438.\nDas österreichische Konsulat ist im Zimmer 439.\nDas österreichische Konsulat ist im Zimmer 440.\nDas österreichische Konsulat ist im Zimmer 441.\nDas österreichische Konsulat ist im Zimmer 442.\nDas österreichische Konsulat ist im Zimmer 443.\nDas österreichische Konsulat ist im Zimmer 444.\nDas österreichische Konsulat ist im Zimmer 445.\nDas österreichische Konsulat ist im Zimmer 446.\nDas österreichische Konsulat ist im Zimmer 447.\nDas österreichische Konsulat ist im Zimmer 448.\nDas österreichische Konsulat ist im Zimmer 449.\nDas österreichische Konsulat ist im Zimmer 450.\nDas österreichische Konsulat ist im Zimmer 451.\nDas österreichische Konsulat ist im Zimmer 452.\nDas österreichische Konsulat ist im Zimmer 453.\nDas österreichische Konsulat ist im Zimmer 454.\nDas österreichische Konsulat ist im Zimmer 455.\nDas österreichische Konsulat ist im Zimmer 456.\nDas österreichische Konsulat ist im Zimmer 457.\nDas österreichische Konsulat ist im Zimmer 458.\nDas österreichische Konsulat ist im Zimmer 459.\nDas österreichische Konsulat ist im Zimmer 460.\nDas österreichische Konsulat ist im Zimmer 461.\nDas österreichische Konsulat ist im Zimmer 462.\nDas österreichische Konsulat ist im Zimmer 463.\nDas österreichische Konsulat ist im Zimmer 464.\nDas österreichische Konsulat ist im Zimmer 465.\nDas österreichische Konsulat ist im Zimmer 466.\nDas österreichische Konsulat ist im Zimmer 467.\nDas österreichische Konsulat ist im Zimmer 468.\nDas österreichische Konsulat ist im Zimmer 469.\nDas österreichische Konsulat ist im Zimmer 470.\nDas österreichische Konsulat ist im Zimmer 471.\nDas österreichische Konsulat ist im Zimmer 472.\nDas österreichische Konsulat ist im Zimmer 473.\nDas österreichische Konsulat ist im Zimmer 474.\nDas österreichische Konsulat ist im Zimmer 475.\nDas österreichische Konsulat ist im Zimmer 476.\nDas österreichische Konsulat ist im Zimmer 477.\nDas österreichische Konsulat ist im Zimmer 478.\nDas österreichische Konsulat ist im Zimmer 479.\nDas österreichische Konsulat ist im Zimmer 480.\nDas österreichische Kons
Express-Bestellung:\n\nBei der Bundesdruckerei kann auch ein Reisepass im Expressverfahren bestellt werden. Die Bearbeitungszeit (Antragstellung bis Aushändigung) im KVR, Passausgabe, Ruppertstraße 19, beträgt im Idealfall etwa drei bis vier Arbeitstage. In den Außenstellen des Bürgerbüros verlängert sich die Bearbeitungszeit um einen Arbeitstag. Sie können den Pass in jedem Bürgerbüro im Stadtgebiet beantragen und abholen. Zusätzlich zur Gebühr muss ein Aufpreis von 32 Euro gezahlt werden.;Express-Bestellung\n\nSie brauchen den Reise-Pass sehr schnell?\nDann können Sie einen Express-Pass beantragen.\nDas kostet extra Geld.\nDer Express-Pass ist nach 3 bis 4 Arbeitstagen fertig.\nSie müssen den Express-Pass im Bürger-Büro abholen.\nSie müssen den Express-Pass extra bezahlen.\nDer Express-Pass kostet 32 Euro mehr als der normale Reise-Pass.
Gültigkeit des Reisepasses:\n* Für Personen unter 24 Jahren gilt der Reisepass sechs Jahre, bei über 24-Jährigen ist er zehn Jahre gültig\n* Eine Verlängerung der Gültigkeitsdauer ist nicht möglich.;Wie lange ist der Personal-Ausweis gültig?\nDer Personal-Ausweis ist 10 Jahre lang gültig.\nFür Kinder unter 12 Jahren ist der Personal-Ausweis 6 Jahre lang gültig.\nDanach müssen Sie einen neuen Personal-Ausweis beantragen.
Sie müssen in jedem Fall zur Beantragung persönlich vorsprechen.;Sie müssen in jedem Fall zur Beantragung persönlich vorsprechen.
Einen Reisepass für Minderjährige (also vor Vollendung des 18. Lebensjahres) dürfen nur Personen beantragen, die als Sorgeberechtigte den Aufenthalt zu bestimmen haben. Der oder die Antragsberechtigte muss persönlich in Begleitung des oder der Minderjährigen bei uns vorsprechen, um den Reisepass zu beantragen. Sind beide Elternteile antragsberechtigt, reicht es, wenn ein Elternteil vorspricht, sofern dieser den schriftlichen Antrag des anderen Elternteils vorlegt.;Einen Reise-Pass für Minderjährige können nur die Sorge-Berechtigten beantragen.\nSorge-Berechtigte sind zum Beispiel:\n* die Eltern\n* ein Elternteil\n* ein Elternteil und ein anderer Mensch\n* ein Elternteil und ein Eltern-Teil\n* ein Eltern-Teil\n* ein Eltern-Teil und ein anderer Mensch\n* ein Eltern-Teil und ein Eltern-Teil\n* ein anderer Mensch\n* ein anderer Mensch und ein Eltern-Teil\n* ein anderer Mensch und ein anderer Mensch\n* ein anderer Mensch und ein Elternteil\n* ein anderer Mensch und ein Elternteil und ein anderer Mensch\n* ein anderer Mensch und ein Elternteil und ein Eltern-Teil\n* ein anderer Mensch und ein Eltern-Teil und ein anderer Mensch\n* ein anderer Mensch und ein Elternteil und ein Elternteil\n* ein anderer Mensch und ein Elternteil und ein Elternteil und ein anderer Mensch\n* ein anderer Mensch und ein Elternteil und ein Elternteil und ein Eltern-Teil\n* ein anderer Mensch und ein Elternteil und ein Eltern-Teil und ein anderer Mensch\n* ein anderer Mensch und ein Eltern-Teil und ein Eltern-Teil\n* ein anderer Mensch und ein Eltern-Teil und ein Eltern-Teil und ein anderer Mensch\n* ein anderer Mensch und ein Eltern-Teil und ein Eltern-Teil und ein Eltern-Teil\n* ein anderer Mensch und ein Eltern-Teil und ein Eltern-Teil und ein Eltern-Teil und ein anderer Mensch\n* ein anderer Mensch und ein Eltern-Teil und ein Eltern-Teil und ein Eltern-Teil und ein Eltern-Teil\n* ein anderer Mensch und ein Eltern-Teil und ein Eltern-Teil und ein Eltern-Teil und ein Eltern-Teil und ein anderer Mensch\n* ein anderer Mensch und ein Eltern-Teil und ein Eltern-Teil und ein Eltern-Teil und ein Eltern-Teil und ein Eltern-Teil\n* ein anderer Mensch und ein Eltern-Teil und ein Eltern-Teil und ein Eltern-Teil und ein Eltern-Teil und ein Eltern-Teil und ein anderer Mensch\n* ein anderer Mensch und ein Eltern-Teil und ein Eltern-Teil und ein Eltern-Teil und ein Eltern-Teil und ein Eltern-Teil und ein Eltern-Teil\n* ein anderer Mensch und ein Eltern-Teil und ein Eltern-Teil und ein Eltern-Teil und ein Eltern-Teil und ein Eltern-Teil und ein Eltern-Teil und ein anderer Mensch\n* ein anderer Mensch und ein Eltern-Teil und ein Eltern-Teil und ein Eltern-Teil und ein Eltern-Teil und ein Eltern-Teil und ein Eltern-Teil und ein Eltern-Teil\n* ein anderer Mensch und ein Eltern-Teil und ein Eltern-Teil und ein Eltern-Teil und ein Eltern-Teil und ein Eltern-Teil und ein Eltern-Teil und ein Eltern-Teil und ein anderer Mensch\n* ein anderer Mensch und ein Eltern-Teil und ein Eltern-Teil und ein Eltern-Teil und ein Eltern-Teil und ein Eltern-Teil und ein Eltern-Teil und ein Eltern-Teil und ein Eltern-Teil\n* ein anderer Mensch und ein Eltern-Teil und ein Eltern-Teil und ein Eltern-Teil und ein Eltern-Teil und ein Eltern-Teil und ein Eltern-Teil und ein Eltern-Teil und ein Eltern-Teil und ein anderer Mensch\n* ein anderer Mensch und ein Eltern-Teil und ein Eltern-Teil und ein Eltern-Teil und ein Eltern-Teil und ein Eltern-Teil und ein Eltern-Teil und ein Eltern-Teil und ein Eltern-Teil und ein Eltern-Teil\n* ein anderer Mensch und ein Eltern-Teil und ein Eltern-Teil und ein Eltern-Teil und ein Eltern-Teil und ein Eltern-Teil und ein Eltern-Teil und ein Eltern-Teil und ein Eltern-Teil und ein Eltern-Teil und ein anderer Mensch\n* ein anderer Mensch und ein Eltern-Teil und ein Eltern-Teil und ein Eltern-Teil und ein Eltern-Teil und ein Eltern-Teil und ein Eltern-Teil und ein Eltern-Teil und ein Eltern-Teil und ein Eltern-Teil und ein Eltern-Teil\n* ein anderer Mensch und ein Eltern-Teil und ein Eltern-Teil und ein Eltern-Teil und ein Eltern-Teil und ein Eltern-Teil und ein Eltern-Teil und ein Eltern-Teil und ein Eltern-Teil und ein Eltern-Teil und ein Eltern-Teil und ein anderer Mensch\n* ein anderer Mensch und ein Eltern-Teil und ein Eltern-Teil und ein Eltern-Teil und ein Eltern-Teil und ein Eltern-Teil und ein Eltern-Teil und ein Eltern-Teil und ein Eltern-Teil und ein Eltern-Teil und ein Eltern-Teil und ein Eltern-Teil\n* ein anderer Mensch und ein Eltern-Teil und ein Eltern-Teil und ein Eltern-Teil und ein Eltern-Teil und ein Eltern-Teil und ein Eltern-Teil und ein Eltern-Teil und ein Eltern-Teil und ein Eltern-Teil und ein Eltern-Teil und ein Eltern-Teil und ein anderer Mensch\n* ein anderer Mensch und ein Eltern-Teil und ein Eltern-Teil und ein Eltern-Teil und ein Eltern-Teil und ein Eltern-Teil und ein Eltern-Teil und ein Eltern-Teil und ein Eltern-Teil und ein Eltern-Teil und ein Eltern-Teil und ein Eltern-Teil und ein Eltern-Teil und ein anderer Mensch\n* ein anderer Mensch und ein Eltern-Teil und ein Eltern-Teil und ein Eltern-Teil und ein Eltern-Teil und ein Eltern-Teil und ein Eltern-Teil und ein Eltern-Teil und ein Eltern-Teil und ein Eltern-Teil und ein Eltern-Teil und ein Eltern-Teil und ein Eltern-Teil und ein Eltern-Teil und ein anderer Mensch\n* ein anderer Mensch und ein Eltern-Teil und ein Eltern-Teil und ein Eltern-Teil und ein Eltern-Teil und ein Eltern-Teil und ein Eltern-Teil und ein Eltern-Teil und ein Eltern-Teil und ein Eltern-Teil und ein Eltern-Teil und ein Eltern-Teil und ein Eltern-Teil und ein Eltern-Teil und ein Eltern-Teil und ein anderer Mensch\n* ein anderer Mensch und ein Eltern-Teil und ein Eltern-Teil und ein Eltern-Teil und ein Eltern-Teil und ein Eltern-Teil und ein Eltern-Teil und ein Eltern-Teil und ein Eltern-Teil und ein Eltern-Teil und ein Eltern-Teil und ein Eltern-Teil und ein Eltern-Teil und ein Eltern-Teil und ein Eltern-Teil und ein Eltern-Teil und ein anderer Mensch\n* ein anderer Mensch und ein Eltern-Teil und ein Eltern-Teil und ein Eltern-Teil und ein Eltern-Teil und ein Eltern-Teil und ein Eltern-Teil und ein Eltern-Teil und ein Eltern-Teil und ein Eltern-Teil und ein Eltern-Teil und ein Eltern-Teil und ein Eltern-Teil und ein Eltern-Teil und ein Eltern-Teil und ein Eltern-Teil und ein Eltern-Teil und ein anderer Mensch\n* ein anderer Mensch und ein Eltern-Teil und ein Eltern-Teil und ein Eltern-Teil und ein Eltern-Teil und ein Eltern-Teil und ein Eltern-Teil und ein Eltern-Teil und ein Eltern-Teil und ein Eltern-Teil und ein Eltern-Teil und ein Eltern-Teil und ein Eltern-Teil und ein Eltern-Teil und ein Eltern-Teil und ein Eltern-Teil und ein Eltern-Teil und ein Eltern-Teil und ein anderer Mensch\n* ein anderer Mensch und ein Eltern-Teil und ein Eltern-Teil und ein Eltern-Teil und ein Eltern-Teil und ein Eltern-Teil und ein Eltern-Teil und ein Eltern-Teil und ein Eltern-Teil und ein Eltern-Teil und ein Eltern-Teil und ein Eltern-Teil und ein Eltern-Teil und ein Eltern-Teil und ein Eltern-Teil und ein Eltern-Teil und ein Eltern-Teil und ein Eltern-Teil und ein Eltern-Teil und ein anderer Mensch\n* ein anderer Mensch und ein Eltern-Teil und ein Eltern-Teil und ein Eltern-Teil und ein Eltern-Teil und ein Eltern-Teil und ein Eltern-Teil und ein Eltern-Teil und ein Eltern-Teil und ein Eltern-Teil und ein Eltern-Teil und ein Eltern-Teil und ein Eltern-Teil und ein Eltern-Teil und ein Eltern-Teil und ein Eltern-Teil und ein Eltern-Teil und ein Eltern-Teil und ein Eltern-Teil und ein Eltern-Teil und ein Eltern-Teil und ein anderer Mensch\n* ein anderer Mensch und ein Eltern-Teil und ein Eltern-Teil und ein Eltern-Teil und ein Eltern-Teil und ein Eltern-Teil und ein Eltern-Teil und ein Eltern-Teil und ein Eltern-Teil und ein Eltern-Teil und ein Eltern-Teil und ein Eltern-Teil und ein Eltern-Teil und ein Eltern-Teil und ein Eltern-Teil und ein Eltern-Teil und ein Eltern-Teil und ein Eltern-Teil und ein Eltern-Teil und ein Eltern-Teil und ein Eltern-Teil und ein Eltern-Teil und ein Eltern-Teil und ein anderer Mensch\n* ein anderer Mensch und ein Eltern-Teil und ein Eltern-Teil und ein Eltern-Teil und ein Eltern-Teil und ein Eltern-Teil und ein Eltern-Teil und ein Eltern-Teil und ein Eltern-Teil und ein Eltern-Teil und ein Eltern-Teil und ein Eltern-Teil und ein Eltern-Teil und ein Eltern-Teil und ein Eltern-Teil und ein Eltern-Teil und ein Eltern-Teil und ein Eltern-Teil und ein Eltern-Teil und ein Eltern-Teil und ein Eltern-Teil und ein Eltern-Teil und ein Eltern-Teil und ein Eltern-Teil und ein anderer Mensch\n* ein anderer Mensch und ein Eltern-Teil und ein Eltern-Teil und ein Eltern-Teil und ein Eltern-Teil und ein Eltern-Teil und ein Eltern-Teil und ein Eltern-Teil und ein Eltern-Teil und ein Eltern-Teil und ein Eltern-Teil und ein Eltern-Teil und ein Eltern-Teil und ein Eltern-Teil und ein Eltern-Teil und ein Eltern-Teil und ein Eltern-Teil und ein Eltern-Teil und ein Eltern-Teil und ein Eltern-Teil und ein Eltern-Teil und ein Eltern-Teil und ein Eltern-Teil und ein Eltern-Teil und ein Eltern-Teil und ein anderer Mensch\n* ein anderer Mensch und ein Eltern-Teil und ein Eltern-Teil und ein Eltern-Teil und ein Eltern-Teil und ein Eltern-Teil und ein Eltern-Teil und ein Eltern-Teil und ein Eltern-Teil und ein Eltern-Teil und ein Eltern-Teil und ein Eltern-Teil und ein Eltern-Teil und ein Eltern-Teil und ein Eltern-Teil und ein Eltern-Teil und ein Eltern-Teil und ein Eltern-Teil und ein Eltern-Teil und ein Eltern-Teil und ein Eltern-Teil und ein Eltern-Teil und ein Eltern-Teil und ein Eltern-Teil und ein Eltern-Teil und ein Eltern-Teil und ein anderer Mensch\n* ein anderer Mensch und ein Eltern-Teil und ein Eltern-Teil und ein Eltern-Teil und ein Eltern-Teil und ein Eltern-Teil und ein Eltern-Teil und ein Eltern-Teil und ein Eltern-Teil und ein Eltern-Teil und ein Eltern-Teil und ein Eltern-Teil und ein Eltern-Teil und ein Eltern-Teil und ein Eltern-Teil und ein Eltern-Teil und ein Eltern-Teil und ein Eltern-Teil und ein Eltern-Teil und ein Eltern-Teil und ein Eltern-Teil und ein Eltern-Teil und ein Eltern-Teil und ein Eltern-Teil und ein Eltern-Teil und ein Eltern-Teil und ein anderer Mensch\n* ein anderer Mensch und ein Eltern-Teil und ein Eltern-Teil und ein Eltern-Teil und ein Eltern-Teil und ein Eltern-Teil und ein Eltern-Teil und ein Eltern-Teil und ein Eltern-Teil und ein Eltern-Teil und ein Eltern-Teil und ein Eltern-Teil und ein Eltern-Teil und ein Eltern-Teil und ein Eltern-Teil und ein Eltern-Teil und ein Eltern-Teil und ein Eltern-Teil und ein Eltern-Teil und ein Eltern-Teil und ein Eltern-Teil und ein Eltern-Teil und ein Eltern-Teil und ein Eltern-Teil und ein Eltern-Teil und ein Eltern-Teil und ein anderer Mensch\n* ein anderer Mensch und ein Eltern-Teil und ein Eltern-Teil und ein Eltern-Teil und ein Eltern-Teil und ein Eltern-Teil und ein Eltern-Teil und ein Eltern-Teil und ein Eltern-Teil und ein Eltern-Teil und ein Eltern-Teil und ein Eltern-Teil und ein Eltern-Teil und ein Eltern-Teil und ein Eltern-Teil und ein Eltern-Teil und ein Eltern-Teil und ein Eltern-Teil und ein Eltern-Teil und ein Eltern-Teil und ein Eltern-Teil und ein Eltern-Teil und ein Eltern-Teil und ein Eltern-Teil und ein Eltern-Teil und ein Eltern-Teil und ein anderer Mensch\n* ein anderer Mensch und ein Eltern-Teil und ein Eltern-Teil und ein Eltern-Teil und ein Eltern-Teil und ein Eltern-Teil und ein Eltern-Teil und ein Eltern-Teil und ein Eltern-Teil und ein Eltern-Teil und ein Eltern-Teil und ein Eltern-Teil und ein Eltern-Teil und ein Eltern-Teil und ein Eltern-Teil und ein Eltern-Teil und ein Eltern-Teil und ein Eltern-Teil und ein Eltern-Teil und ein Eltern-Teil und ein Eltern-Teil und ein Eltern-Teil und ein Eltern-Teil und ein Eltern-Teil und ein Eltern-Teil und ein Eltern-Teil und ein anderer Mensch\n* ein anderer Mensch und ein Eltern-Teil und ein Eltern-Teil und ein Eltern-Teil und ein Eltern-Teil und ein Eltern-Teil und ein Eltern-Teil und ein Eltern-Teil und ein Eltern-Teil und ein Eltern-Teil und ein Eltern-Teil und ein Eltern-Teil und ein Eltern-Teil und ein Eltern-Teil und ein Eltern-Teil und ein Eltern-Teil und ein Eltern-Teil und ein Eltern-Teil und ein Eltern-Teil und ein Eltern-Teil und ein Eltern-Teil und ein Eltern-Teil und ein Eltern-Teil und ein Eltern-Teil und ein Eltern-Teil und ein Eltern-Teil und ein anderer Mensch\n* ein anderer Mensch und ein Eltern-Teil und ein Eltern-Teil und ein Eltern-Teil und ein Eltern-Teil und ein Eltern-Teil und ein
Für den Besuch in unseren Bürgerbüros müssen Sie einen Termin vereinbaren.;Sie müssen vorher einen Termin machen.\nSie können nicht einfach so zu einem Bürger-Büro kommen.
Hinweis:\nZusätzlich zum Passfoto werden die Fingerabdrücke gespeichert.;Der Personal-Ausweis ist ein Ausweis.\nIn dem Ausweis steht:\n* Wie Sie heißen.\n* Wann Sie geboren sind.\n* Wo Sie wohnen.\n* Wie lange der Personal-Ausweis gültig ist.\n* Wie groß Sie sind.\n* Welche Augen-Farbe Sie haben.\n* Welche Staats-Angehörigkeit Sie haben.\n* Wer Sie Eltern sind.\n* Wer Sie sind.\n* Wer Sie sind.\n* Wer Sie sind.\n* Wer Sie sind.\n* Wer Sie sind.\n* Wer Sie sind.\n* Wer Sie sind.\n* Wer Sie sind.\n* Wer Sie sind.\n* Wer Sie sind.\n* Wer Sie sind.\n* Wer Sie sind.\n* Wer Sie sind.\n* Wer Sie sind.\n* Wer Sie sind.\n* Wer Sie sind.\n* Wer Sie sind.\n* Wer Sie sind.\n* Wer Sie sind.\n* Wer Sie sind.\n* Wer Sie sind.\n* Wer Sie sind.\n* Wer Sie sind.\n* Wer Sie sind.\n* Wer Sie sind.\n* Wer Sie sind.\n* Wer Sie sind.\n* Wer Sie sind.\n* Wer Sie sind.\n* Wer Sie sind.\n* Wer Sie sind.\n* Wer Sie sind.\n* Wer Sie sind.\n* Wer Sie sind.\n* Wer Sie sind.\n* Wer Sie sind.\n* Wer Sie sind.\n* Wer Sie sind.\n* Wer Sie sind.\n* Wer Sie sind.\n* Wer Sie sind.\n* Wer Sie sind.\n* Wer Sie sind.\n* Wer Sie sind.\n* Wer Sie sind.\n* Wer Sie sind.\n* Wer Sie sind.\n* Wer Sie sind.\n* Wer Sie sind.\n* Wer Sie sind.\n* Wer Sie sind.\n* Wer Sie sind.\n* Wer Sie sind.\n* Wer Sie sind.\n* Wer Sie sind.\n* Wer Sie sind.\n* Wer Sie sind.\n* Wer Sie sind.\n* Wer Sie sind.\n* Wer Sie sind.\n* Wer Sie sind.\n* Wer Sie sind.\n* Wer Sie sind.\n* Wer Sie sind.\n* Wer Sie sind.\n* Wer Sie sind.\n* Wer Sie sind.\n* Wer Sie sind.\n* Wer Sie sind.\n* Wer Sie sind.\n* Wer Sie sind.\n* Wer Sie sind.\n* Wer Sie sind.\n* Wer Sie sind.\n* Wer Sie sind.\n* Wer Sie sind.\n* Wer Sie sind.\n* Wer Sie sind.\n* Wer Sie sind.\n* Wer Sie sind.\n* Wer Sie sind.\n* Wer Sie sind.\n* Wer Sie sind.\n* Wer Sie sind.\n* Wer Sie sind.\n* Wer Sie sind.\n* Wer Sie sind.\n* Wer Sie sind.\n* Wer Sie sind.\n* Wer Sie sind.\n* Wer Sie sind.\n* Wer Sie sind.\n* Wer Sie sind.\n* Wer Sie sind.\n* Wer Sie sind.\n* Wer Sie sind.\n* Wer Sie sind.\n* Wer Sie sind.\n* Wer Sie sind.\n* Wer Sie sind.\n* Wer Sie sind.\n* Wer Sie sind.\n* Wer Sie sind.\n* Wer Sie sind.\n* Wer Sie sind.\n* Wer Sie sind.\n* Wer Sie sind.\n* Wer Sie sind.\n* Wer Sie sind.\n* Wer Sie sind.\n* Wer Sie sind.\n* Wer Sie sind.\n* Wer Sie sind.\n* Wer Sie sind.\n* Wer Sie sind.\n* Wer Sie sind.\n* Wer Sie sind.\n* Wer Sie sind.\n* Wer Sie sind.\n* Wer Sie sind.\n* Wer Sie sind.\n* Wer Sie sind.\n* Wer Sie sind.\n* Wer Sie sind.\n* Wer Sie sind.\n* Wer Sie sind.\n* Wer Sie sind.\n* Wer Sie sind.\n* Wer Sie sind.\n* Wer Sie sind.\n* Wer Sie sind.\n* Wer Sie sind.\n* Wer Sie sind.\n* Wer Sie sind.\n* Wer Sie sind.\n* Wer Sie sind.\n* Wer Sie sind.\n* Wer Sie sind.\n* Wer Sie sind.\n* Wer Sie sind.\n* Wer Sie sind.\n* Wer Sie sind.\n* Wer Sie sind.\n* Wer Sie sind.\n* Wer Sie sind.\n* Wer Sie sind.\n* Wer Sie sind.\n* Wer Sie sind.\n* Wer Sie sind.\n* Wer Sie sind.\n* Wer Sie sind.\n* Wer Sie sind.\n* Wer Sie sind.\n* Wer Sie sind.\n* Wer Sie sind.\n* Wer Sie sind.\n* Wer Sie sind.\n* Wer Sie sind.\n* Wer Sie sind.\n* Wer Sie sind.\n* Wer Sie sind.\n* Wer Sie sind.\n* Wer Sie sind.\n* Wer Sie sind.\n* Wer Sie sind.\n* Wer Sie sind.\n* Wer Sie sind.\n* Wer Sie sind.\n* Wer Sie sind.\n* Wer Sie sind.\n* Wer Sie sind.\n* Wer Sie sind.\n* Wer Sie sind.\n* Wer Sie sind.\n* Wer Sie sind.\n* Wer Sie sind.\n* Wer Sie sind.\n* Wer Sie sind.\n* Wer Sie sind.\n* Wer Sie sind.\n* Wer Sie sind.\n* Wer Sie sind.\n* Wer Sie sind.\n* Wer Sie sind.\n* Wer Sie sind.\n* Wer Sie sind.\n* Wer Sie sind.\n* Wer Sie sind.\n* Wer Sie sind.\n* Wer Sie sind.\n* Wer Sie sind.\n* Wer Sie sind.\n* Wer Sie sind.\n* Wer Sie sind.\n* Wer Sie sind.\n* Wer Sie sind.\n* Wer Sie sind.\n* Wer Sie sind.\n* Wer Sie sind.\n* Wer Sie sind.\n* Wer Sie sind.\n* Wer Sie sind.\n* Wer Sie sind.\n* Wer Sie sind.\n* Wer Sie sind.\n* Wer Sie sind.\n* Wer Sie sind.\n* Wer Sie sind.\n* Wer Sie sind.\n* Wer Sie sind.\n* Wer Sie sind.\n* Wer Sie sind.\n* Wer Sie sind.\n* Wer Sie sind.\n* Wer Sie sind.\n* Wer Sie sind.\n* Wer Sie sind.\n* Wer Sie sind.\n* Wer Sie sind.\n* Wer Sie sind.\n* Wer Sie sind.\n* Wer Sie sind.\n* Wer Sie sind.\n* Wer Sie sind.\n* Wer Sie sind.\n* Wer Sie sind.\n* Wer Sie sind.\n* Wer Sie sind.\n* Wer Sie sind.\n* Wer Sie sind.\n* Wer Sie sind.\n* Wer Sie sind.\n* Wer Sie sind.\n* Wer Sie sind.\n* Wer Sie sind.\n* Wer Sie sind.\n* Wer Sie sind.\n* Wer Sie sind.\n* Wer Sie sind.\n* Wer Sie sind.\n* Wer Sie sind.\n* Wer Sie sind.\n* Wer Sie sind.\n* Wer Sie sind.\n* Wer Sie sind.\n* Wer Sie sind.\n* Wer Sie sind.\n* Wer Sie sind.\n* Wer Sie sind.\n* Wer Sie sind.\n* Wer Sie sind.\n* Wer Sie sind.\n* Wer Sie sind.\n* Wer Sie sind.\n* Wer Sie sind.\n* Wer Sie sind.\n* Wer Sie sind.\n* Wer Sie sind.\n* Wer Sie sind.\n* Wer Sie sind.\n* Wer Sie sind.\n* Wer Sie sind.\n* Wer Sie sind.\n* Wer Sie sind.\n* Wer Sie sind.\n* Wer Sie sind.\n* Wer Sie sind.\n* Wer Sie sind.\n* Wer Sie sind.\n* Wer Sie sind.\n* Wer Sie sind.\n* Wer Sie sind.\n* Wer Sie sind.\n* Wer Sie sind.\n* Wer Sie sind.\n* Wer Sie sind.\n* Wer Sie sind.\n* Wer Sie sind.\n* Wer Sie sind.\n* Wer Sie sind.\n* Wer Sie sind.\n* Wer Sie sind.\n* Wer Sie sind.\n* Wer Sie sind.\n* Wer Sie sind.\n* Wer Sie sind.\n* Wer Sie sind.\n* Wer Sie sind.\n* Wer Sie sind.\n* Wer Sie sind.\n* Wer Sie sind.\n* Wer Sie sind.\n* Wer Sie sind.\n* Wer Sie sind.\n* Wer Sie sind.\n* Wer Sie sind.\n* Wer Sie sind.\n* Wer Sie sind.\n* Wer Sie sind.\n* Wer Sie sind.\n* Wer Sie sind.\n* Wer Sie sind.\n* Wer Sie sind.\n* Wer Sie sind.\n* Wer Sie sind.\n* Wer Sie sind.\n* Wer Sie sind.\n* Wer Sie sind.\n* Wer Sie sind.\n* Wer Sie sind.\n* Wer Sie sind.\n* Wer Sie sind.\n* Wer Sie sind.\n* Wer Sie sind.\n* Wer Sie sind.\n* Wer Sie sind.\n* Wer Sie sind.\n* Wer Sie sind.\n* Wer Sie sind.\n* Wer Sie sind.\n* Wer Sie sind.\n* Wer Sie sind.\n* Wer Sie sind.\n* Wer Sie sind.\n* Wer Sie sind.\n* Wer Sie sind.\n* Wer Sie sind.\n* Wer Sie sind.\n* Wer Sie sind.\n* Wer Sie sind.\n* Wer Sie sind.\n* Wer Sie sind.\n* Wer Sie sind.\n* Wer Sie sind.\n* Wer Sie sind.\n* Wer Sie sind.\n* Wer Sie sind.\n* Wer Sie sind.\n* Wer Sie sind.\n* Wer Sie sind.\n* Wer Sie sind.\n* Wer Sie sind.\n* Wer Sie sind.\n* Wer Sie sind.\n* Wer Sie sind.\n* Wer Sie sind.\n* Wer Sie sind.\n* Wer Sie sind.\n* Wer Sie sind.\n* Wer Sie sind.\n* Wer Sie sind.\n* Wer Sie sind.\n* Wer Sie sind.\n* Wer Sie sind.\n* Wer Sie sind.\n* Wer Sie sind.\n* Wer Sie sind.\n* Wer Sie sind.\n* Wer Sie sind.\n* Wer Sie sind.\n* Wer Sie sind.\n* Wer Sie sind.\n* Wer Sie sind.\n* Wer Sie sind.\n* Wer Sie sind.\n* Wer Sie sind.\n* Wer Sie sind.\n* Wer Sie sind.\n* Wer Sie sind.\n* Wer Sie sind.\n* Wer Sie sind.\n* Wer Sie sind.\n* Wer Sie sind.\n* Wer Sie sind.\n* Wer Sie sind.\n* Wer Sie sind.\n* Wer Sie sind.\n* Wer Sie sind.\n* Wer Sie sind.\n* Wer Sie sind.\n* Wer Sie sind.\n* Wer Sie sind.\n* Wer Sie sind.\n* Wer Sie sind.\n* Wer Sie sind.\n* Wer Sie sind.\n* Wer Sie sind.\n* Wer Sie sind.\n* Wer Sie sind.\n* Wer Sie sind.\n* Wer Sie sind.\n* Wer Sie sind.\n* Wer Sie sind.\n* Wer Sie sind.\n* Wer Sie sind.\n* Wer Sie sind.\n* Wer Sie sind.\n* Wer Sie sind.\n* Wer Sie sind.\n* Wer Sie sind.\n* Wer Sie sind.\n* Wer Sie sind.\n* Wer Sie sind.\n* Wer Sie sind.\n* Wer Sie sind.\n* Wer Sie sind.\n* Wer Sie sind.\n* Wer Sie sind.\n* Wer Sie sind.\n* Wer Sie sind.\n* Wer Sie sind.\n* Wer Sie sind.\n* Wer Sie sind.\n* Wer Sie sind.\n* Wer Sie sind.\n* Wer Sie sind.\n* Wer Sie sind.\n* Wer Sie sind.\n* Wer Sie sind.\n* Wer Sie sind.\n* Wer Sie sind.\n* Wer Sie sind.\n* Wer Sie sind.\n* Wer Sie sind.\n* Wer Sie sind.\n* Wer Sie sind.\n* Wer Sie sind.\n* Wer Sie sind.\n* Wer Sie sind.\n* Wer Sie sind.\n* Wer Sie sind.\n* Wer Sie sind.\n* Wer Sie sind.\n* Wer Sie sind.\n* Wer Sie sind.\n* Wer Sie sind.\n* Wer Sie sind.\n* Wer Sie sind.\n* Wer Sie sind.\n* Wer Sie sind.\n* Wer Sie sind.\n* Wer Sie sind.\n* Wer Sie sind.\n* Wer Sie sind.\n* Wer Sie sind.\n* Wer Sie sind.\n* Wer Sie sind.\n* Wer Sie sind.\n* Wer Sie sind.\n* Wer Sie sind.\n* Wer Sie sind.\n* Wer Sie sind.\n* Wer Sie sind.\n* Wer Sie sind.\n* Wer Sie sind.\n* Wer Sie sind.\n* Wer Sie sind.\n* Wer Sie sind.\n* Wer Sie sind.\n* Wer Sie sind.\n* Wer Sie sind.\n* Wer Sie sind.\n* Wer Sie sind.\n* Wer Sie sind.\n* Wer Sie sind.\n* Wer Sie sind.\n* Wer Sie sind.\n* Wer Sie sind.\n* Wer Sie sind.\n* Wer Sie sind.\n* Wer Sie sind.\n* Wer Sie sind.\n* Wer Sie sind.\n* Wer Sie sind.\n* Wer Sie sind.\n* Wer Sie sind.\n* Wer Sie sind.\n* Wer Sie sind.\n* Wer Sie sind.\n* Wer Sie sind.\n* Wer Sie sind.\n* Wer Sie sind.\n* Wer Sie sind.\n* Wer Sie sind.\n* Wer Sie sind.\n* Wer Sie sind.\n* Wer Sie sind.\n* Wer Sie sind.\n* Wer Sie sind.\n* Wer Sie sind.\n* Wer Sie sind.\n* Wer Sie sind.\n* Wer Sie sind.\n* Wer Sie sind.\n* Wer Sie sind.\n* Wer Sie sind.\n* Wer Sie sind.\n* Wer Sie sind.\n* Wer Sie sind.\n* Wer Sie sind.\n* Wer Sie sind.\n* Wer Sie sind.\n* Wer Sie sind.\n* Wer Sie sind.\n* Wer Sie sind.\n* Wer Sie sind.\n* Wer Sie sind.\n* Wer Sie sind.\n* Wer Sie sind.\n* Wer Sie sind.\n* Wer Sie sind.\n* Wer Sie sind.\n* Wer Sie sind.\n* Wer Sie sind.\n* Wer Sie sind.\n* Wer Sie sind.\n* Wer Sie sind.\n* Wer Sie sind.\n* Wer Sie sind.\n* Wer Sie sind.\n* Wer Sie sind.\n* Wer Sie sind.\n* Wer Sie sind.\n* Wer Sie sind.\n* Wer Sie sind.\n* Wer Sie sind.\n* Wer Sie sind.\n* Wer Sie sind.\n* Wer Sie sind.\n* Wer Sie sind.\n* Wer Sie sind.\n* Wer Sie sind.\n* Wer Sie sind.\n* Wer Sie sind.\n* Wer Sie sind.\n* Wer Sie sind.\n* Wer Sie sind.\n* Wer Sie sind.\n* Wer Sie sind.\n* Wer Sie sind.\n* Wer Sie sind.\n* Wer Sie sind.\n* Wer Sie sind.\n* Wer Sie sind.\n* Wer Sie sind.\n* Wer Sie sind.\n* Wer Sie sind.\n* Wer Sie sind.\n* Wer Sie sind.\n* Wer Sie sind.\n* Wer Sie sind.\n* Wer Sie sind.\n* Wer Sie sind.\n* Wer Sie sind.\n* Wer Sie sind.\n* Wer Sie sind.\n* Wer Sie sind.\n* Wer Sie sind.\n* Wer Sie sind.\n* Wer Sie sind.\n* Wer Sie sind.\n* Wer Sie sind.\n* Wer Sie sind.\n* Wer Sie sind.\n* Wer Sie sind.\n* Wer Sie sind.\n* Wer Sie sind.\n* Wer Sie sind.\n* Wer Sie sind.\n* Wer Sie sind.\n* Wer Sie sind.\n* Wer Sie sind.\n* Wer Sie sind.\n* Wer Sie sind.\n* Wer Sie sind.\n* Wer Sie sind.\n* Wer Sie sind.\n* Wer Sie sind.\n* Wer Sie sind.\n* Wer Sie sind.\n* Wer Sie sind.\n* Wer Sie sind.\n* Wer Sie sind.\n* Wer Sie sind.\n* Wer Sie sind.\n* Wer Sie sind.\n* Wer Sie sind.\n* Wer Sie sind.\n* Wer Sie sind.\n* Wer Sie sind.\n* Wer Sie sind.\n* Wer Sie sind.\n* Wer Sie sind.\n* Wer Sie sind.\n* Wer Sie sind.\n* Wer Sie sind.\n* Wer Sie sind.\n* Wer Sie sind.\n* Wer Sie sind.\n* Wer Sie sind.\n* Wer Sie sind.\n* Wer Sie sind.\n* Wer Sie sind.\n* Wer Sie sind.\n* Wer Sie sind.\n* Wer Sie sind.\n* Wer Sie sind.\n* Wer Sie sind.\n* Wer Sie sind.\n* Wer Sie sind.\n* Wer Sie sind.\n* Wer Sie sind.\n* Wer Sie sind.\n* Wer Sie sind.\n* Wer Sie sind.\n* Wer Sie sind.\n* Wer Sie sind.\n* Wer Sie sind.\n* Wer Sie sind.\n* Wer Sie sind.\n* Wer Sie sind.\n* Wer Sie sind.\n* Wer Sie sind.\n* Wer Sie sind.\n* Wer Sie sind.\n* Wer Sie sind.\n* Wer Sie sind.\n* Wer Sie sind.\n* Wer Sie sind.\n* Wer Sie sind.\n* Wer Sie sind.\n* Wer Sie sind.\n* Wer Sie sind.\n* Wer Sie sind.\n* Wer Sie sind.\n* Wer Sie sind.\n* Wer Sie sind.\n* Wer Sie sind.\n* Wer Sie sind.\n* Wer Sie sind.\n* Wer Sie sind.\n* Wer Sie sind.\n* Wer Sie sind.\n* Wer Sie sind.\n* Wer Sie sind.\n* Wer Sie sind.\n* Wer Sie sind.\n* Wer Sie sind.\n* Wer Sie sind.\n* Wer Sie sind.\n* Wer Sie sind.\n* Wer Sie sind.\n* Wer Sie sind.\n* Wer Sie sind.\n* Wer Sie sind.\n* Wer Sie sind.\n* Wer Sie sind.\n* Wer Sie sind.\n* Wer Sie sind.\n* Wer Sie sind.\n* Wer Sie sind.\n* Wer Sie sind.\n* Wer Sie sind.\n* Wer Sie sind.\n* Wer Sie sind.\n* Wer Sie sind.\n* Wer Sie sind.\n* Wer Sie sind.\n* Wer Sie sind.\n* Wer Sie sind.\n* Wer Sie sind.\n* Wer Sie sind.\n* Wer Sie sind.\n* Wer Sie sind.\n* Wer Sie sind.\n* Wer Sie sind.\n* Wer Sie sind.\n* Wer Sie sind.\n* Wer Sie sind.\n* Wer Sie sind.\n* Wer Sie sind.\n* Wer Sie sind.\n* Wer Sie sind.\n* Wer Sie sind.\n* Wer Sie sind.\n* Wer Sie sind.\n* Wer Sie sind.\n* Wer Sie sind.\n* Wer Sie sind.\n* Wer Sie sind.\n* Wer Sie sind.\n* Wer Sie sind.\n* Wer Sie sind.\n* Wer Sie sind.\n* Wer Sie sind.\n* Wer Sie sind.\n* Wer Sie sind.\n* Wer Sie sind.\n* Wer Sie sind.\n* Wer Sie sind.\n* Wer Sie sind.\n* Wer Sie sind.\n* Wer Sie sind.\n* Wer Sie sind.\n* Wer Sie sind.\n* Wer Sie sind.\n* Wer Sie sind.\n* Wer Sie sind.\n* Wer Sie sind.\n* Wer Sie sind.\n* Wer Sie sind.\n* Wer Sie sind.\n* Wer Sie sind.\n* Wer Sie sind.\n* Wer Sie sind.\n* Wer Sie sind.\n* Wer Sie sind.\n* Wer Sie sind.\n* Wer Sie sind.\n* Wer Sie sind.\n* Wer Sie sind.\n* Wer Sie sind.\n* Wer Sie sind.\n* Wer Sie sind.\n* Wer Sie sind.\n* Wer Sie sind.\n* Wer Sie sind.\n* Wer Sie sind.\n* Wer Sie sind.\n* Wer Sie sind.\n* Wer Sie sind.\n* Wer Sie sind.\n* Wer Sie sind.\n* Wer Sie sind.\n* Wer Sie sind.\n* Wer Sie sind.\n* Wer Sie sind.\n* Wer Sie sind.\n* Wer Sie sind.\n* Wer Sie sind.\n* Wer Sie sind.\n* Wer Sie sind.\n* Wer Sie sind.\n* Wer Sie sind.\n* Wer Sie sind.\n* Wer Sie sind.\n* Wer Sie sind.\n* Wer Sie sind.\n* Wer Sie sind.\n* Wer Sie sind.\n* Wer Sie sind.\n* Wer Sie sind.\n* Wer Sie sind.\n* Wer Sie sind.\n* Wer Sie sind.\n* Wer Sie sind.\n* Wer Sie sind.\n* Wer Sie sind.\n* Wer Sie sind.\n* Wer Sie sind.\n* Wer Sie sind.\n* Wer Sie sind.\n* Wer Sie sind.\n* Wer Sie sind.\n* Wer Sie sind.\n* Wer Sie sind.\n* Wer Sie sind.\n* Wer Sie sind.\n* Wer Sie sind.\n* Wer Sie sind.\n* Wer Sie sind.\n* Wer Sie sind.\n* Wer Sie sind.\n* Wer Sie sind.\n* Wer Sie sind.\n* Wer Sie sind.\n* Wer Sie sind.\n* Wer Sie sind.\n* Wer Sie sind.\n* Wer Sie sind.\n* Wer Sie sind.\n* Wer Sie sind.\n* Wer Sie sind.\n* Wer Sie sind.\n* Wer Sie sind.\n* Wer Sie sind.\n* Wer Sie sind.\n* Wer Sie sind.\n* Wer Sie sind.\n* Wer Sie sind.\n* Wer Sie sind.\n* Wer Sie sind.\n* Wer Sie sind.\n* Wer Sie sind.\n* Wer Sie sind.\n* Wer Sie sind.\n* Wer Sie sind.\n* Wer Sie sind.\n* Wer Sie sind.\n* Wer Sie sind.\n* Wer Sie sind.\n* Wer Sie sind.\n
Voraussetzungen\n\nSie können den Reisepass grundsätzlich nur bei der Passbehörde an Ihrem Hauptwohnsitz beantragen. Einen Termin zur Antragstellung buchen Sie hier. Eine Ausnahme gibt es nur für Bundesbürger, die im Ausland leben, sich zu Besuch in München aufhalten und zwingend einen neuen Pass brauchen. In diesem Ausnahmefall können Sie keinen Termin in einem der Bürgerbüros buchen, da die Sachbearbeitung an einer zentralen Stelle erfolgt. Für Informationen zur Antragstellung und Terminvereinbarung (nur in diesem Ausnahmefall) kontaktieren Sie uns bitte unter der E-Mail Adresse passamt.kvr@muenchen.de. Die Passbehörde muss sowohl die Antragsberechtigung wie auch die Echtheit der Unterschrift prüfen. Bitte legen Sie entsprechende Ausweisdokumente (Personalausweis, Reisepass) vor.;Wo können Sie einen Reise-Pass beantragen?\nSie können einen Reise-Pass im Bürger-Büro beantragen.\nSie müssen dafür in ein Bürger-Büro gehen.\nSie müssen dafür einen Termin vereinbaren.\nSie können den Termin im Internet vereinbaren.\nOder Sie rufen an.\nDie Telefon-Nummer ist:\nTelefon-Nummer 115\nDie 115 ist eine Telefon-Nummer.\nDie 115 ist ein Service-Telefon.\nDas Service-Telefon ist von der Stadt München.\nDas Service-Telefon ist von der Stadt-Verwaltung.\nDas Service-Telefon ist für alle Bürger und Bürgerinnen.\nDas Service-Telefon ist für alle Bürger und Bürgerinnen in München.\nDas Service-Telefon ist für alle Bürger und Bürgerinnen in Bayern.\nDas Service-Telefon ist für alle Bürger und Bürgerinnen in Deutschland.\nDas Service-Telefon ist für alle Bürger und Bürgerinnen in Deutschland, die in einer Stadt wohnen.\nDas Service-Telefon ist für alle Bürger und Bürgerinnen in Deutschland, die in einer Stadt wohnen.\nDas Service-Telefon ist für alle Bürger und Bürgerinnen in Deutschland, die in einer Stadt wohnen.\nDas Service-Telefon ist für alle Bürger und Bürgerinnen in Deutschland, die in einer Stadt wohnen.\nDas Service-Telefon ist für alle Bürger und Bürgerinnen in Deutschland, die in einer Stadt wohnen.\nDas Service-Telefon ist für alle Bürger und Bürgerinnen in Deutschland, die in einer Stadt wohnen.\nDas Service-Telefon ist für alle Bürger und Bürgerinnen in Deutschland, die in einer Stadt wohnen.\nDas Service-Telefon ist für alle Bürger und Bürgerinnen in Deutschland, die in einer Stadt wohnen.\nDas Service-Telefon ist für alle Bürger und Bürgerinnen in Deutschland, die in einer Stadt wohnen.\nDas Service-Telefon ist für alle Bürger und Bürgerinnen in Deutschland, die in einer Stadt wohnen.\nDas Service-Telefon ist für alle Bürger und Bürgerinnen in Deutschland, die in einer Stadt wohnen.\nDas Service-Telefon ist für alle Bürger und Bürgerinnen in Deutschland, die in einer Stadt wohnen.\nDas Service-Telefon ist für alle Bürger und Bürgerinnen in Deutschland, die in einer Stadt wohnen.\nDas Service-Telefon ist für alle Bürger und Bürgerinnen in Deutschland, die in einer Stadt wohnen.\nDas Service-Telefon ist für alle Bürger und Bürgerinnen in Deutschland, die in einer Stadt wohnen.\nDas Service-Telefon ist für alle Bürger und Bürgerinnen in Deutschland, die in einer Stadt wohnen.\nDas Service-Telefon ist für alle Bürger und Bürgerinnen in Deutschland, die in einer Stadt wohnen.\nDas Service-Telefon ist für alle Bürger und Bürgerinnen in Deutschland, die in einer Stadt wohnen.\nDas Service-Telefon ist für alle Bürger und Bürgerinnen in Deutschland, die in einer Stadt wohnen.\nDas Service-Telefon ist für alle Bürger und Bürgerinnen in Deutschland, die in einer Stadt wohnen.\nDas Service-Telefon ist für alle Bürger und Bürgerinnen in Deutschland, die in einer Stadt wohnen.\nDas Service-Telefon ist für alle Bürger und Bürgerinnen in Deutschland, die in einer Stadt wohnen.\nDas Service-Telefon ist für alle Bürger und Bürgerinnen in Deutschland, die in einer Stadt wohnen.\nDas Service-Telefon ist für alle Bürger und Bürgerinnen in Deutschland, die in einer Stadt wohnen.\nDas Service-Telefon ist für alle Bürger und Bürgerinnen in Deutschland, die in einer Stadt wohnen.\nDas Service-Telefon ist für alle Bürger und Bürgerinnen in Deutschland, die in einer Stadt wohnen.\nDas Service-Telefon ist für alle Bürger und Bürgerinnen in Deutschland, die in einer Stadt wohnen.\nDas Service-Telefon ist für alle Bürger und Bürgerinnen in Deutschland, die in einer Stadt wohnen.\nDas Service-Telefon ist für alle Bürger und Bürgerinnen in Deutschland, die in einer Stadt wohnen.\nDas Service-Telefon ist für alle Bürger und Bürgerinnen in Deutschland, die in einer Stadt wohnen.\nDas Service-Telefon ist für alle Bürger und Bürgerinnen in Deutschland, die in einer Stadt wohnen.\nDas Service-Telefon ist für alle Bürger und Bürgerinnen in Deutschland, die in einer Stadt wohnen.\nDas Service-Telefon ist für alle Bürger und Bürgerinnen in Deutschland, die in einer Stadt wohnen.\nDas Service-Telefon ist für alle Bürger und Bürgerinnen in Deutschland, die in einer Stadt wohnen.\nDas Service-Telefon ist für alle Bürger und Bürgerinnen in Deutschland, die in einer Stadt wohnen.\nDas Service-Telefon ist für alle Bürger und Bürgerinnen in Deutschland, die in einer Stadt wohnen.\nDas Service-Telefon ist für alle Bürger und Bürgerinnen in Deutschland, die in einer Stadt wohnen.\nDas Service-Telefon ist für alle Bürger und Bürgerinnen in Deutschland, die in einer Stadt wohnen.\nDas Service-Telefon ist für alle Bürger und Bürgerinnen in Deutschland, die in einer Stadt wohnen.\nDas Service-Telefon ist für alle Bürger und Bürgerinnen in Deutschland, die in einer Stadt wohnen.\nDas Service-Telefon ist für alle Bürger und Bürgerinnen in Deutschland, die in einer Stadt wohnen.\nDas Service-Telefon ist für alle Bürger und Bürgerinnen in Deutschland, die in einer Stadt wohnen.\nDas Service-Telefon ist für alle Bürger und Bürgerinnen in Deutschland, die in einer Stadt wohnen.\nDas Service-Telefon ist für alle Bürger und Bürgerinnen in Deutschland, die in einer Stadt wohnen.\nDas Service-Telefon ist für alle Bürger und Bürgerinnen in Deutschland, die in einer Stadt wohnen.\nDas Service-Telefon ist für alle Bürger und Bürgerinnen in Deutschland, die in einer Stadt wohnen.\nDas Service-Telefon ist für alle Bürger und Bürgerinnen in Deutschland, die in einer Stadt wohnen.\nDas Service-Telefon ist für alle Bürger und Bürgerinnen in Deutschland, die in einer Stadt wohnen.\nDas Service-Telefon ist für alle Bürger und Bürgerinnen in Deutschland, die in einer Stadt wohnen.\nDas Service-Telefon ist für alle Bürger und Bürgerinnen in Deutschland, die in einer Stadt wohnen.\nDas Service-Telefon ist für alle Bürger und Bürgerinnen in Deutschland, die in einer Stadt wohnen.\nDas Service-Telefon ist für alle Bürger und Bürgerinnen in Deutschland, die in einer Stadt wohnen.\nDas Service-Telefon ist für alle Bürger und Bürgerinnen in Deutschland, die in einer Stadt wohnen.\nDas Service-Telefon ist für alle Bürger und Bürgerinnen in Deutschland, die in einer Stadt wohnen.\nDas Service-Telefon ist für alle Bürger und Bürgerinnen in Deutschland, die in einer Stadt wohnen.\nDas Service-Telefon ist für alle Bürger und Bürgerinnen in Deutschland, die in einer Stadt wohnen.\nDas Service-Telefon ist für alle Bürger und Bürgerinnen in Deutschland, die in einer Stadt wohnen.\nDas Service-Telefon ist für alle Bürger und Bürgerinnen in Deutschland, die in einer Stadt wohnen.\nDas Service-Telefon ist für alle Bürger und Bürgerinnen in Deutschland, die in einer Stadt wohnen.\nDas Service-Telefon ist für alle Bürger und Bürgerinnen in Deutschland, die in einer Stadt wohnen.\nDas Service-Telefon ist für alle Bürger und Bürgerinnen in Deutschland, die in einer Stadt wohnen.\nDas Service-Telefon ist für alle Bürger und Bürgerinnen in Deutschland, die in einer Stadt wohnen.\nDas Service-Telefon ist für alle Bürger und Bürgerinnen in Deutschland, die in einer Stadt wohnen.\nDas Service-Telefon ist für alle Bürger und Bürgerinnen in Deutschland, die in einer Stadt wohnen.\nDas Service-Telefon ist für alle Bürger und Bürgerinnen in Deutschland, die in einer Stadt wohnen.\nDas Service-Telefon ist für alle Bürger und Bürgerinnen in Deutschland, die in einer Stadt wohnen.\nDas Service-Telefon ist für alle Bürger und Bürgerinnen in Deutschland, die in einer Stadt wohnen.\nDas Service-Telefon ist für alle Bürger und Bürgerinnen in Deutschland, die in einer Stadt wohnen.\nDas Service-Telefon ist für alle Bürger und Bürgerinnen in Deutschland, die in einer Stadt wohnen.\nDas Service-Telefon ist für alle Bürger und Bürgerinnen in Deutschland, die in einer Stadt wohnen.\nDas Service-Telefon ist für alle Bürger und Bürgerinnen in Deutschland, die in einer Stadt wohnen.\nDas Service-Telefon ist für alle Bürger und Bürgerinnen in Deutschland, die in einer Stadt wohnen.\nDas Service-Telefon ist für alle Bürger und Bürgerinnen in Deutschland, die in einer Stadt wohnen.\nDas Service-Telefon ist für alle Bürger und Bürgerinnen in Deutschland, die in einer Stadt wohnen.\nDas Service-Telefon ist für alle Bürger und Bürgerinnen in Deutschland, die in einer Stadt wohnen.\nDas Service-Telefon ist für alle Bürger und Bürgerinnen in Deutschland, die in einer Stadt wohnen.\nDas Service-Telefon ist für alle Bürger und Bürgerinnen in Deutschland, die in einer Stadt wohnen.\nDas Service-Telefon ist für alle Bürger und Bürgerinnen in Deutschland, die in einer Stadt wohnen.\nDas Service-Telefon ist für alle Bürger und Bürgerinnen in Deutschland, die in einer Stadt wohnen.\nDas Service-Telefon ist für alle Bürger und Bürgerinnen in Deutschland, die in einer Stadt wohnen.\nDas Service-Telefon ist für alle Bürger und Bürgerinnen in Deutschland, die in einer Stadt wohnen.\nDas Service-Telefon ist für alle Bürger und Bürgerinnen in Deutschland, die in einer Stadt wohnen.\nDas Service-Telefon ist für alle Bürger und Bürgerinnen in Deutschland, die in einer Stadt wohnen.\nDas Service-Telefon ist für alle Bürger und Bürgerinnen in Deutschland, die in einer Stadt wohnen.\nDas Service-Telefon ist für alle Bürger und Bürgerinnen in Deutschland, die in einer Stadt wohnen.\nDas Service-Telefon ist für alle Bürger und Bürgerinnen in Deutschland, die in einer Stadt wohnen.\nDas Service-Telefon ist für alle Bürger und Bürgerinnen in Deutschland, die in einer Stadt wohnen.\nDas Service-Telefon ist für alle Bürger und Bürgerinnen in Deutschland, die in einer Stadt wohnen.\nDas Service-Telefon ist für alle Bürger und Bürgerinnen in Deutschland, die in einer Stadt wohnen.\nDas Service-Telefon ist für alle Bürger und Bürgerinnen in Deutschland, die in einer Stadt wohnen.\nDas Service-Telefon ist für alle Bürger und Bürgerinnen in Deutschland, die in einer Stadt wohnen.\nDas Service-Telefon ist für alle Bürger und Bürgerinnen in Deutschland, die in einer Stadt wohnen.\nDas Service-Telefon ist für alle Bürger und Bürgerinnen in Deutschland, die in einer Stadt wohnen.\nDas Service-Telefon ist für alle Bürger und Bürgerinnen in Deutschland, die in einer Stadt wohnen.\nDas Service-Telefon ist für alle Bürger und Bürgerinnen in Deutschland, die in einer Stadt wohnen.\nDas Service-Telefon ist für alle Bürger und Bürgerinnen in Deutschland, die in einer Stadt wohnen.\nDas Service-Telefon ist für alle Bürger und Bürgerinnen in Deutschland, die in einer Stadt wohnen.\nDas Service-Telefon ist für alle Bürger und Bürgerinnen in Deutschland, die in einer Stadt wohnen.\nDas Service-Telefon ist für alle Bürger und Bürgerinnen in Deutschland, die in einer Stadt wohnen.\nDas Service-Telefon ist für alle Bürger und Bürgerinnen in Deutschland, die in einer Stadt wohnen.\nDas Service-Telefon ist für alle Bürger und Bürgerinnen in Deutschland, die in einer Stadt wohnen.\nDas Service-Telefon ist für alle Bürger und Bürgerinnen in Deutschland, die in einer Stadt wohnen.\nDas Service-Telefon ist für alle Bürger und Bürgerinnen in Deutschland, die in einer Stadt wohnen.\nDas Service-Telefon ist für alle Bürger und Bürgerinnen in Deutschland, die in einer Stadt wohnen.\nDas Service-Telefon ist für alle Bürger und Bürgerinnen in Deutschland, die in einer Stadt wohnen.\nDas Service-Telefon ist für alle Bürger und Bürgerinnen in Deutschland, die in einer Stadt wohnen.\nDas Service-Telefon ist für alle Bürger und Bürgerinnen in Deutschland, die in einer Stadt wohnen.\nDas Service-Telefon ist für alle Bürger und Bürgerinnen in Deutschland, die in einer Stadt wohnen.\nDas Service-Telefon ist für alle Bürger und Bürgerinnen in Deutschland, die in einer Stadt wohnen.\nDas Service-Telefon ist für alle Bürger und Bürgerinnen in Deutschland, die in einer Stadt wohnen.\nDas Service-Telefon ist für alle Bürger und Bürgerinnen in Deutschland, die in einer Stadt wohnen.\nDas Service-Telefon ist für alle Bürger und Bürgerinnen in Deutschland, die in einer Stadt wohnen.\nDas Service-Telefon ist für alle Bürger und Bürgerinnen in Deutschland, die in einer Stadt wohnen.\nDas Service-Telefon ist für alle Bürger und Bürgerinnen in Deutschland, die in einer Stadt wohnen.\nDas Service-Telefon ist für alle Bürger und Bürgerinnen in Deutschland, die in einer Stadt wohnen.\nDas Service-Telefon ist für alle Bürger und Bürgerinnen in Deutschland, die in einer Stadt wohnen.\nDas Service-Telefon ist für alle Bürger und Bürgerinnen in Deutschland, die in einer Stadt wohnen.\nDas Service-Telefon ist für alle Bürger und Bürgerinnen in Deutschland, die in einer Stadt wohnen.\nDas Service-Telefon ist für alle Bürger und Bürgerinnen in Deutschland, die in einer Stadt wohnen.\nDas Service-Telefon ist für alle Bürger und Bürgerinnen in Deutschland, die in einer Stadt wohnen.\nDas Service-Telefon ist für alle Bürger und Bürgerinnen in Deutschland, die in einer Stadt wohnen.\nDas Service-Telefon ist für alle Bürger und Bürgerinnen in Deutschland, die in einer Stadt wohnen.\nDas Service-Telefon ist für alle Bürger und Bürgerinnen in Deutschland, die in einer Stadt wohnen.\nDas Service-Telefon ist für alle Bürger und Bürgerinnen in Deutschland, die in einer Stadt wohnen.\nDas Service-Telefon ist für alle Bürger und Bürgerinnen in Deutschland, die in einer Stadt wohnen.\nDas Service-Telefon ist für alle Bürger und Bürgerinnen in Deutschland, die in einer Stadt wohnen.\nDas Service-Telefon ist für alle Bürger und Bürgerinnen in Deutschland, die in einer Stadt wohnen.\nDas Service-Telefon ist für alle Bürger und Bürgerinnen in Deutschland, die in einer Stadt wohnen.\nDas Service-Telefon ist für alle Bürger und Bürgerinnen in Deutschland, die in einer Stadt wohnen.\nDas Service-Telefon ist für alle Bürger und Bürgerinnen in Deutschland, die in einer Stadt wohnen.\nDas Service-Telefon ist für alle Bürger und Bürgerinnen in Deutschland, die in einer Stadt wohnen.\nDas Service-Telefon ist für alle Bürger und Bürgerinnen in Deutschland, die in einer Stadt wohnen.\nDas Service-Telefon ist für alle Bürger und Bürgerinnen in Deutschland, die in einer Stadt wohnen.\nDas Service-Telefon ist für alle Bürger und Bürgerinnen in Deutschland, die in einer Stadt wohnen.\nDas Service-Telefon ist für alle Bürger und Bürgerinnen in Deutschland, die in einer Stadt wohnen.\nDas Service-Telefon ist für alle Bürger und Bürgerinnen in Deutschland, die in einer Stadt wohnen.\nDas Service-Telefon ist für alle Bürger und Bürgerinnen in Deutschland, die in einer Stadt wohnen.\nDas Service-Telefon ist für alle Bürger und Bürgerinnen in Deutschland, die in einer Stadt wohnen.\nDas Service-Telefon ist für alle Bürger und Bürgerinnen in Deutschland, die in einer Stadt wohnen.\nDas Service-Telefon ist für alle Bürger und Bürgerinnen in Deutschland, die in einer Stadt wohnen.\nDas Service-Telefon ist für alle Bürger und Bürgerinnen in Deutschland, die in einer Stadt wohnen.\nDas Service-Telefon ist für alle Bürger und Bürgerinnen in Deutschland, die in einer Stadt wohnen.\nDas Service-Telefon ist für alle Bürger und Bürgerinnen in Deutschland, die in einer Stadt wohnen.\nDas Service-Telefon ist für alle Bürger und Bürgerinnen in Deutschland, die in einer Stadt wohnen.\nDas Service-Telefon ist für alle Bürger und Bürgerinnen in Deutschland, die in einer Stadt wohnen.\nDas Service-Telefon ist für alle Bürger und Bürgerinnen in Deutschland, die in einer Stadt wohnen.\nDas Service-Telefon ist für alle Bürger und Bürgerinnen in Deutschland, die in einer Stadt wohnen.\nDas Service-Telefon ist für alle Bürger und Bürgerinnen in Deutschland, die in einer Stadt wohnen.\nDas Service-Telefon ist für alle Bürger und Bürgerinnen in Deutschland, die in einer Stadt wohnen.\nDas Service-Telefon ist für alle Bürger und Bürgerinnen in Deutschland, die in einer Stadt wohnen.\nDas Service-Telefon ist für alle Bürger und Bürgerinnen in Deutschland, die in einer Stadt wohnen.\nDas Service-Telefon ist für alle Bürger und Bürgerinnen in Deutschland, die in einer Stadt wohnen.\nDas Service-Telefon ist für alle Bürger und Bürgerinnen in Deutschland, die in einer Stadt wohnen.\nDas Service-Telefon ist für alle Bürger und Bürgerinnen in Deutschland, die in einer Stadt wohnen.\nDas Service-Telefon ist für alle Bürger und Bürgerinnen in Deutschland, die in einer Stadt wohnen.\nDas Service-Telefon ist für alle Bürger und Bürgerinnen in Deutschland, die in einer Stadt wohnen.\nDas
Benötigte Unterlagen\n* Aktuelles biometrisches Passbild;Was müssen Sie mitbringen?\n* Einen Personal-Ausweis oder Reise-Pass.\n* Wenn Sie keinen Personal-Ausweis oder Reise-Pass haben:\n  Dann müssen Sie einen anderen Ausweis mitbringen.\n  Zum Beispiel:\n  Einen Kinder-Reise-Pass.\n  Oder einen vorläufigen Reise-Pass.\n  Oder einen Ausländer-Ausweis.\n  Oder einen Staaten-Losigkeits-Nachweis.
Benötigte Unterlagen\n* Ausweisdokument (bisheriger Reisepass, Personalausweis, Kinderreisepass - soweit vorhanden, bei Erstbeantragung Geburtsurkunde des Kindes im Original)\n* Bei unter 18-Jährigen: Personalausweis oder Reisepass aller sorgeberechtigten Personen\n* Falls erforderlich: Zustimmungserklärung des abwesenden Elternteils (zum Download erhältlich)\n;Was müssen Sie mitbringen?\n* Ihren alten Reise-Pass.\n* Oder Ihren alten Kinder-Reise-Pass.\n* Oder Ihren alten Personal-Ausweis.\n* Oder Ihren alten Kinder-Ausweis.\n* Wenn Sie unter 18 Jahre alt sind:\n  Den Personal-Ausweis von Ihrem Vater.\n  Oder den Reise-Pass von Ihrem Vater.\n  Oder den Personal-Ausweis von Ihrer Mutter.\n  Oder den Reise-Pass von Ihrer Mutter.\n  Wenn Sie keinen deutschen Personal-Ausweis oder Reise-Pass haben:\n  Dann bringen Sie den Ausweis von Ihrem Vater mit.\n  Oder den Ausweis von Ihrer Mutter.\n  Wenn Sie keinen deutschen Ausweis haben:\n  Dann bringen Sie den Ausweis von Ihrem Vater mit.\n  Oder den Ausweis von Ihrer Mutter.\n  Wenn Sie keinen deutschen Ausweis haben:\n  Dann bringen Sie den Ausweis von Ihrem Vater mit.\n  Oder den Ausweis von Ihrer Mutter.\n  Wenn Sie keinen deutschen Ausweis haben:\n  Dann bringen Sie den Ausweis von Ihrem Vater mit.\n  Oder den Ausweis von Ihrer Mutter.\n  Wenn Sie keinen deutschen Ausweis haben:\n  Dann bringen Sie den Ausweis von Ihrem Vater mit.\n  Oder den Ausweis von Ihrer Mutter.\n  Wenn Sie keinen deutschen Ausweis haben:\n  Dann bringen Sie den Ausweis von Ihrem Vater mit.\n  Oder den Ausweis von Ihrer Mutter.\n  Wenn Sie keinen deutschen Ausweis haben:\n  Dann bringen Sie den Ausweis von Ihrem Vater mit.\n  Oder den Ausweis von Ihrer Mutter.\n  Wenn Sie keinen deutschen Ausweis haben:\n  Dann bringen Sie den Ausweis von Ihrem Vater mit.\n  Oder den Ausweis von Ihrer Mutter.\n  Wenn Sie keinen deutschen Ausweis haben:\n  Dann bringen Sie den Ausweis von Ihrem Vater mit.\n  Oder den Ausweis von Ihrer Mutter.\n  Wenn Sie keinen deutschen Ausweis haben:\n  Dann bringen Sie den Ausweis von Ihrem Vater mit.\n  Oder den Ausweis von Ihrer Mutter.\n  Wenn Sie keinen deutschen Ausweis haben:\n  Dann bringen Sie den Ausweis von Ihrem Vater mit.\n  Oder den Ausweis von Ihrer Mutter.\n  Wenn Sie keinen deutschen Ausweis haben:\n  Dann bringen Sie den Ausweis von Ihrem Vater mit.\n  Oder den Ausweis von Ihrer Mutter.\n  Wenn Sie keinen deutschen Ausweis haben:\n  Dann bringen Sie den Ausweis von Ihrem Vater mit.\n  Oder den Ausweis von Ihrer Mutter.\n  Wenn Sie keinen deutschen Ausweis haben:\n  Dann bringen Sie den Ausweis von Ihrem Vater mit.\n  Oder den Ausweis von Ihrer Mutter.\n  Wenn Sie keinen deutschen Ausweis haben:\n  Dann bringen Sie den Ausweis von Ihrem Vater mit.\n  Oder den Ausweis von Ihrer Mutter.\n  Wenn Sie keinen deutschen Ausweis haben:\n  Dann bringen Sie den Ausweis von Ihrem Vater mit.\n  Oder den Ausweis von Ihrer Mutter.\n  Wenn Sie keinen deutschen Ausweis haben:\n  Dann bringen Sie den Ausweis von Ihrem Vater mit.\n  Oder den Ausweis von Ihrer Mutter.\n  Wenn Sie keinen deutschen Ausweis haben:\n  Dann bringen Sie den Ausweis von Ihrem Vater mit.\n  Oder den Ausweis von Ihrer Mutter.\n  Wenn Sie keinen deutschen Ausweis haben:\n  Dann bringen Sie den Ausweis von Ihrem Vater mit.\n  Oder den Ausweis von Ihrer Mutter.\n  Wenn Sie keinen deutschen Ausweis haben:\n  Dann bringen Sie den Ausweis von Ihrem Vater mit.\n  Oder den Ausweis von Ihrer Mutter.\n  Wenn Sie keinen deutschen Ausweis haben:\n  Dann bringen Sie den Ausweis von Ihrem Vater mit.\n  Oder den Ausweis von Ihrer Mutter.\n  Wenn Sie keinen deutschen Ausweis haben:\n  Dann bringen Sie den Ausweis von Ihrem Vater mit.\n  Oder den Ausweis von Ihrer Mutter.\n  Wenn Sie keinen deutschen Ausweis haben:\n  Dann bringen Sie den Ausweis von Ihrem Vater mit.\n  Oder den Ausweis von Ihrer Mutter.\n  Wenn Sie keinen deutschen Ausweis haben:\n  Dann bringen Sie den Ausweis von Ihrem Vater mit.\n  Oder den Ausweis von Ihrer Mutter.\n  Wenn Sie keinen deutschen Ausweis haben:\n  Dann bringen Sie den Ausweis von Ihrem Vater mit.\n  Oder den Ausweis von Ihrer Mutter.\n  Wenn Sie keinen deutschen Ausweis haben:\n  Dann bringen Sie den Ausweis von Ihrem Vater mit.\n  Oder den Ausweis von Ihrer Mutter.\n  Wenn Sie keinen deutschen Ausweis haben:\n  Dann bringen Sie den Ausweis von Ihrem Vater mit.\n  Oder den Ausweis von Ihrer Mutter.\n  Wenn Sie keinen deutschen Ausweis haben:\n  Dann bringen Sie den Ausweis von Ihrem Vater mit.\n  Oder den Ausweis von Ihrer Mutter.\n  Wenn Sie keinen deutschen Ausweis haben:\n  Dann bringen Sie den Ausweis von Ihrem Vater mit.\n  Oder den Ausweis von Ihrer Mutter.\n  Wenn Sie keinen deutschen Ausweis haben:\n  Dann bringen Sie den Ausweis von Ihrem Vater mit.\n  Oder den Ausweis von Ihrer Mutter.\n  Wenn Sie keinen deutschen Ausweis haben:\n  Dann bringen Sie den Ausweis von Ihrem Vater mit.\n  Oder den Ausweis von Ihrer Mutter.\n  Wenn Sie keinen deutschen Ausweis haben:\n  Dann bringen Sie den Ausweis von Ihrem Vater mit.\n  Oder den Ausweis von Ihrer Mutter.\n  Wenn Sie keinen deutschen Ausweis haben:\n  Dann bringen Sie den Ausweis von Ihrem Vater mit.\n  Oder den Ausweis von Ihrer Mutter.\n  Wenn Sie keinen deutschen Ausweis haben:\n  Dann bringen Sie den Ausweis von Ihrem Vater mit.\n  Oder den Ausweis von Ihrer Mutter.\n  Wenn Sie keinen deutschen Ausweis haben:\n  Dann bringen Sie den Ausweis von Ihrem Vater mit.\n  Oder den Ausweis von Ihrer Mutter.\n  Wenn Sie keinen deutschen Ausweis haben:\n  Dann bringen Sie den Ausweis von Ihrem Vater mit.\n  Oder den Ausweis von Ihrer Mutter.\n  Wenn Sie keinen deutschen Ausweis haben:\n  Dann bringen Sie den Ausweis von Ihrem Vater mit.\n  Oder den Ausweis von Ihrer Mutter.\n  Wenn Sie keinen deutschen Ausweis haben:\n  Dann bringen Sie den Ausweis von Ihrem Vater mit.\n  Oder den Ausweis von Ihrer Mutter.\n  Wenn Sie keinen deutschen Ausweis haben:\n  Dann bringen Sie den Ausweis von Ihrem Vater mit.\n  Oder den Ausweis von Ihrer Mutter.\n  Wenn Sie keinen deutschen Ausweis haben:\n  Dann bringen Sie den Ausweis von Ihrem Vater mit.\n  Oder den Ausweis von Ihrer Mutter.\n  Wenn Sie keinen deutschen Ausweis haben:\n  Dann bringen Sie den Ausweis von Ihrem Vater mit.\n  Oder den Ausweis von Ihrer Mutter.\n  Wenn Sie keinen deutschen Ausweis haben:\n  Dann bringen Sie den Ausweis von Ihrem Vater mit.\n  Oder den Ausweis von Ihrer Mutter.\n  Wenn Sie keinen deutschen Ausweis haben:\n  Dann bringen Sie den Ausweis von Ihrem Vater mit.\n  Oder den Ausweis von Ihrer Mutter.\n  Wenn Sie keinen deutschen Ausweis haben:\n  Dann bringen Sie den Ausweis von Ihrem Vater mit.\n  Oder den Ausweis von Ihrer Mutter.\n  Wenn Sie keinen deutschen Ausweis haben:\n  Dann bringen Sie den Ausweis von Ihrem Vater mit.\n  Oder den Ausweis von Ihrer Mutter.\n  Wenn Sie keinen deutschen Ausweis haben:\n  Dann bringen Sie den Ausweis von Ihrem Vater mit.\n  Oder den Ausweis von Ihrer Mutter.\n  Wenn Sie keinen deutschen Ausweis haben:\n  Dann bringen Sie den Ausweis von Ihrem Vater mit.\n  Oder den Ausweis von Ihrer Mutter.\n  Wenn Sie keinen deutschen Ausweis haben:\n  Dann bringen Sie den Ausweis von Ihrem Vater mit.\n  Oder den Ausweis von Ihrer Mutter.\n  Wenn Sie keinen deutschen Ausweis haben:\n  Dann bringen Sie den Ausweis von Ihrem Vater mit.\n  Oder den Ausweis von Ihrer Mutter.\n  Wenn Sie keinen deutschen Ausweis haben:\n  Dann bringen Sie den Ausweis von Ihrem Vater mit.\n  Oder den Ausweis von Ihrer Mutter.\n  Wenn Sie keinen deutschen Ausweis haben:\n  Dann bringen Sie den Ausweis von Ihrem Vater mit.\n  Oder den Ausweis von Ihrer Mutter.\n  Wenn Sie keinen deutschen Ausweis haben:\n  Dann bringen Sie den Ausweis von Ihrem Vater mit.\n  Oder den Ausweis von Ihrer Mutter.\n  Wenn Sie keinen deutschen Ausweis haben:\n  Dann bringen Sie den Ausweis von Ihrem Vater mit.\n  Oder den Ausweis von Ihrer Mutter.\n  Wenn Sie keinen deutschen Ausweis haben:\n  Dann bringen Sie den Ausweis von Ihrem Vater mit.\n  Oder den Ausweis von Ihrer Mutter.\n  Wenn Sie keinen deutschen Ausweis haben:\n  Dann bringen Sie den Ausweis von Ihrem Vater mit.\n  Oder den Ausweis von Ihrer Mutter.\n  Wenn Sie keinen deutschen Ausweis haben:\n  Dann bringen Sie den Ausweis von Ihrem Vater mit.\n  Oder den Ausweis von Ihrer Mutter.\n  Wenn Sie keinen deutschen Ausweis haben:\n  Dann bringen Sie den Ausweis von Ihrem Vater mit.\n  Oder den Ausweis von Ihrer Mutter.\n  Wenn Sie keinen deutschen Ausweis haben:\n  Dann bringen Sie den Ausweis von Ihrem Vater mit.\n  Oder den Ausweis von Ihrer Mutter.\n  Wenn Sie keinen deutschen Ausweis haben:\n  Dann bringen Sie den Ausweis von Ihrem Vater mit.\n  Oder den Ausweis von Ihrer Mutter.\n  Wenn Sie keinen deutschen Ausweis haben:\n  Dann bringen Sie den Ausweis von Ihrem Vater mit.\n  Oder den Ausweis von Ihrer Mutter.\n  Wenn Sie keinen deutschen Ausweis haben:\n  Dann bringen Sie den Ausweis von Ihrem Vater mit.\n  Oder den Ausweis von Ihrer Mutter.\n  Wenn Sie keinen deutschen Ausweis haben:\n  Dann bringen Sie den Ausweis von Ihrem Vater mit.\n  Oder den Ausweis von Ihrer Mutter.\n  Wenn Sie keinen deutschen Ausweis haben:\n  Dann bringen Sie den Ausweis von Ihrem Vater mit.\n  Oder den Ausweis von Ihrer Mutter.\n  Wenn Sie keinen deutschen Ausweis haben:\n  Dann bringen Sie den Ausweis von Ihrem Vater mit.\n  Oder den Ausweis von Ihrer Mutter.\n  Wenn Sie keinen deutschen Ausweis haben:\n  Dann bringen Sie den Ausweis von Ihrem Vater mit.\n  Oder den Ausweis von Ihrer Mutter.\n  Wenn Sie keinen deutschen Ausweis haben:\n  Dann bringen Sie den Ausweis von Ihrem Vater mit.\n  Oder den Ausweis von Ihrer Mutter.\n  Wenn Sie keinen deutschen Ausweis haben:\n  Dann bringen Sie den Ausweis von Ihrem Vater mit.\n  Oder den Ausweis von Ihrer Mutter.\n  Wenn Sie keinen deutschen Ausweis haben:\n  Dann bringen Sie den Ausweis von Ihrem Vater mit.\n  Oder den Ausweis von Ihrer Mutter.\n  Wenn Sie keinen deutschen Ausweis haben:\n  Dann bringen Sie den Ausweis von Ihrem Vater mit.\n  Oder den Ausweis von Ihrer Mutter.\n  Wenn Sie keinen deutschen Ausweis haben:\n  Dann bringen Sie den Ausweis von Ihrem Vater mit.\n  Oder den Ausweis von Ihrer Mutter.\n  Wenn Sie keinen deutschen Ausweis haben:\n  Dann bringen Sie den Ausweis von Ihrem Vater mit.\n  Oder den Ausweis von Ihrer Mutter.\n  Wenn Sie keinen deutschen Ausweis haben:\n  Dann bringen Sie den Ausweis von Ihrem Vater mit.\n  Oder den Ausweis von Ihrer Mutter.\n  Wenn Sie keinen deutschen Ausweis haben:\n  Dann bringen Sie den Ausweis von Ihrem Vater mit.\n  Oder den Ausweis von Ihrer Mutter.\n  Wenn Sie keinen deutschen Ausweis haben:\n  Dann bringen Sie den Ausweis von Ihrem Vater mit.\n  Oder den Ausweis von Ihrer Mutter.\n  Wenn Sie keinen deutschen Ausweis haben:\n  Dann bringen Sie den Ausweis von Ihrem Vater mit.\n  Oder den Ausweis von Ihrer Mutter.\n  Wenn Sie keinen deutschen Ausweis haben:\n  Dann bringen Sie den Ausweis von Ihrem Vater mit.\n  Oder den Ausweis von Ihrer Mutter.\n  Wenn Sie keinen deutschen Ausweis haben:\n  Dann bringen Sie den Ausweis von Ihrem Vater mit.\n  Oder den Ausweis von Ihrer Mutter.\n  Wenn Sie keinen deutschen Ausweis haben:\n  Dann bringen Sie den Ausweis von Ihrem Vater mit.\n  Oder den Ausweis von Ihrer Mutter.\n  Wenn Sie keinen deutschen Ausweis haben:\n  Dann bringen Sie den Ausweis von Ihrem Vater mit.\n  Oder den Ausweis von Ihrer Mutter.\n  Wenn Sie keinen deutschen Ausweis haben:\n  Dann bringen Sie den Ausweis von Ihrem Vater mit.\n  Oder den Ausweis von Ihrer Mutter.\n  Wenn Sie keinen deutschen Ausweis haben:\n  Dann bringen Sie den Ausweis von Ihrem Vater mit.\n  Oder den Ausweis von Ihrer Mutter.\n  Wenn Sie keinen deutschen Ausweis haben:\n  Dann bringen Sie den Ausweis von Ihrem Vater mit.\n  Oder den Ausweis von Ihrer Mutter.\n  Wenn Sie keinen deutschen Ausweis haben:\n  Dann bringen Sie den Ausweis von Ihrem Vater mit.\n  Oder den Ausweis von Ihrer Mutter.\n  Wenn Sie keinen deutschen Ausweis haben:\n  Dann bringen Sie den Ausweis von Ihrem Vater mit.\n  Oder den Ausweis von Ihrer Mutter.\n  Wenn Sie keinen deutschen Ausweis haben:\n  Dann bringen Sie den Ausweis von Ihrem Vater mit.\n  Oder den Ausweis von Ihrer Mutter.\n  Wenn Sie keinen deutschen Ausweis haben:\n  Dann bringen Sie den Ausweis von Ihrem Vater mit.\n  Oder den Ausweis von Ihrer Mutter.\n  Wenn Sie keinen deutschen Ausweis haben:\n  Dann bringen Sie den Ausweis von Ihrem Vater mit.\n  Oder den Ausweis von Ihrer Mutter.\n  Wenn Sie keinen deutschen Ausweis haben:\n  Dann bringen Sie den Ausweis von Ihrem Vater mit.\n  Oder den Ausweis von Ihrer Mutter.\n  Wenn Sie keinen deutschen Ausweis haben:\n  Dann bringen Sie den Ausweis von Ihrem Vater mit.\n  Oder den Ausweis von Ihrer Mutter.\n  Wenn Sie keinen deutschen Ausweis haben:\n  Dann bringen Sie den Ausweis von Ihrem Vater mit.\n  Oder den Ausweis von Ihrer Mutter.\n  Wenn Sie keinen deutschen Ausweis haben:\n  Dann bringen Sie den Ausweis von Ihrem Vater mit.\n  Oder den Ausweis von Ihrer Mutter.\n  Wenn Sie keinen deutschen Ausweis haben:\n  Dann bringen Sie den Ausweis von Ihrem Vater mit.\n  Oder den Ausweis von Ihrer Mutter.\n  Wenn Sie keinen deutschen Ausweis haben:\n  Dann bringen Sie den Ausweis von Ihrem Vater mit.\n  Oder den Ausweis von Ihrer Mutter.\n  Wenn Sie keinen deutschen Ausweis haben:\n  Dann bringen Sie den Ausweis von Ihrem Vater mit.\n  Oder den Ausweis von Ihrer Mutter.\n  Wenn Sie keinen deutschen Ausweis haben:\n  Dann bringen Sie den Ausweis von Ihrem Vater mit.\n  Oder den Ausweis von Ihrer Mutter.\n  Wenn Sie keinen deutschen Ausweis haben:\n  Dann bringen Sie den Ausweis von Ihrem Vater mit.\n  Oder den Ausweis von Ihrer Mutter.\n  Wenn Sie keinen deutschen Ausweis haben:\n  Dann bringen Sie den Ausweis von Ihrem Vater mit.\n  Oder den Ausweis von Ihrer Mutter.\n  Wenn Sie keinen deutschen Ausweis haben:\n  Dann bringen Sie den Ausweis von Ihrem Vater mit.\n  Oder den Ausweis von Ihrer Mutter.\n  Wenn Sie keinen deutschen Ausweis haben:\n  Dann bringen Sie den Ausweis von Ihrem Vater mit.\n  Oder den Ausweis von Ihrer Mutter.\n  Wenn Sie keinen deutschen Ausweis haben:\n  Dann bringen Sie den Ausweis von Ihrem Vater mit.\n  Oder den Ausweis von Ihrer Mutter.\n  Wenn Sie keinen deutschen Ausweis haben:\n  Dann bringen Sie den Ausweis von Ihrem Vater mit.\n  Oder den Ausweis von Ihrer Mutter.\n  Wenn Sie keinen deutschen Ausweis haben:\n  Dann bringen Sie den Ausweis von Ihrem Vater mit.\n  Oder den Ausweis von Ihrer Mutter.\n  Wenn Sie keinen deutschen Ausweis haben:\n  Dann bringen Sie den Ausweis von Ihrem Vater mit.\n  Oder den Ausweis von Ihrer Mutter.\n  Wenn Sie keinen deutschen Ausweis haben:\n  Dann bringen Sie den Ausweis von Ihrem Vater mit.\n  Oder den Ausweis von Ihrer Mutter.\n  Wenn Sie keinen deutschen Ausweis haben:\n  Dann bringen Sie den Ausweis von Ihrem Vater mit.\n  Oder den Ausweis von Ihrer Mutter.\n  Wenn Sie keinen deutschen Ausweis haben:\n  Dann bringen Sie den Ausweis von Ihrem Vater mit.\n  Oder den Ausweis von Ihrer Mutter.\n  Wenn Sie keinen deutschen Ausweis haben:\n  Dann bringen Sie den Ausweis von Ihrem Vater mit.\n  Oder den Ausweis von Ihrer Mutter.\n  Wenn Sie keinen deutschen Ausweis haben:\n  Dann bringen Sie den Ausweis von Ihrem Vater mit.\n  Oder den Ausweis von Ihrer Mutter.\n  Wenn Sie keinen deutschen Ausweis haben:\n  Dann bringen Sie den Ausweis von Ihrem Vater mit.\n  Oder den Ausweis von Ihrer Mutter.\n  Wenn Sie keinen deutschen Ausweis haben:\n  Dann bringen Sie den Ausweis von Ihrem Vater mit.\n  Oder den Ausweis von Ihrer Mutter.\n  Wenn Sie keinen deutschen Ausweis haben:\n  Dann bringen Sie den Ausweis von Ihrem Vater mit.\n  Oder den Ausweis von Ihrer Mutter.\n  Wenn Sie keinen deutschen Ausweis haben:\n  Dann bringen Sie den Ausweis von Ihrem Vater mit.\n  Oder den Ausweis von Ihrer Mutter.\n  Wenn Sie keinen deutschen Ausweis haben:\n  Dann bringen Sie den Ausweis von Ihrem Vater mit.\n  Oder den Ausweis von Ihrer Mutter.\n  Wenn Sie keinen deutschen Ausweis haben:\n  Dann bringen Sie den Ausweis von Ihrem Vater mit.\n  Oder den Ausweis von Ihrer Mutter.\n  Wenn Sie keinen deutschen Ausweis haben:\n  Dann bringen Sie den Ausweis von Ihrem Vater mit.\n  Oder den Ausweis von Ihrer Mutter.\n  Wenn Sie keinen deutschen Ausweis haben:\n  Dann bringen Sie den Ausweis von Ihrem Vater mit.\n  Oder den Ausweis von Ihrer Mutter.\n  Wenn Sie keinen deutschen Ausweis haben:\n  Dann bringen Sie den Ausweis von Ihrem Vater mit.\n  Oder den Ausweis von Ihrer Mutter.\n  Wenn Sie keinen deutschen Ausweis haben:\n  Dann bringen Sie den Ausweis von Ihrem Vater mit.\n  Oder den Ausweis von Ihrer Mutter.\n  Wenn Sie keinen deutschen Ausweis haben:\n  Dann bringen Sie den Ausweis von Ihrem Vater mit.\n  Oder den Ausweis von Ihrer Mutter.\n  Wenn Sie keinen deutschen Ausweis haben:\n  Dann bringen Sie den Ausweis von Ihrem Vater mit.\n  Oder den Ausweis von Ihrer Mutter.\n  Wenn Sie keinen deutschen Ausweis haben:\n  Dann bringen Sie den Ausweis von Ihrem V
Hinweise zur Abholung:\n* Sie können online den Bearbeitungsstand Ihres Reisepasses abfragen.;Hinweise zur Abholung:\nSie können online den Bearbeitungs-Stand von Ihrem Reise-Pass nachsehen.\nGeben Sie dazu die Nummer von Ihrem Abhol-Schein ein.\nDie Nummer steht auf dem Abhol-Schein.\nUnd geben Sie Ihr Geburts-Datum ein.
Hinweise zur Abholung:\n*  Für die Abholung benötigen Sie einen vorab gebuchten Termin.\n* Abholen können Sie den Pass persönlich oder ein Bevollmächtigter, dem Sie eine schriftliche Vollmacht mitgeben (zum Download erhältlich). Eltern von minderjährigen Kindern brauchen keine Vollmacht, um deren Pass abzuholen. Minderjährige können ihren Pass nicht selbst, sondern nur zusammen mit einem Sorgeberechtigten, abholen.;Hinweise zur Abholung:\nSie brauchen einen Termin.\nSie können den Termin im Internet machen.\nOder Sie rufen an.\nDie Telefon-Nummer ist:\n089 233-96 000.\nSie können den Personal-Ausweis auch abholen.\nSie können das nur in der Ausweis-Stelle.\nSie müssen den Personal-Ausweis selber abholen.\nOder Sie schicken eine andere Person.\nDas nennt man eine Bevollmächtigte.\nDie Bevollmächtigte muss voll-jährig sein.\nVoll-jährig bedeutet:\nDie Person ist schon 18 Jahre alt.\nDie Bevollmächtigte muss einen Termin machen.\nDie Bevollmächtigte muss einen eigenen Ausweis mitbringen.\nUnd die Bevollmächtigte muss eine Vollmacht mitbringen.\nDie Vollmacht muss von Ihnen sein.\nIn der Vollmacht muss stehen:\nDie Bevollmächtigte darf den Personal-Ausweis abholen.\nDie Bevollmächtigte muss Ihren Namen schreiben.\nUnd Ihren Geburts-Tag.\nUnd die Bevollmächtigte muss ihren eigenen Namen schreiben.\nUnd ihren eigenen Geburts-Tag.\nDie Bevollmächtigte muss die Vollmacht unterschreiben.\nDie Bevollmächtigte muss eine Kopie von Ihrem Ausweis mitbringen.\nUnd die Bevollmächtigte muss eine Kopie von ihrem eigenen Ausweis mitbringen.\nSie können die Vollmacht hier ausdrucken.\nDrucken Sie die Vollmacht aus.\nFüllen Sie die Vollmacht aus.\nGeben Sie die Vollmacht der Bevollmächtigten.\nDie Bevollmächtigte muss die Vollmacht mitbringen.\nDie Bevollmächtigte muss die Kopien mitbringen.\nDie Bevollmächtigte muss die Originale mitbringen.\nDie Bevollmächtigte muss die Ausweis-Stelle finden.\nDie Bevollmächtigte muss die Ausweis-Stelle bezahlen.\nDie Bevollmächtigte muss den Personal-Ausweis mitbringen.\nDie Bevollmächtigte muss das alles mitbringen.\nDie Bevollmächtigte muss das alles machen.\nSie können das nicht selber machen.\nSie können das nur mit einer Bevollmächtigten machen.\nSie können das nur mit einem Bevollmächtigten machen.
Gebührenrahmen\n* Unter 24 Jahren: 37,50 Euro\n* Über 24 Jahren: 60 Euro\n* Vielreisende (Reisepass mit 48 Seiten): Gebühr plus 22 Euro Aufpreis\n* Express-Bestellung: Gebühr plus 32 Euro Aufpreis\n* Vorläufiger Reisepass: 26 Euro;Was kostet der Personal-Ausweis?\n* Für Kinder und Jugendliche unter 24 Jahren:\n  37,50 Euro\n* Für Erwachsene ab 24 Jahren:\n  60 Euro\n* Wenn Sie oft verreisen:\n  Dann können Sie einen Personal-Ausweis mit 48 Seiten bekommen.\n  Das kostet 22 Euro mehr.\n* Wenn Sie den Personal-Ausweis schnell brauchen:\n  Dann können Sie das beantragen.\n  Das nennt man Express-Bearbeitung.\n  Das kostet 32 Euro mehr.\n* Wenn Sie einen vorläufigen Personal-Ausweis brauchen:\n  Das kostet 26 Euro.
Sollten Sie den Reisepass dringend benötigen und sollte sogar die Express-Bestellung zu lange dauern, können Sie einen vorläufigen Reisepass beantragen, den Sie sofort mitnehmen können. Bitte bringen Sie dazu ein zusätzliches biometrisches Passbild mit. Der vorläufige Reisepass ist ein Jahr gültig, wird jedoch nicht von allen Ländern (zum Beispiel USA) akzeptiert.;Sie können einen vorläufigen Reise-Pass beantragen.\nDen vorläufigen Reise-Pass bekommen Sie sofort.\nSie müssen den vorläufigen Reise-Pass aber extra beantragen.\nUnd Sie müssen extra bezahlen.\nDer vorläufige Reise-Pass ist nur 1 Jahr lang gültig.\nDer vorläufige Reise-Pass wird nicht von allen Ländern anerkannt.\nZum Beispiel von den USA.
Ja, für Kinder kann auch ein Reisepass beantragt werden. Bei Reisen in einige Länder ist ein Reisepass sogar vorgeschrieben. Es kann aber nur entweder ein Reisepass oder ein Kinderreisepass ausgestellt werden.\nVorteil Reisepass: Er ist in allen Ländern gültig.\nVorteil Kinderreisepass: Er kostet nur 13 Euro.;Kinder-Reise-Pass\nDer Kinder-Reise-Pass ist ein Reise-Dokument.\nDas Reise-Dokument ist für Kinder.\nDas Reise-Dokument ist für Reisen ins Ausland.\nDas Reise-Dokument ist nur in manchen Ländern gültig.\nDas Reise-Dokument ist nicht in allen Ländern gültig.\nDas Reise-Dokument kostet 13 Euro.\nDas Reise-Dokument ist 6 Jahre gültig.\nDas Reise-Dokument kann nicht verlängert werden.\nDas Reise-Dokument kann nicht geändert werden.\nDas Reise-Dokument kann nicht in einen Personal-Ausweis umgetauscht werden.\nDas Reise-Dokument kann nicht in einen Reise-Pass umgetauscht werden.\nDas Reise-Dokument kann nur für Kinder ausgestellt werden.\nDie Kinder müssen in München wohnen.\nDie Kinder müssen in München gemeldet sein.\nDie Kinder müssen deutscher Staats-Bürger sein.\nDie Kinder müssen deutsche Staats-Bürgerin sein.\nDie Kinder müssen ein Eltern-Teil haben.\nDas Eltern-Teil muss mit zur Antrag-Stelle kommen.\nDas Eltern-Teil muss den Personal-Ausweis mitbringen.\nDas Eltern-Teil muss den Reise-Pass mitbringen.\nDas Eltern-Teil muss den Kinder-Reise-Pass mitbringen.\nDas Eltern-Teil muss mit dem Kind zur Antrag-Stelle kommen.\nDas Eltern-Teil muss das Kind mitbringen.\nDas Eltern-Teil muss das Sorgerechts-Urteil mitbringen.\nDas Eltern-Teil muss das Sorgerechts-Urteil mitbringen.\nDas Eltern-Teil muss das Sorgerechts-Urteil mitbringen.\nDas Eltern-Teil muss das Sorgerechts-Urteil mitbringen.\nDas Eltern-Teil muss das Sorgerechts-Urteil mitbringen.\nDas Eltern-Teil muss das Sorgerechts-Urteil mitbringen.\nDas Eltern-Teil muss das Sorgerechts-Urteil mitbringen.\nDas Eltern-Teil muss das Sorgerechts-Urteil mitbringen.\nDas Eltern-Teil muss das Sorgerechts-Urteil mitbringen.\nDas Eltern-Teil muss das Sorgerechts-Urteil mitbringen.\nDas Eltern-Teil muss das Sorgerechts-Urteil mitbringen.\nDas Eltern-Teil muss das Sorgerechts-Urteil mitbringen.\nDas Eltern-Teil muss das Sorgerechts-Urteil mitbringen.\nDas Eltern-Teil muss das Sorgerechts-Urteil mitbringen.\nDas Eltern-Teil muss das Sorgerechts-Urteil mitbringen.\nDas Eltern-Teil muss das Sorgerechts-Urteil mitbringen.\nDas Eltern-Teil muss das Sorgerechts-Urteil mitbringen.\nDas Eltern-Teil muss das Sorgerechts-Urteil mitbringen.\nDas Eltern-Teil muss das Sorgerechts-Urteil mitbringen.\nDas Eltern-Teil muss das Sorgerechts-Urteil mitbringen.\nDas Eltern-Teil muss das Sorgerechts-Urteil mitbringen.\nDas Eltern-Teil muss das Sorgerechts-Urteil mitbringen.\nDas Eltern-Teil muss das Sorgerechts-Urteil mitbringen.\nDas Eltern-Teil muss das Sorgerechts-Urteil mitbringen.\nDas Eltern-Teil muss das Sorgerechts-Urteil mitbringen.\nDas Eltern-Teil muss das Sorgerechts-Urteil mitbringen.\nDas Eltern-Teil muss das Sorgerechts-Urteil mitbringen.\nDas Eltern-Teil muss das Sorgerechts-Urteil mitbringen.\nDas Eltern-Teil muss das Sorgerechts-Urteil mitbringen.\nDas Eltern-Teil muss das Sorgerechts-Urteil mitbringen.\nDas Eltern-Teil muss das Sorgerechts-Urteil mitbringen.\nDas Eltern-Teil muss das Sorgerechts-Urteil mitbringen.\nDas Eltern-Teil muss das Sorgerechts-Urteil mitbringen.\nDas Eltern-Teil muss das Sorgerechts-Urteil mitbringen.\nDas Eltern-Teil muss das Sorgerechts-Urteil mitbringen.\nDas Eltern-Teil muss das Sorgerechts-Urteil mitbringen.\nDas Eltern-Teil muss das Sorgerechts-Urteil mitbringen.\nDas Eltern-Teil muss das Sorgerechts-Urteil mitbringen.\nDas Eltern-Teil muss das Sorgerechts-Urteil mitbringen.\nDas Eltern-Teil muss das Sorgerechts-Urteil mitbringen.\nDas Eltern-Teil muss das Sorgerechts-Urteil mitbringen.\nDas Eltern-Teil muss das Sorgerechts-Urteil mitbringen.\nDas Eltern-Teil muss das Sorgerechts-Urteil mitbringen.\nDas Eltern-Teil muss das Sorgerechts-Urteil mitbringen.\nDas Eltern-Teil muss das Sorgerechts-Urteil mitbringen.\nDas Eltern-Teil muss das Sorgerechts-Urteil mitbringen.\nDas Eltern-Teil muss das Sorgerechts-Urteil mitbringen.\nDas Eltern-Teil muss das Sorgerechts-Urteil mitbringen.\nDas Eltern-Teil muss das Sorgerechts-Urteil mitbringen.\nDas Eltern-Teil muss das Sorgerechts-Urteil mitbringen.\nDas Eltern-Teil muss das Sorgerechts-Urteil mitbringen.\nDas Eltern-Teil muss das Sorgerechts-Urteil mitbringen.\nDas Eltern-Teil muss das Sorgerechts-Urteil mitbringen.\nDas Eltern-Teil muss das Sorgerechts-Urteil mitbringen.\nDas Eltern-Teil muss das Sorgerechts-Urteil mitbringen.\nDas Eltern-Teil muss das Sorgerechts-Urteil mitbringen.\nDas Eltern-Teil muss das Sorgerechts-Urteil mitbringen.\nDas Eltern-Teil muss das Sorgerechts-Urteil mitbringen.\nDas Eltern-Teil muss das Sorgerechts-Urteil mitbringen.\nDas Eltern-Teil muss das Sorgerechts-Urteil mitbringen.\nDas Eltern-Teil muss das Sorgerechts-Urteil mitbringen.\nDas Eltern-Teil muss das Sorgerechts-Urteil mitbringen.\nDas Eltern-Teil muss das Sorgerechts-Urteil mitbringen.\nDas Eltern-Teil muss das Sorgerechts-Urteil mitbringen.\nDas Eltern-Teil muss das Sorgerechts-Urteil mitbringen.\nDas Eltern-Teil muss das Sorgerechts-Urteil mitbringen.\nDas Eltern-Teil muss das Sorgerechts-Urteil mitbringen.\nDas Eltern-Teil muss das Sorgerechts-Urteil mitbringen.\nDas Eltern-Teil muss das Sorgerechts-Urteil mitbringen.\nDas Eltern-Teil muss das Sorgerechts-Urteil mitbringen.\nDas Eltern-Teil muss das Sorgerechts-Urteil mitbringen.\nDas Eltern-Teil muss das Sorgerechts-Urteil mitbringen.\nDas Eltern-Teil muss das Sorgerechts-Urteil mitbringen.\nDas Eltern-Teil muss das Sorgerechts-Urteil mitbringen.\nDas Eltern-Teil muss das Sorgerechts-Urteil mitbringen.\nDas Eltern-Teil muss das Sorgerechts-Urteil mitbringen.\nDas Eltern-Teil muss das Sorgerechts-Urteil mitbringen.\nDas Eltern-Teil muss das Sorgerechts-Urteil mitbringen.\nDas Eltern-Teil muss das Sorgerechts-Urteil mitbringen.\nDas Eltern-Teil muss das Sorgerechts-Urteil mitbringen.\nDas Eltern-Teil muss das Sorgerechts-Urteil mitbringen.\nDas Eltern-Teil muss das Sorgerechts-Urteil mitbringen.\nDas Eltern-Teil muss das Sorgerechts-Urteil mitbringen.\nDas Eltern-Teil muss das Sorgerechts-Urteil mitbringen.\nDas Eltern-Teil muss das Sorgerechts-Urteil mitbringen.\nDas Eltern-Teil muss das Sorgerechts-Urteil mitbringen.\nDas Eltern-Teil muss das Sorgerechts-Urteil mitbringen.\nDas Eltern-Teil muss das Sorgerechts-Urteil mitbringen.\nDas Eltern-Teil muss das Sorgerechts-Urteil mitbringen.\nDas Eltern-Teil muss das Sorgerechts-Urteil mitbringen.\nDas Eltern-Teil muss das Sorgerechts-Urteil mitbringen.\nDas Eltern-Teil muss das Sorgerechts-Urteil mitbringen.\nDas Eltern-Teil muss das Sorgerechts-Urteil mitbringen.\nDas Eltern-Teil muss das Sorgerechts-Urteil mitbringen.\nDas Eltern-Teil muss das Sorgerechts-Urteil mitbringen.\nDas Eltern-Teil muss das Sorgerechts-Urteil mitbringen.\nDas Eltern-Teil muss das Sorgerechts-Urteil mitbringen.\nDas Eltern-Teil muss das Sorgerechts-Urteil mitbringen.\nDas Eltern-Teil muss das Sorgerechts-Urteil mitbringen.\nDas Eltern-Teil muss das Sorgerechts-Urteil mitbringen.\nDas Eltern-Teil muss das Sorgerechts-Urteil mitbringen.\nDas Eltern-Teil muss das Sorgerechts-Urteil mitbringen.\nDas Eltern-Teil muss das Sorgerechts-Urteil mitbringen.\nDas Eltern-Teil muss das Sorgerechts-Urteil mitbringen.\nDas Eltern-Teil muss das Sorgerechts-Urteil mitbringen.\nDas Eltern-Teil muss das Sorgerechts-Urteil mitbringen.\nDas Eltern-Teil muss das Sorgerechts-Urteil mitbringen.\nDas Eltern-Teil muss das Sorgerechts-Urteil mitbringen.\nDas Eltern-Teil muss das Sorgerechts-Urteil mitbringen.\nDas Eltern-Teil muss das Sorgerechts-Urteil mitbringen.\nDas Eltern-Teil muss das Sorgerechts-Urteil mitbringen.\nDas Eltern-Teil muss das Sorgerechts-Urteil mitbringen.\nDas Eltern-Teil muss das Sorgerechts-Urteil mitbringen.\nDas Eltern-Teil muss das Sorgerechts-Urteil mitbringen.\nDas Eltern-Teil muss das Sorgerechts-Urteil mitbringen.\nDas Eltern-Teil muss das Sorgerechts-Urteil mitbringen.\nDas Eltern-Teil muss das Sorgerechts-Urteil mitbringen.\nDas Eltern-Teil muss das Sorgerechts-Urteil mitbringen.\nDas Eltern-Teil muss das Sorgerechts-Urteil mitbringen.\nDas Eltern-Teil muss das Sorgerechts-Urteil mitbringen.\nDas Eltern-Teil muss das Sorgerechts-Urteil mitbringen.\nDas Eltern-Teil muss das Sorgerechts-Urteil mitbringen.\nDas Eltern-Teil muss das Sorgerechts-Urteil mitbringen.\nDas Eltern-Teil muss das Sorgerechts-Urteil mitbringen.\nDas Eltern-Teil muss das Sorgerechts-Urteil mitbringen.\nDas Eltern-Teil muss das Sorgerechts-Urteil mitbringen.\nDas Eltern-Teil muss das Sorgerechts-Urteil mitbringen.\nDas Eltern-Teil muss das Sorgerechts-Urteil mitbringen.\nDas Eltern-Teil muss das Sorgerechts-Urteil mitbringen.\nDas Eltern-Teil muss das Sorgerechts-Urteil mitbringen.\nDas Eltern-Teil muss das Sorgerechts-Urteil mitbringen.\nDas Eltern-Teil muss das Sorgerechts-Urteil mitbringen.\nDas Eltern-Teil muss das Sorgerechts-Urteil mitbringen.\nDas Eltern-Teil muss das Sorgerechts-Urteil mitbringen.\nDas Eltern-Teil muss das Sorgerechts-Urteil mitbringen.\nDas Eltern-Teil muss das Sorgerechts-Urteil mitbringen.\nDas Eltern-Teil muss das Sorgerechts-Urteil mitbringen.\nDas Eltern-Teil muss das Sorgerechts-Urteil mitbringen.\nDas Eltern-Teil muss das Sorgerechts-Urteil mitbringen.\nDas Eltern-Teil muss das Sorgerechts-Urteil mitbringen.\nDas Eltern-Teil muss das Sorgerechts-Urteil mitbringen.\nDas Eltern-Teil muss das Sorgerechts-Urteil mitbringen.\nDas Eltern-Teil muss das Sorgerechts-Urteil mitbringen.\nDas Eltern-Teil muss das Sorgerechts-Urteil mitbringen.\nDas Eltern-Teil muss das Sorgerechts-Urteil mitbringen.\nDas Eltern-Teil muss das Sorgerechts-Urteil mitbringen.\nDas Eltern-Teil muss das Sorgerechts-Urteil mitbringen.\nDas Eltern-Teil muss das Sorgerechts-Urteil mitbringen.\nDas Eltern-Teil muss das Sorgerechts-Urteil mitbringen.\nDas Eltern-Teil muss das Sorgerechts-Urteil mitbringen.\nDas Eltern-Teil muss das Sorgerechts-Urteil mitbringen.\nDas Eltern-Teil muss das Sorgerechts-Urteil mitbringen.\nDas Eltern-Teil muss das Sorgerechts-Urteil mitbringen.\nDas Eltern-Teil muss das Sorgerechts-Urteil mitbringen.\nDas Eltern-Teil muss das Sorgerechts-Urteil mitbringen.\nDas Eltern-Teil muss das Sorgerechts-Urteil mitbringen.\nDas Eltern-Teil muss das Sorgerechts-Urteil mitbringen.\nDas Eltern-Teil muss das Sorgerechts-Urteil mitbringen.\nDas Eltern-Teil muss das Sorgerechts-Urteil mitbringen.\nDas Eltern-Teil muss das Sorgerechts-Urteil mitbringen.\nDas Eltern-Teil muss das Sorgerechts-Urteil mitbringen.\nDas Eltern-Teil muss das Sorgerechts-Urteil mitbringen.\nDas Eltern-Teil muss das Sorgerechts-Urteil mitbringen.\nDas Eltern-Teil muss das Sorgerechts-Urteil mitbringen.\nDas Eltern-Teil muss das Sorgerechts-Urteil mitbringen.\nDas Eltern-Teil muss das Sorgerechts-Urteil mitbringen.\nDas Eltern-Teil muss das Sorgerechts-Urteil mitbringen.\nDas Eltern-Teil muss das Sorgerechts-Urteil mitbringen.\nDas Eltern-Teil muss das Sorgerechts-Urteil mitbringen.\nDas Eltern-Teil muss das Sorgerechts-Urteil mitbringen.\nDas Eltern-Teil muss das Sorgerechts-Urteil mitbringen.\nDas Eltern-Teil muss das Sorgerechts-Urteil mitbringen.\nDas Eltern-Teil muss das Sorgerechts-Urteil mitbringen.\nDas Eltern-Teil muss das Sorgerechts-Urteil mitbringen.\nDas Eltern-Teil muss das Sorgerechts-Urteil mitbringen.\nDas Eltern-Teil muss das Sorgerechts-Urteil mitbringen.\nDas Eltern-Teil muss das Sorgerechts-Urteil mitbringen.\nDas Eltern-Teil muss das Sorgerechts-Urteil mitbringen.\nDas Eltern-Teil muss das Sorgerechts-Urteil mitbringen.\nDas Eltern-Teil muss das Sorgerechts-Urteil mitbringen.\nDas Eltern-Teil muss das Sorgerechts-Urteil mitbringen.\nDas Eltern-Teil muss das Sorgerechts-Urteil mitbringen.\nDas Eltern-Teil muss das Sorgerechts-Urteil mitbringen.\nDas Eltern-Teil muss das Sorgerechts-Urteil mitbringen.\nDas Eltern-Teil muss das Sorgerechts-Urteil mitbringen.\nDas Eltern-Teil muss das Sorgerechts-Urteil mitbringen.\nDas Eltern-Teil muss das Sorgerechts-Urteil mitbringen.\nDas Eltern-Teil muss das Sorgerechts-Urteil mitbringen.\nDas Eltern-Teil muss das Sorgerechts-Urteil mitbringen.\nDas Eltern-Teil muss das Sorgerechts-Urteil mitbringen.\nDas Eltern-Teil muss das Sorgerechts-Urteil mitbringen.\nDas Eltern-Teil muss das Sorgerechts-Urteil mitbringen.\nDas Eltern-Teil muss das Sorgerechts-Urteil mitbringen.\nDas Eltern-Teil muss das Sorgerechts-Urteil mitbringen.\nDas Eltern-Teil muss das Sorgerechts-Urteil mitbringen.\nDas Eltern-Teil muss das Sorgerechts-Urteil mitbringen.\nDas Eltern-Teil muss das Sorgerechts-Urteil mitbringen.\nDas Eltern-Teil muss das Sorgerechts-Urteil mitbringen
Brauchen Sie sofort einen Reisepass und würde selbst das Expressverfahren zu lange dauern, können Sie in dringenden Fällen einen vorläufigen Reisepass beantragen.;Sie brauchen einen Reise-Pass?\nSie brauchen ihn sofort?\nDer Express-Service ist Ihnen noch zu langsam?\nDann können Sie einen vorläufigen Reise-Pass bekommen.\nDen vorläufigen Reise-Pass bekommen Sie im Bürger-Büro.\nDen vorläufigen Reise-Pass bekommen Sie nur in einem Not-Fall.\nNot-Fall bedeutet:\nSie müssen ganz schnell ins Ausland reisen.\nUnd Sie brauchen dafür einen Reise-Pass.\nDen vorläufigen Reise-Pass bekommen Sie nur für eine Reise.\nSie können mit dem vorläufigen Reise-Pass nur in ein anderes Land reisen.\nSie können mit dem vorläufigen Reise-Pass nicht in Deutschland reisen.\nDer vorläufige Reise-Pass ist nur 1 Jahr lang gültig.\nDer vorläufige Reise-Pass kostet 26 Euro.
Einzelheiten zu den jeweiligen Reisemodalitäten einzelner Länder können Sie beim Auswärtigen Amt, im Reisebüro oder bei der Botschaft des jeweiligen Landes erfragen. Dort bekommen Sie eine aktuelle Information, ob ein vorläufiger Reisepass für die Einreise akzeptiert wird.;Sie können sich beim Auswärtigen Amt informieren.\nDas Auswärtige Amt ist eine Behörde.\nDie Behörde ist für die Reise-Informationen zuständig.\nDie Behörde ist in Berlin.\nDie Adresse ist:\nAuswärtiges Amt\nWerderscher Markt 1\n10117 Berlin\nDie Telefon-Nummer ist:\n030 1817 0\nDie Telefon-Nummer ist eine Berliner Nummer.\nSie müssen vorher die Vorwahl 030 wählen.\nDie Telefon-Nummer ist eine Service-Nummer.\nDas heißt:\nSie müssen für den Anruf nichts bezahlen.\nSie können sich auch an die Botschaft von dem Land wenden.\nDie Botschaft ist in Berlin.\nDie Adresse ist:\nBotschaft von dem Land\nStraße und Haus-Nummer\n10117 Berlin\nSie müssen die Straße und die Haus-Nummer wissen.\nDie Telefon-Nummer ist:\n030 123 456 0\nDie Telefon-Nummer ist eine Berliner Nummer.\nSie müssen vorher die Vorwahl 030 wählen.\nDie Telefon-Nummer ist eine Service-Nummer.\nDas heißt:\nSie müssen für den Anruf nichts bezahlen.\nSie können sich auch an ein Reise-Büro wenden.\nIn einem Reise-Büro arbeiten Reise-Experten.\nDie Reise-Experten beraten Sie.\nDie Reise-Experten sagen Ihnen:\nWas Sie für die Reise brauchen.\nZum Beispiel:\nWelche Reise-Dokumente Sie brauchen.\nReise-Dokumente sind zum Beispiel:\n* Personal-Ausweis\n* Reise-Pass\n* Visa\n* Impf-Pass\n* Auslandskranken-Versicherung\n* Reise-Storno-Versicherung\n* Reise-Haftpflicht-Versicherung\n* Reise-Gepäck-Versicherung\n* Reise-Unfall-Versicherung\n* Reise-Rechtsschutz-Versicherung\n* Reise-Notfall-Versicherung\n* Reise-Notruf-Versicherung\n* Reise-Service-Versicherung\n* Reise-Service-Paket\n* Reise-Service-Plus\n* Reise-Service-Extra\n* Reise-Service-Super\n* Reise-Service-Mega\n* Reise-Service-Ultra\n* Reise-Service-Maxi\n* Reise-Service-Mini\n* Reise-Service-Micro\n* Reise-Service-Nano\n* Reise-Service-Pico\n* Reise-Service-Femto\n* Reise-Service-Atto\n* Reise-Service-Zepto\n* Reise-Service-Yocto\n* Reise-Service-Dezi\n* Reise-Service-Centi\n* Reise-Service-Milli\n* Reise-Service-Mikro\n* Reise-Service-Nano\n* Reise-Service-Piko\n* Reise-Service-Femto\n* Reise-Service-Atto\n* Reise-Service-Zepto\n* Reise-Service-Yocto\n* Reise-Service-Dezi\n* Reise-Service-Centi\n* Reise-Service-Milli\n* Reise-Service-Mikro\n* Reise-Service-Nano\n* Reise-Service-Piko\n* Reise-Service-Femto\n* Reise-Service-Atto\n* Reise-Service-Zepto\n* Reise-Service-Yocto\n* Reise-Service-Dezi\n* Reise-Service-Centi\n* Reise-Service-Milli\n* Reise-Service-Mikro\n* Reise-Service-Nano\n* Reise-Service-Piko\n* Reise-Service-Femto\n* Reise-Service-Atto\n* Reise-Service-Zepto\n* Reise-Service-Yocto\n* Reise-Service-Dezi\n* Reise-Service-Centi\n* Reise-Service-Milli\n* Reise-Service-Mikro\n* Reise-Service-Nano\n* Reise-Service-Piko\n* Reise-Service-Femto\n* Reise-Service-Atto\n* Reise-Service-Zepto\n* Reise-Service-Yocto\n* Reise-Service-Dezi\n* Reise-Service-Centi\n* Reise-Service-Milli\n* Reise-Service-Mikro\n* Reise-Service-Nano\n* Reise-Service-Piko\n* Reise-Service-Femto\n* Reise-Service-Atto\n* Reise-Service-Zepto\n* Reise-Service-Yocto\n* Reise-Service-Dezi\n* Reise-Service-Centi\n* Reise-Service-Milli\n* Reise-Service-Mikro\n* Reise-Service-Nano\n* Reise-Service-Piko\n* Reise-Service-Femto\n* Reise-Service-Atto\n* Reise-Service-Zepto\n* Reise-Service-Yocto\n* Reise-Service-Dezi\n* Reise-Service-Centi\n* Reise-Service-Milli\n* Reise-Service-Mikro\n* Reise-Service-Nano\n* Reise-Service-Piko\n* Reise-Service-Femto\n* Reise-Service-Atto\n* Reise-Service-Zepto\n* Reise-Service-Yocto\n* Reise-Service-Dezi\n* Reise-Service-Centi\n* Reise-Service-Milli\n* Reise-Service-Mikro\n* Reise-Service-Nano\n* Reise-Service-Piko\n* Reise-Service-Femto\n* Reise-Service-Atto\n* Reise-Service-Zepto\n* Reise-Service-Yocto\n* Reise-Service-Dezi\n* Reise-Service-Centi\n* Reise-Service-Milli\n* Reise-Service-Mikro\n* Reise-Service-Nano\n* Reise-Service-Piko\n* Reise-Service-Femto\n* Reise-Service-Atto\n* Reise-Service-Zepto\n* Reise-Service-Yocto\n* Reise-Service-Dezi\n* Reise-Service-Centi\n* Reise-Service-Milli\n* Reise-Service-Mikro\n* Reise-Service-Nano\n* Reise-Service-Piko\n* Reise-Service-Femto\n* Reise-Service-Atto\n* Reise-Service-Zepto\n* Reise-Service-Yocto\n* Reise-Service-Dezi\n* Reise-Service-Centi\n* Reise-Service-Milli\n* Reise-Service-Mikro\n* Reise-Service-Nano\n* Reise-Service-Piko\n* Reise-Service-Femto\n* Reise-Service-Atto\n* Reise-Service-Zepto\n* Reise-Service-Yocto\n* Reise-Service-Dezi\n* Reise-Service-Centi\n* Reise-Service-Milli\n* Reise-Service-Mikro\n* Reise-Service-Nano\n* Reise-Service-Piko\n* Reise-Service-Femto\n* Reise-Service-Atto\n* Reise-Service-Zepto\n* Reise-Service-Yocto\n* Reise-Service-Dezi\n* Reise-Service-Centi\n* Reise-Service-Milli\n* Reise-Service-Mikro\n* Reise-Service-Nano\n* Reise-Service-Piko\n* Reise-Service-Femto\n* Reise-Service-Atto\n* Reise-Service-Zepto\n* Reise-Service-Yocto\n* Reise-Service-Dezi\n* Reise-Service-Centi\n* Reise-Service-Milli\n* Reise-Service-Mikro\n* Reise-Service-Nano\n* Reise-Service-Piko\n* Reise-Service-Femto\n* Reise-Service-Atto\n* Reise-Service-Zepto\n* Reise-Service-Yocto\n* Reise-Service-Dezi\n* Reise-Service-Centi\n* Reise-Service-Milli\n* Reise-Service-Mikro\n* Reise-Service-Nano\n* Reise-Service-Piko\n* Reise-Service-Femto\n* Reise-Service-Atto\n* Reise-Service-Zepto\n* Reise-Service-Yocto\n* Reise-Service-Dezi\n* Reise-Service-Centi\n* Reise-Service-Milli\n* Reise-Service-Mikro\n* Reise-Service-Nano\n* Reise-Service-Piko\n* Reise-Service-Femto\n* Reise-Service-Atto\n* Reise-Service-Zepto\n* Reise-Service-Yocto\n* Reise-Service-Dezi\n* Reise-Service-Centi\n* Reise-Service-Milli\n* Reise-Service-Mikro\n* Reise-Service-Nano\n* Reise-Service-Piko\n* Reise-Service-Femto\n* Reise-Service-Atto\n* Reise-Service-Zepto\n* Reise-Service-Yocto\n* Reise-Service-Dezi\n* Reise-Service-Centi\n* Reise-Service-Milli\n* Reise-Service-Mikro\n* Reise-Service-Nano\n* Reise-Service-Piko\n* Reise-Service-Femto\n* Reise-Service-Atto\n* Reise-Service-Zepto\n* Reise-Service-Yocto\n* Reise-Service-Dezi\n* Reise-Service-Centi\n* Reise-Service-Milli\n* Reise-Service-Mikro\n* Reise-Service-Nano\n* Reise-Service-Piko\n* Reise-Service-Femto\n* Reise-Service-Atto\n* Reise-Service-Zepto\n* Reise-Service-Yocto\n* Reise-Service-Dezi\n* Reise-Service-Centi\n* Reise-Service-Milli\n* Reise-Service-Mikro\n* Reise-Service-Nano\n* Reise-Service-Piko\n* Reise-Service-Femto\n* Reise-Service-Atto\n* Reise-Service-Zepto\n* Reise-Service-Yocto\n* Reise-Service-Dezi\n* Reise-Service-Centi\n* Reise-Service-Milli\n* Reise-Service-Mikro\n* Reise-Service-Nano\n* Reise-Service-Piko\n* Reise-Service-Femto\n* Reise-Service-Atto\n* Reise-Service-Zepto\n* Reise-Service-Yocto\n* Reise-Service-Dezi\n* Reise-Service-Centi\n* Reise-Service-Milli\n* Reise-Service-Mikro\n* Reise-Service-Nano\n* Reise-Service-Piko\n* Reise-Service-Femto\n* Reise-Service-Atto\n* Reise-Service-Zepto\n* Reise-Service-Yocto\n* Reise-Service-Dezi\n* Reise-Service-Centi\n* Reise-Service-Milli\n* Reise-Service-Mikro\n* Reise-Service-Nano\n* Reise-Service-Piko\n* Reise-Service-Femto\n* Reise-Service-Atto\n* Reise-Service-Zepto\n* Reise-Service-Yocto\n* Reise-Service-Dezi\n* Reise-Service-Centi\n* Reise-Service-Milli\n* Reise-Service-Mikro\n* Reise-Service-Nano\n* Reise-Service-Piko\n* Reise-Service-Femto\n* Reise-Service-Atto\n* Reise-Service-Zepto\n* Reise-Service-Yocto\n* Reise-Service-Dezi\n* Reise-Service-Centi\n* Reise-Service-Milli\n* Reise-Service-Mikro\n* Reise-Service-Nano\n* Reise-Service-Piko\n* Reise-Service-Femto\n* Reise-Service-Atto\n* Reise-Service-Zepto\n* Reise-Service-Yocto\n* Reise-Service-Dezi\n* Reise-Service-Centi\n* Reise-Service-Milli\n* Reise-Service-Mikro\n* Reise-Service-Nano\n* Reise-Service-Piko\n* Reise-Service-Femto\n* Reise-Service-Atto\n* Reise-Service-Zepto\n* Reise-Service-Yocto\n* Reise-Service-Dezi\n* Reise-Service-Centi\n* Reise-Service-Milli\n* Reise-Service-Mikro\n* Reise-Service-Nano\n* Reise-Service-Piko\n* Reise-Service-Femto\n* Reise-Service-Atto\n* Reise-Service-Zepto\n* Reise-Service-Yocto\n* Reise-Service-Dezi\n* Reise-Service-Centi\n* Reise-Service-Milli\n* Reise-Service-Mikro\n* Reise-Service-Nano\n* Reise-Service-Piko\n* Reise-Service-Femto\n* Reise-Service-Atto\n* Reise-Service-Zepto\n* Reise-Service-Yocto\n* Reise-Service-Dezi\n* Reise-Service-Centi\n* Reise-Service-Milli\n* Reise-Service-Mikro\n* Reise-Service-Nano\n* Reise-Service-Piko\n* Reise-Service-Femto\n* Reise-Service-Atto\n* Reise-Service-Zepto\n* Reise-Service-Yocto\n* Reise-Service-Dezi\n* Reise-Service-Centi\n* Reise-Service-Milli\n* Reise-Service-Mikro\n* Reise-Service-Nano\n* Reise-Service-Piko\n* Reise-Service-Femto\n* Reise-Service-Atto\n* Reise-Service-Zepto\n* Reise-Service-Yocto\n* Reise-Service-Dezi\n* Reise-Service-Centi\n* Reise-Service-Milli\n* Reise-Service-Mikro\n* Reise-Service-Nano\n* Reise-Service-Piko\n* Reise-Service-Femto\n* Reise-Service-Atto\n* Reise-Service-Zepto\n* Reise-Service-Yocto\n* Reise-Service-Dezi\n* Reise-Service-Centi\n* Reise-Service-Milli\n* Reise-Service-Mikro\n* Reise-Service-Nano\n* Reise-Service-Piko\n* Reise-Service-Femto\n* Reise-Service-Atto\n* Reise-Service-Zepto\n* Reise-Service-Yocto\n* Reise-Service-Dezi\n* Reise-Service-Centi\n* Reise-Service-Milli\n* Reise-Service-Mikro\n* Reise-Service-Nano\n* Reise-Service-Piko\n* Reise-Service-Femto\n* Reise-Service-Atto\n* Reise-Service-Zepto\n* Reise-Service-Yocto\n* Reise-Service-Dezi\n* Reise-Service-Centi\n* Reise-Service-Milli\n* Reise-Service-Mikro\n* Reise-Service-Nano\n* Reise-Service-Piko\n* Reise-Service-Femto\n* Reise-Service-Atto\n* Reise-Service-Zepto\n* Reise-Service-Yocto\n* Reise-Service-Dezi\n* Reise-Service-Centi\n* Reise-Service-Milli\n* Reise-Service-Mikro\n* Reise-Service-Nano\n* Reise-Service-Piko\n* Reise-Service-Femto\n* Reise-Service-Atto\n* Reise-Service-Zepto\n* Reise-Service-Yocto\n* Reise-Service-Dezi\n* Reise-Service-Centi\n* Reise-Service-Milli\n* Reise-Service-Mikro\n* Reise-Service-Nano\n* Reise-Service-Piko\n* Reise-Service-Femto\n* Reise-Service-Atto\n* Reise-Service-Zepto\n* Reise-Service-Yocto\n* Reise-Service-Dezi\n* Reise-Service-Centi\n* Reise-Service-Milli\n* Reise-Service-Mikro\n* Reise-Service-Nano\n* Reise-Service-Piko\n* Reise-Service-Femto\n* Reise-Service-Atto\n* Reise-Service-Zepto\n* Reise-Service-Yocto\n* Reise-Service-Dezi\n* Reise-Service-Centi\n* Reise-Service-Milli\n* Reise-Service-Mikro\n* Reise-Service-Nano\n* Reise-Service-Piko\n* Reise-Service-Femto\n* Reise-Service-Atto\n* Reise-Service-Zepto\n* Reise-Service-Yocto\n* Reise-Service-Dezi\n* Reise-Service-Centi\n* Reise-Service-Milli\n* Reise-Service-Mikro\n* Reise-Service-Nano\n* Reise-Service-Piko\n* Reise-Service-Femto\n* Reise-Service-Atto\n* Reise-Service-Zepto\n* Reise-Service-Yocto\n* Reise-Service-Dezi\n* Reise-Service-Centi\n* Reise-Service-Milli\n* Reise-Service-Mikro\n* Reise-Service-Nano\n* Reise-Service-Piko\n* Reise-Service-Femto\n* Reise-Service-Atto\n* Reise-Service-Zepto\n* Reise-Service-Yocto\n* Reise-Service-Dezi\n* Reise-Service-Centi\n* Reise-Service-Milli\n* Reise-Service-Mikro\n* Reise-Service-Nano\n* Reise-Service-Piko\n* Reise-Service-Femto\n
Dieser maschinenlesbare Reisepass (ohne den Chip mit biometrischen Daten) ist ein Jahr gültig.\n\nEinen vorläufigen Reisepass können Sie in jedem Bürgerbüro im Stadtgebiet  beantragen. Sie können das Ausweisdokument sofort mitnehmen.;Der vorläufige Personal-Ausweis ist nur 3 Monate gültig.\nSie können den vorläufigen Personal-Ausweis im Bürger-Büro beantragen.\nSie bekommen den vorläufigen Personal-Ausweis sofort mit.
Voraussetzungen\nSie müssen nachweisen oder glaubhaft machen, dass Sie den vorläufigen Reisepass dringend benötigen.;Sie brauchen einen vorläufigen Reise-Pass?\nSie müssen nachweisen oder glaubhaft machen:\nSie brauchen den vorläufigen Reise-Pass dringend.
Bearbeitungszeit\nDen vorläufigen Reisepass können Sie sofort mitnehmen.;Der vorläufige Reise-Pass ist sofort fertig.\nSie können ihn sofort mitnehmen.
Gebührenrahmen\n26 Euro;Gebühren-Rahmen\n26 Euro
Kinderreisepass;Kinder-Reise-Pass
Alle deutschen Kinder bis zum 12. Lebensjahr können einen Kinderreisepass erhalten.;Kinder-Reise-Pass\nDer Kinder-Reise-Pass ist ein Reise-Dokument.\nDas heißt:\nMit dem Kinder-Reise-Pass kann ein Kind ins Ausland reisen.\nDer Kinder-Reise-Pass ist nur in manchen Ländern gültig.\nDas heißt:\nIn manchen Ländern ist der Kinder-Reise-Pass nicht gültig.\nIn manchen Ländern ist der Kinder-Reise-Pass gültig.\nGültig heißt:\nIn dem Land wird der Kinder-Reise-Pass anerkannt.\nDas Land erkennt den Kinder-Reise-Pass an.\nDas Land sagt:\nMit dem Kinder-Reise-Pass darf das Kind ins Land einreisen.\nDas Land sagt:\nDer Kinder-Reise-Pass ist ein Reise-Dokument.\nDas Land sagt:\nDer Kinder-Reise-Pass ist ein gültiges Reise-Dokument.\nDas Land sagt:\nDer Kinder-Reise-Pass ist ein anerkanntes Reise-Dokument.\nDas Land sagt:\nDer Kinder-Reise-Pass ist ein anerkanntes Reise-Dokument für Kinder.\nDas Land sagt:\nDer Kinder-Reise-Pass ist ein anerkanntes Reise-Dokument für Kinder bis 12 Jahre.\nDas Land sagt:\nDer Kinder-Reise-Pass ist ein anerkanntes Reise-Dokument für Kinder bis 12 Jahre, die deutsche Staats-Bürger sind.\nDas Land sagt:\nDer Kinder-Reise-Pass ist ein anerkanntes Reise-Dokument für Kinder bis 12 Jahre, die deutsche Staats-Bürger sind, und die in Deutschland wohnen.\nDas Land sagt:\nDer Kinder-Reise-Pass ist ein anerkanntes Reise-Dokument für Kinder bis 12 Jahre, die deutsche Staats-Bürger sind, und die in Deutschland wohnen, und die ins Ausland reisen.\nDas Land sagt:\nDer Kinder-Reise-Pass ist ein anerkanntes Reise-Dokument für Kinder bis 12 Jahre, die deutsche Staats-Bürger sind, und die in Deutschland wohnen, und die ins Ausland reisen, und die keinen Personal-Ausweis haben.\nDas Land sagt:\nDer Kinder-Reise-Pass ist ein anerkanntes Reise-Dokument für Kinder bis 12 Jahre, die deutsche Staats-Bürger sind, und die in Deutschland wohnen, und die ins Ausland reisen, und die keinen Personal-Ausweis haben, und die keinen Reise-Pass haben.\nDas Land sagt:\nDer Kinder-Reise-Pass ist ein anerkanntes Reise-Dokument für Kinder bis 12 Jahre, die deutsche Staats-Bürger sind, und die in Deutschland wohnen, und die ins Ausland reisen, und die keinen Personal-Ausweis haben, und die keinen Reise-Pass haben, und die keinen vorläufigen Reise-Pass haben.\nDas Land sagt:\nDer Kinder-Reise-Pass ist ein anerkanntes Reise-Dokument für Kinder bis 12 Jahre, die deutsche Staats-Bürger sind, und die in Deutschland wohnen, und die ins Ausland reisen, und die keinen Personal-Ausweis haben, und die keinen Reise-Pass haben, und die keinen vorläufigen Reise-Pass haben, und die keinen vorläufigen Personal-Ausweis haben.\nDas Land sagt:\nDer Kinder-Reise-Pass ist ein anerkanntes Reise-Dokument für Kinder bis 12 Jahre, die deutsche Staats-Bürger sind, und die in Deutschland wohnen, und die ins Ausland reisen, und die keinen Personal-Ausweis haben, und die keinen Reise-Pass haben, und die keinen vorläufigen Reise-Pass haben, und die keinen vorläufigen Personal-Ausweis haben, und die keinen vorläufigen Kinder-Reise-Pass haben.\nDas Land sagt:\nDer Kinder-Reise-Pass ist ein anerkanntes Reise-Dokument für Kinder bis 12 Jahre, die deutsche Staats-Bürger sind, und die in Deutschland wohnen, und die ins Ausland reisen, und die keinen Personal-Ausweis haben, und die keinen Reise-Pass haben, und die keinen vorläufigen Reise-Pass haben, und die keinen vorläufigen Personal-Ausweis haben, und die keinen vorläufigen Kinder-Reise-Pass haben, und die keinen vorläufigen Kinder-Reise-Pass-Ersatz haben.\nDas Land sagt:\nDer Kinder-Reise-Pass ist ein anerkanntes Reise-Dokument für Kinder bis 12 Jahre, die deutsche Staats-Bürger sind, und die in Deutschland wohnen, und die ins Ausland reisen, und die keinen Personal-Ausweis haben, und die keinen Reise-Pass haben, und die keinen vorläufigen Reise-Pass haben, und die keinen vorläufigen Personal-Ausweis haben, und die keinen vorläufigen Kinder-Reise-Pass haben, und die keinen vorläufigen Kinder-Reise-Pass-Ersatz haben, und die keinen vorläufigen Kinder-Reise-Pass-Ersatz haben.\nDas Land sagt:\nDer Kinder-Reise-Pass ist ein anerkanntes Reise-Dokument für Kinder bis 12 Jahre, die deutsche Staats-Bürger sind, und die in Deutschland wohnen, und die ins Ausland reisen, und die keinen Personal-Ausweis haben, und die keinen Reise-Pass haben, und die keinen vorläufigen Reise-Pass haben, und die keinen vorläufigen Personal-Ausweis haben, und die keinen vorläufigen Kinder-Reise-Pass haben, und die keinen vorläufigen Kinder-Reise-Pass-Ersatz haben, und die keinen vorläufigen Kinder-Reise-Pass-Ersatz haben, und die keinen vorläufigen Kinder-Reise-Pass-Ersatz haben.\nDas Land sagt:\nDer Kinder-Reise-Pass ist ein anerkanntes Reise-Dokument für Kinder bis 12 Jahre, die deutsche Staats-Bürger sind, und die in Deutschland wohnen, und die ins Ausland reisen, und die keinen Personal-Ausweis haben, und die keinen Reise-Pass haben, und die keinen vorläufigen Reise-Pass haben, und die keinen vorläufigen Personal-Ausweis haben, und die keinen vorläufigen Kinder-Reise-Pass haben, und die keinen vorläufigen Kinder-Reise-Pass-Ersatz haben, und die keinen vorläufigen Kinder-Reise-Pass-Ersatz haben, und die keinen vorläufigen Kinder-Reise-Pass-Ersatz haben, und die keinen vorläufigen Kinder-Reise-Pass-Ersatz haben.\nDas Land sagt:\nDer Kinder-Reise-Pass ist ein anerkanntes Reise-Dokument für Kinder bis 12 Jahre, die deutsche Staats-Bürger sind, und die in Deutschland wohnen, und die ins Ausland reisen, und die keinen Personal-Ausweis haben, und die keinen Reise-Pass haben, und die keinen vorläufigen Reise-Pass haben, und die keinen vorläufigen Personal-Ausweis haben, und die keinen vorläufigen Kinder-Reise-Pass haben, und die keinen vorläufigen Kinder-Reise-Pass-Ersatz haben, und die keinen vorläufigen Kinder-Reise-Pass-Ersatz haben, und die keinen vorläufigen Kinder-Reise-Pass-Ersatz haben, und die keinen vorläufigen Kinder-Reise-Pass-Ersatz haben, und die keinen vorläufigen Kinder-Reise-Pass-Ersatz haben.\nDas Land sagt:\nDer Kinder-Reise-Pass ist ein anerkanntes Reise-Dokument für Kinder bis 12 Jahre, die deutsche Staats-Bürger sind, und die in Deutschland wohnen, und die ins Ausland reisen, und die keinen Personal-Ausweis haben, und die keinen Reise-Pass haben, und die keinen vorläufigen Reise-Pass haben, und die keinen vorläufigen Personal-Ausweis haben, und die keinen vorläufigen Kinder-Reise-Pass haben, und die keinen vorläufigen Kinder-Reise-Pass-Ersatz haben, und die keinen vorläufigen Kinder-Reise-Pass-Ersatz haben, und die keinen vorläufigen Kinder-Reise-Pass-Ersatz haben, und die keinen vorläufigen Kinder-Reise-Pass-Ersatz haben, und die keinen vorläufigen Kinder-Reise-Pass-Ersatz haben, und die keinen vorläufigen Kinder-Reise-Pass-Ersatz haben.\nDas Land sagt:\nDer Kinder-Reise-Pass ist ein anerkanntes Reise-Dokument für Kinder bis 12 Jahre, die deutsche Staats-Bürger sind, und die in Deutschland wohnen, und die ins Ausland reisen, und die keinen Personal-Ausweis haben, und die keinen Reise-Pass haben, und die keinen vorläufigen Reise-Pass haben, und die keinen vorläufigen Personal-Ausweis haben, und die keinen vorläufigen Kinder-Reise-Pass haben, und die keinen vorläufigen Kinder-Reise-Pass-Ersatz haben, und die keinen vorläufigen Kinder-Reise-Pass-Ersatz haben, und die keinen vorläufigen Kinder-Reise-Pass-Ersatz haben, und die keinen vorläufigen Kinder-Reise-Pass-Ersatz haben, und die keinen vorläufigen Kinder-Reise-Pass-Ersatz haben, und die keinen vorläufigen Kinder-Reise-Pass-Ersatz haben.\nDas Land sagt:\nDer Kinder-Reise-Pass ist ein anerkanntes Reise-Dokument für Kinder bis 12 Jahre, die deutsche Staats-Bürger sind, und die in Deutschland wohnen, und die ins Ausland reisen, und die keinen Personal-Ausweis haben, und die keinen Reise-Pass haben, und die keinen vorläufigen Reise-Pass haben, und die keinen vorläufigen Personal-Ausweis haben, und die keinen vorläufigen Kinder-Reise-Pass haben, und die keinen vorläufigen Kinder-Reise-Pass-Ersatz haben, und die keinen vorläufigen Kinder-Reise-Pass-Ersatz haben, und die keinen vorläufigen Kinder-Reise-Pass-Ersatz haben, und die keinen vorläufigen Kinder-Reise-Pass-Ersatz haben, und die keinen vorläufigen Kinder-Reise-Pass-Ersatz haben, und die keinen vorläufigen Kinder-Reise-Pass-Ersatz haben.\nDas Land sagt:\nDer Kinder-Reise-Pass ist ein anerkanntes Reise-Dokument für Kinder bis 12 Jahre, die deutsche Staats-Bürger sind, und die in Deutschland wohnen, und die ins Ausland reisen, und die keinen Personal-Ausweis haben, und die keinen Reise-Pass haben, und die keinen vorläufigen Reise-Pass haben, und die keinen vorläufigen Personal-Ausweis haben, und die keinen vorläufigen Kinder-Reise-Pass haben, und die keinen vorläufigen Kinder-Reise-Pass-Ersatz haben, und die keinen vorläufigen Kinder-Reise-Pass-Ersatz haben, und die keinen vorläufigen Kinder-Reise-Pass-Ersatz haben, und die keinen vorläufigen Kinder-Reise-Pass-Ersatz haben, und die keinen vorläufigen Kinder-Reise-Pass-Ersatz haben, und die keinen vorläufigen Kinder-Reise-Pass-Ersatz haben, und die keinen vorläufigen Kinder-Reise-Pass-Ersatz haben.\nDas Land sagt:\nDer Kinder-Reise-Pass ist ein anerkanntes Reise-Dokument für Kinder bis 12 Jahre, die deutsche Staats-Bürger sind, und die in Deutschland wohnen, und die ins Ausland reisen, und die keinen Personal-Ausweis haben, und die keinen Reise-Pass haben, und die keinen vorläufigen Reise-Pass haben, und die keinen vorläufigen Personal-Ausweis haben, und die keinen vorläufigen Kinder-Reise-Pass haben, und die keinen vorläufigen Kinder-Reise-Pass-Ersatz haben, und die keinen vorläufigen Kinder-Reise-Pass-Ersatz haben, und die keinen vorläufigen Kinder-Reise-Pass-Ersatz haben, und die keinen vorläufigen Kinder-Reise-Pass-Ersatz haben, und die keinen vorläufigen Kinder-Reise-Pass-Ersatz haben, und die keinen vorläufigen Kinder-Reise-Pass-Ersatz haben, und die keinen vorläufigen Kinder-Reise-Pass-Ersatz haben, und die keinen vorläufigen Kinder-Reise-Pass-Ersatz haben.\nDas Land sagt:\nDer Kinder-Reise-Pass ist ein anerkanntes Reise-Dokument für Kinder bis 12 Jahre, die deutsche Staats-Bürger sind, und die in Deutschland wohnen, und die ins Ausland reisen, und die keinen Personal-Ausweis haben, und die keinen Reise-Pass haben, und die keinen vorläufigen Reise-Pass haben, und die keinen vorläufigen Personal-Ausweis haben, und die keinen vorläufigen Kinder-Reise-Pass haben, und die keinen vorläufigen Kinder-Reise-Pass-Ersatz haben, und die keinen vorläufigen Kinder-Reise-Pass-Ersatz haben, und die keinen vorläufigen Kinder-Reise-Pass-Ersatz haben, und die keinen vorläufigen Kinder-Reise-Pass-Ersatz haben, und die keinen vorläufigen Kinder-Reise-Pass-Ersatz haben, und die keinen vorläufigen Kinder-Reise-Pass-Ersatz haben, und die keinen vorläufigen Kinder-Reise-Pass-Ersatz haben, und die keinen vorläufigen Kinder-Reise-Pass-Ersatz haben, und die keinen vorläufigen Kinder-Reise-Pass-Ersatz haben.\nDas Land sagt:\nDer Kinder-Reise-Pass ist ein anerkanntes Reise-Dokument für Kinder bis 12 Jahre, die deutsche Staats-Bürger sind, und die in Deutschland wohnen, und die ins Ausland reisen, und die keinen Personal-Ausweis haben, und die keinen Reise-Pass haben, und die keinen vorläufigen Reise-Pass haben, und die keinen vorläufigen Personal-Ausweis haben, und die keinen vorläufigen Kinder-Reise-Pass haben, und die keinen vorläufigen Kinder-Reise-Pass-Ersatz haben, und die keinen vorläufigen Kinder-Reise-Pass-Ersatz haben, und die keinen vorläufigen Kinder-Reise-Pass-Ersatz haben, und die keinen vorläufigen Kinder-Reise-Pass-Ersatz haben, und die keinen vorläufigen Kinder-Reise-Pass-Ersatz haben, und die keinen vorläufigen Kinder-Reise-Pass-Ersatz haben, und die keinen vorläufigen Kinder-Reise-Pass-Ersatz haben, und die keinen vorläufigen Kinder-Reise-Pass-Ersatz haben, und die keinen vorläufigen Kinder-Reise-Pass-Ersatz haben, und die keinen vorläufigen Kinder-Reise-Pass-Ersatz haben, und die keinen vorläufigen Kinder-Reise-Pass-Ersatz haben, und die keinen vorläufigen Kinder-Reise-Pass-Ersatz haben, und die keinen vorläufigen Kinder-Reise-Pass-Ersatz haben, und die keinen vorläufigen Kinder-Reise-Pass-Ersatz haben, und die keinen vorläufigen Kinder-Reise-Pass-Ersatz haben, und die keinen vorläufigen Kinder-Reise-Pass-Ersatz haben, und die keinen vorläufigen Kinder-Reise-Pass-Ersatz haben, und die keinen vorläufigen Kinder-Reise-Pass-Ersatz haben, und die keinen vorläufigen Kinder-Reise-Pass-Ersatz haben, und die keinen vorläufigen Kinder-Reise-Pass-Ersatz haben, und die keinen vorläufigen Kinder-Reise-Pass-Ersatz haben, und die keinen vorläufigen Kinder-Reise-Pass-Ersatz haben, und die keinen vorläufigen Kinder-Reise-Pass-Ersatz haben, und die keinen vorläufigen Kinder-Reise-Pass-Ersatz haben, und die keinen vorläufigen Kinder-Reise-Pass-Ersatz haben, und die keinen vorläufigen Kinder-Reise-Pass-Ersatz haben, und die keinen vorläufigen Kinder-Reise-Pass-Ersatz haben, und die keinen vorläufigen Kinder-Reise-Pass-Ersatz haben, und die keinen vorläufigen Kinder-Reise-Pass-Ersatz haben, und die keinen vorläufigen Kinder-Reise-Pass-Ersatz haben, und die keinen vorläufigen Kinder-Reise-Pass-Ersatz haben, und die keinen vorläufigen Kinder-Reise-Pass-Ersatz haben, und die keinen vorläufigen Kinder-Reise-Pass-Ersatz haben, und die keinen vorläufigen Kinder-Reise-Pass-Ersatz haben, und die keinen vorläufigen Kinder-Reise-Pass-Ersatz haben, und die keinen vorläufigen Kinder-Reise-Pass-Ersatz haben, und die keinen vorläufigen Kinder-Reise-Pass-Ersatz haben, und die keinen vorläufigen Kinder-Reise-Pass-Ersatz haben, und die keinen vorläufigen Kinder-Reise-Pass-Ersatz haben, und die keinen vorläufigen Kinder-Reise-Pass-Ersatz haben, und die keinen vorläufigen Kinder-Reise-Pass-Ersatz haben, und die keinen vorläufigen Kinder-Reise-Pass-Ersatz haben, und die keinen vorläufigen Kinder-Reise-Pass-Ersatz haben, und die keinen vorläufigen Kinder-Reise-Pass-Ersatz haben, und die keinen vorläufigen Kinder-Reise-Pass-Ersatz haben, und die keinen vorläufigen Kinder-Reise-Pass-Ersatz haben, und die keinen vorläufigen Kinder-Reise-Pass-Ersatz haben, und die keinen vorläufigen Kinder-Reise-Pass-Ersatz haben, und die keinen vorläufigen Kinder-Reise-Pass-Ersatz haben, und die keinen vorläufigen Kinder-Reise-Pass-Ersatz haben, und die keinen vorläufigen Kinder-Reise-Pass-Ersatz haben, und die keinen vorläufigen Kinder-Reise-Pass-Ersatz haben, und die keinen vorläufigen Kinder-Reise-Pass-Ersatz haben, und die keinen vorläufigen Kinder-Reise-Pass-Ersatz haben, und die keinen vorläufigen Kinder-Reise-Pass-Ersatz haben, und die keinen vorläufigen Kinder-Reise-Pass-Ersatz haben, und die keinen vorläufigen Kinder-Reise-Pass-Ersatz
Gültigkeit:\nDer Kinderreisepass ist ein Jahr gültig (maximal bis zum zwölften Lebensjahr).;Der Kinder-Reise-Pass ist 1 Jahr lang gültig.\nDanach brauchen Sie einen neuen Kinder-Reise-Pass.\nDer Kinder-Reise-Pass ist nur bis zum 12. Geburtstag gültig.
Voraussetzungen\n\nDen Kinderreisepass für Minderjährige dürfen nur Personen beantragen (aktualisieren, verlängern), die als Sorgeberechtigte den Aufenthalt zu bestimmen haben. Der oder die Antragsberechtigte muss persönlich in Begleitung des oder der Minderjährigen bei uns vorsprechen, um den Kinderreisepass zu beantragen (aktualisieren, verlängern). Sind beide Elternteile antragsberechtigt, reicht es, wenn ein Elternteil vorspricht, sofern dieser den schriftlichen Antrag (Zustimmungserklärung) des anderen Elternteils vorlegt.\n\nSie können den Kinderreisepass grundsätzlich nur bei der Passbehörde der Hauptwohnung durch persönliche Vorsprache beantragen. \n\n\nFür jeden Besuch im Bürgerbüro (ausstellen, verlängern, aktualisieren von Ausweisdokumenten sowie das Eintragen der Sorgeberechtigten) brauchen Sie einen Termin.;Kinder-Reise-Pass\nDer Kinder-Reise-Pass ist ein Reise-Dokument.\nDas Reise-Dokument ist für Kinder unter 12 Jahren.\nDas Reise-Dokument ist nur für Reisen in diese Länder:\n* Belgien\n* Dänemark\n* Frankreich\n* Italien\n* Liechtenstein\n* Luxemburg\n* Malta\n* Niederlande\n* Österreich\n* Schweden\n* Schweiz\n* Spanien\n* Tschechien\n* Ungarn\n* Zypern\nDas Reise-Dokument ist 1 Jahr lang gültig.\nDas Reise-Dokument ist nur in Verbindung mit einem Kinder-Ausweis gültig.\nDas Reise-Dokument ist nur in Verbindung mit einem Kinder-Ausweis gültig.\nDas bedeutet:\nIhr Kind muss den Kinder-Ausweis immer dabei haben.\nIhr Kind muss den Kinder-Reise-Pass immer dabei haben.\nIhr Kind muss beides immer zusammen dabei haben.\nIhr Kind muss beides immer zusammen dabei haben.\nIhr Kind muss beides immer zusammen dabei haben.\nIhr Kind muss beides immer zusammen dabei haben.\nIhr Kind muss beides immer zusammen dabei haben.\nIhr Kind muss beides immer zusammen dabei haben.\nIhr Kind muss beides immer zusammen dabei haben.\nIhr Kind muss beides immer zusammen dabei haben.\nIhr Kind muss beides immer zusammen dabei haben.\nIhr Kind muss beides immer zusammen dabei haben.\nIhr Kind muss beides immer zusammen dabei haben.\nIhr Kind muss beides immer zusammen dabei haben.\nIhr Kind muss beides immer zusammen dabei haben.\nIhr Kind muss beides immer zusammen dabei haben.\nIhr Kind muss beides immer zusammen dabei haben.\nIhr Kind muss beides immer zusammen dabei haben.\nIhr Kind muss beides immer zusammen dabei haben.\nIhr Kind muss beides immer zusammen dabei haben.\nIhr Kind muss beides immer zusammen dabei haben.\nIhr Kind muss beides immer zusammen dabei haben.\nIhr Kind muss beides immer zusammen dabei haben.\nIhr Kind muss beides immer zusammen dabei haben.\nIhr Kind muss beides immer zusammen dabei haben.\nIhr Kind muss beides immer zusammen dabei haben.\nIhr Kind muss beides immer zusammen dabei haben.\nIhr Kind muss beides immer zusammen dabei haben.\nIhr Kind muss beides immer zusammen dabei haben.\nIhr Kind muss beides immer zusammen dabei haben.\nIhr Kind muss beides immer zusammen dabei haben.\nIhr Kind muss beides immer zusammen dabei haben.\nIhr Kind muss beides immer zusammen dabei haben.\nIhr Kind muss beides immer zusammen dabei haben.\nIhr Kind muss beides immer zusammen dabei haben.\nIhr Kind muss beides immer zusammen dabei haben.\nIhr Kind muss beides immer zusammen dabei haben.\nIhr Kind muss beides immer zusammen dabei haben.\nIhr Kind muss beides immer zusammen dabei haben.\nIhr Kind muss beides immer zusammen dabei haben.\nIhr Kind muss beides immer zusammen dabei haben.\nIhr Kind muss beides immer zusammen dabei haben.\nIhr Kind muss beides immer zusammen dabei haben.\nIhr Kind muss beides immer zusammen dabei haben.\nIhr Kind muss beides immer zusammen dabei haben.\nIhr Kind muss beides immer zusammen dabei haben.\nIhr Kind muss beides immer zusammen dabei haben.\nIhr Kind muss beides immer zusammen dabei haben.\nIhr Kind muss beides immer zusammen dabei haben.\nIhr Kind muss beides immer zusammen dabei haben.\nIhr Kind muss beides immer zusammen dabei haben.\nIhr Kind muss beides immer zusammen dabei haben.\nIhr Kind muss beides immer zusammen dabei haben.\nIhr Kind muss beides immer zusammen dabei haben.\nIhr Kind muss beides immer zusammen dabei haben.\nIhr Kind muss beides immer zusammen dabei haben.\nIhr Kind muss beides immer zusammen dabei haben.\nIhr Kind muss beides immer zusammen dabei haben.\nIhr Kind muss beides immer zusammen dabei haben.\nIhr Kind muss beides immer zusammen dabei haben.\nIhr Kind muss beides immer zusammen dabei haben.\nIhr Kind muss beides immer zusammen dabei haben.\nIhr Kind muss beides immer zusammen dabei haben.\nIhr Kind muss beides immer zusammen dabei haben.\nIhr Kind muss beides immer zusammen dabei haben.\nIhr Kind muss beides immer zusammen dabei haben.\nIhr Kind muss beides immer zusammen dabei haben.\nIhr Kind muss beides immer zusammen dabei haben.\nIhr Kind muss beides immer zusammen dabei haben.\nIhr Kind muss beides immer zusammen dabei haben.\nIhr Kind muss beides immer zusammen dabei haben.\nIhr Kind muss beides immer zusammen dabei haben.\nIhr Kind muss beides immer zusammen dabei haben.\nIhr Kind muss beides immer zusammen dabei haben.\nIhr Kind muss beides immer zusammen dabei haben.\nIhr Kind muss beides immer zusammen dabei haben.\nIhr Kind muss beides immer zusammen dabei haben.\nIhr Kind muss beides immer zusammen dabei haben.\nIhr Kind muss beides immer zusammen dabei haben.\nIhr Kind muss beides immer zusammen dabei haben.\nIhr Kind muss beides immer zusammen dabei haben.\nIhr Kind muss beides immer zusammen dabei haben.\nIhr Kind muss beides immer zusammen dabei haben.\nIhr Kind muss beides immer zusammen dabei haben.\nIhr Kind muss beides immer zusammen dabei haben.\nIhr Kind muss beides immer zusammen dabei haben.\nIhr Kind muss beides immer zusammen dabei haben.\nIhr Kind muss beides immer zusammen dabei haben.\nIhr Kind muss beides immer zusammen dabei haben.\nIhr Kind muss beides immer zusammen dabei haben.\nIhr Kind muss beides immer zusammen dabei haben.\nIhr Kind muss beides immer zusammen dabei haben.\nIhr Kind muss beides immer zusammen dabei haben.\nIhr Kind muss beides immer zusammen dabei haben.\nIhr Kind muss beides immer zusammen dabei haben.\nIhr Kind muss beides immer zusammen dabei haben.\nIhr Kind muss beides immer zusammen dabei haben.\nIhr Kind muss beides immer zusammen dabei haben.\nIhr Kind muss beides immer zusammen dabei haben.\nIhr Kind muss beides immer zusammen dabei haben.\nIhr Kind muss beides immer zusammen dabei haben.\nIhr Kind muss beides immer zusammen dabei haben.\nIhr Kind muss beides immer zusammen dabei haben.\nIhr Kind muss beides immer zusammen dabei haben.\nIhr Kind muss beides immer zusammen dabei haben.\nIhr Kind muss beides immer zusammen dabei haben.\nIhr Kind muss beides immer zusammen dabei haben.\nIhr Kind muss beides immer zusammen dabei haben.\nIhr Kind muss beides immer zusammen dabei haben.\nIhr Kind muss beides immer zusammen dabei haben.\nIhr Kind muss beides immer zusammen dabei haben.\nIhr Kind muss beides immer zusammen dabei haben.\nIhr Kind muss beides immer zusammen dabei haben.\nIhr Kind muss beides immer zusammen dabei haben.\nIhr Kind muss beides immer zusammen dabei haben.\nIhr Kind muss beides immer zusammen dabei haben.\nIhr Kind muss beides immer zusammen dabei haben.\nIhr Kind muss beides immer zusammen dabei haben.\nIhr Kind muss beides immer zusammen dabei haben.\nIhr Kind muss beides immer zusammen dabei haben.\nIhr Kind muss beides immer zusammen dabei haben.\nIhr Kind muss beides immer zusammen dabei haben.\nIhr Kind muss beides immer zusammen dabei haben.\nIhr Kind muss beides immer zusammen dabei haben.\nIhr Kind muss beides immer zusammen dabei haben.\nIhr Kind muss beides immer zusammen dabei haben.\nIhr Kind muss beides immer zusammen dabei haben.\nIhr Kind muss beides immer zusammen dabei haben.\nIhr Kind muss beides immer zusammen dabei haben.\nIhr Kind muss beides immer zusammen dabei haben.\nIhr Kind muss beides immer zusammen dabei haben.\nIhr Kind muss beides immer zusammen dabei haben.\nIhr Kind muss beides immer zusammen dabei haben.\nIhr Kind muss beides immer zusammen dabei haben.\nIhr Kind muss beides immer zusammen dabei haben.\nIhr Kind muss beides immer zusammen dabei haben.\nIhr Kind muss beides immer zusammen dabei haben.\nIhr Kind muss beides immer zusammen dabei haben.\nIhr Kind muss beides immer zusammen dabei haben.\nIhr Kind muss beides immer zusammen dabei haben.\nIhr Kind muss beides immer zusammen dabei haben.\nIhr Kind muss beides immer zusammen dabei haben.\nIhr Kind muss beides immer zusammen dabei haben.\nIhr Kind muss beides immer zusammen dabei haben.\nIhr Kind muss beides immer zusammen dabei haben.\nIhr Kind muss beides immer zusammen dabei haben.\nIhr Kind muss beides immer zusammen dabei haben.\nIhr Kind muss beides immer zusammen dabei haben.\nIhr Kind muss beides immer zusammen dabei haben.\nIhr Kind muss beides immer zusammen dabei haben.\nIhr Kind muss beides immer zusammen dabei haben.\nIhr Kind muss beides immer zusammen dabei haben.\nIhr Kind muss beides immer zusammen dabei haben.\nIhr Kind muss beides immer zusammen dabei haben.\nIhr Kind muss beides immer zusammen dabei haben.\nIhr Kind muss beides immer zusammen dabei haben.\nIhr Kind muss beides immer zusammen dabei haben.\nIhr Kind muss beides immer zusammen dabei haben.\nIhr Kind muss beides immer zusammen dabei haben.\nIhr Kind muss beides immer zusammen dabei haben.\nIhr Kind muss beides immer zusammen dabei haben.\nIhr Kind muss beides immer zusammen dabei haben.\nIhr Kind muss beides immer zusammen dabei haben.\nIhr Kind muss beides immer zusammen dabei haben.\nIhr Kind muss beides immer zusammen dabei haben.\nIhr Kind muss beides immer zusammen dabei haben.\nIhr Kind muss beides immer zusammen dabei haben.\nIhr Kind muss beides immer zusammen dabei haben.\nIhr Kind muss beides immer zusammen dabei haben.\nIhr Kind muss beides immer zusammen dabei haben.\nIhr Kind muss beides immer zusammen dabei haben.\nIhr Kind muss beides immer zusammen dabei haben.\nIhr Kind muss beides immer zusammen dabei haben.\nIhr Kind muss beides immer zusammen dabei haben.\nIhr Kind muss beides immer zusammen dabei haben.\nIhr Kind muss beides immer zusammen dabei haben.\nIhr Kind muss beides immer zusammen dabei haben.\nIhr Kind muss beides immer zusammen dabei haben.\nIhr Kind muss beides immer zusammen dabei haben.\nIhr Kind muss beides immer zusammen dabei haben.\nIhr Kind muss beides immer zusammen dabei haben.\nIhr Kind muss beides immer zusammen dabei haben.\nIhr Kind muss beides immer zusammen dabei haben.\nIhr Kind muss beides immer zusammen dabei haben.\nIhr Kind muss beides immer zusammen dabei haben.\nIhr Kind muss beides immer zusammen dabei haben.\nIhr Kind muss beides immer zusammen dabei haben.\nIhr Kind muss beides immer zusammen dabei haben.\nIhr Kind muss beides immer zusammen dabei haben.\nIhr Kind muss beides immer zusammen dabei haben.\nIhr Kind muss beides immer zusammen dabei haben.\nIhr Kind muss beides immer zusammen dabei haben.\nIhr Kind muss beides immer zusammen dabei haben.\nIhr Kind muss beides immer zusammen dabei haben.\nIhr Kind muss beides immer zusammen dabei haben.\nIhr Kind muss beides immer zusammen dabei haben.\nIhr Kind muss beides immer zusammen dabei haben.\nIhr Kind muss beides immer zusammen dabei haben.\nIhr Kind muss beides immer zusammen dabei haben.\nIhr Kind muss beides immer zusammen dabei haben.\nIhr Kind muss beides immer zusammen dabei haben.\nIhr Kind muss beides immer zusammen dabei haben.\nIhr Kind muss beides immer zusammen dabei haben.\nIhr Kind muss beides immer zusammen dabei haben.\nIhr Kind muss beides immer zusammen dabei haben.\nIhr Kind muss beides immer zusammen dabei haben.\nIhr Kind muss beides immer zusammen dabei haben.\nIhr Kind muss beides immer zusammen dabei haben.\nIhr Kind muss beides immer zusammen dabei haben.\nIhr Kind muss beides immer zusammen dabei haben.\nIhr Kind muss beides immer zusammen dabei haben.\nIhr Kind muss beides immer zusammen dabei haben.\nIhr Kind muss beides immer zusammen dabei haben.\nIhr Kind muss beides immer zusammen dabei haben.\nIhr Kind muss beides immer zusammen dabei haben.\nIhr Kind muss beides immer zusammen dabei haben.\nIhr Kind muss beides immer zusammen dabei haben.\nIhr Kind muss beides immer zusammen dabei haben.\nIhr Kind muss beides immer zusammen dabei haben.\nIhr Kind muss beides immer zusammen dabei haben.\nIhr Kind muss beides immer zusammen dabei haben.\nIhr Kind muss beides immer zusammen dabei haben.\nIhr Kind muss beides immer zusammen dabei haben.\nIhr Kind muss beides immer zusammen dabei haben.\nIhr Kind muss beides immer zusammen dabei haben.\nIhr Kind muss beides immer zusammen dabei haben.\nIhr Kind muss beides immer zusammen dabei haben.\nIhr Kind muss beides immer zusammen dabei haben.\nIhr Kind muss beides immer zusammen dabei haben.\nIhr Kind muss beides immer zusammen dabei haben.\nIhr Kind muss beides immer zusammen dabei haben.\nIhr Kind muss beides immer zusammen dabei haben.\nIhr Kind muss beides immer zusammen dabei haben.\nIhr Kind muss beides immer zusammen dabei haben.\nIhr Kind muss beides immer zusammen dabei haben.\nIhr Kind muss beides immer zusammen dabei haben.\nIhr Kind muss beides immer zusammen dabei haben.\nIhr Kind muss beides immer zusammen dabei haben.\nIhr Kind muss beides immer zusammen dabei haben.\nIhr Kind muss beides immer zusammen dabei haben.\nIhr Kind muss beides immer zusammen dabei haben.\nIhr Kind muss beides immer zusammen dabei haben.\nIhr Kind muss beides immer zusammen dabei haben.\nIhr Kind muss beides immer zusammen dabei haben.\nIhr Kind muss beides immer zusammen dabei haben.\nIhr Kind muss beides immer zusammen dabei haben.\nIhr Kind muss beides immer zusammen dabei haben.\nIhr Kind muss beides immer zusammen dabei haben.\nIhr Kind muss beides immer zusammen dabei haben.\nIhr Kind muss beides immer zusammen dabei haben.\nIhr Kind muss beides immer zusammen dabei haben.\nIhr Kind muss beides immer zusammen dabei haben.\nIhr Kind muss beides immer zusammen dabei haben.\nIhr Kind muss beides immer zusammen dabei haben.\nIhr Kind muss beides immer zusammen dabei haben.\nIhr Kind muss beides immer zusammen dabei haben.\nIhr Kind muss beides immer zusammen dabei haben.\nIhr Kind muss beides immer zusammen dabei haben.\nIhr Kind muss beides immer zusammen dabei haben.\nIhr Kind muss beides immer zusammen dabei haben.\nIhr Kind muss beides immer zusammen dabei haben.\nIhr Kind muss beides immer zusammen dabei haben.\nIhr Kind muss beides immer zusammen dabei haben.\nIhr Kind muss beides immer zusammen dabei haben.\nIhr Kind muss beides immer zusammen dabei haben.\nIhr Kind muss beides immer zusammen dabei haben.\nIhr Kind muss beides immer zusammen dabei haben.\nIhr Kind muss beides immer zusammen dabei haben.\nIhr Kind muss beides immer zusammen dabei haben.\nIhr Kind muss beides immer zusammen dabei haben.\nIhr Kind muss beides immer zusammen dabei haben.\nIhr Kind muss beides immer zusammen dabei haben.\nIhr Kind muss beides immer zusammen dabei haben.\nIhr Kind muss beides immer zusammen dabei haben.\nIhr Kind muss beides immer zusammen dabei haben.\nIhr Kind muss beides immer zusammen dabei haben.\nIhr Kind muss beides immer zusammen dabei haben.\nIhr Kind muss beides immer zusammen dabei haben.\nIhr Kind muss beides immer zusammen dabei haben.\nIhr Kind muss beides immer zusammen dabei haben.\nIhr Kind muss beides immer zusammen dabei haben.\nIhr Kind muss beides immer zusammen dabei haben.\nIhr Kind muss beides immer zusammen dabei haben.\nIhr Kind muss beides immer zusammen dabei haben.\nIhr Kind muss beides immer zusammen dabei haben.\nIhr Kind muss beides immer zusammen dabei haben.\nIhr Kind muss beides immer zusammen dabei haben.\nIhr Kind muss beides immer zusammen dabei haben.\nIhr Kind muss beides immer zusammen dabei haben.\nIhr Kind muss beides immer zusammen dabei haben.\nIhr Kind muss beides immer zusammen dabei haben.\nIhr Kind muss beides immer zusammen dabei haben.\nIhr Kind muss beides immer zusammen dabei haben.\nIhr Kind muss beides immer zusammen dabei haben.\nIhr Kind muss beides immer zusammen dabei haben.\nIhr Kind muss beides immer zusammen dabei haben.\nIhr Kind muss beides immer zusammen dabei haben.\nIhr Kind muss beides immer zusammen dabei haben.\nIhr Kind muss beides immer zusammen dabei haben.\nIhr Kind muss beides immer zusammen dabei haben.\nIhr Kind muss beides immer zusammen dabei haben.\nIhr Kind muss beides immer zusammen dabei haben.\nIhr Kind muss beides immer zusammen dabei haben.\nIhr Kind muss beides immer zusammen dabei haben.\nIhr Kind muss beides immer zusammen dabei haben.\nIhr Kind muss beides immer zusammen dabei haben.\nIhr Kind muss beides immer zusammen dabei haben.\nIhr Kind muss beides immer zusammen dabei haben.\nIhr Kind muss beides immer zusammen dabei haben.\nIhr Kind muss beides immer zusammen dabei haben.\nIhr Kind muss beides immer zusammen dabei haben.\nIhr Kind muss beides immer zusammen dabei haben.\nIhr Kind muss beides immer zusammen dabei haben.\nIhr Kind muss beides immer zusammen dabei haben.\nIhr Kind muss beides immer zusammen dabei haben.\nIhr Kind muss beides immer zusammen dabei haben.\nIhr Kind muss beides immer zusammen dabei haben.\nIhr Kind muss beides immer zusammen dabei haben.\nIhr Kind muss beides immer zusammen dabei haben.\nIhr Kind muss beides immer zusammen dabei haben.\nIhr Kind muss beides immer zusammen dabei haben.\nIhr Kind muss beides immer zusammen dabei haben.\nIhr Kind muss beides immer zusammen dabei haben.\nIhr Kind muss beides immer zusammen dabei haben.\nIhr Kind muss beides immer zusammen dabei haben.\nIhr Kind muss beides immer zusammen dabei haben.\nIhr Kind muss beides immer zusammen dabei haben.\nIhr Kind muss beides immer zusammen dabei haben.\nIhr Kind muss beides immer zusammen dabei haben.\nIhr Kind muss beides immer zusammen dabei haben.\nIhr Kind muss beides immer zusammen dabei haben.\nIhr Kind muss beides immer zusammen dabei haben.\nIhr Kind muss beides immer zusammen dabei haben.\nIhr Kind muss beides immer zusammen dabei haben.\nIhr Kind muss beides immer zusammen dabei haben.\nIhr Kind muss beides immer zusammen dabei haben.\nIhr Kind muss beides immer zusammen dabei haben.\nIhr Kind muss beides immer zusammen dabei haben.\nIhr Kind muss beides immer zusammen dabei haben.\nIhr Kind muss beides immer zusammen dabei haben.\nIhr Kind muss beides immer zusammen dabei haben.\nIhr Kind muss beides immer zusammen dabei haben.\nIhr Kind muss beides immer zusammen dabei haben.\nIhr Kind muss beides immer zusammen dabei haben.\nIhr Kind muss beides immer zusammen dabei haben.\nIhr Kind muss beides immer zusammen dabei haben.\nIhr Kind muss beides immer zusammen dabei haben.\nIhr Kind muss beides immer zusammen dabei haben.\nIhr Kind muss beides immer zusammen dabei haben.\nIhr Kind muss beides immer zusammen dabei haben.\nIhr Kind muss beides immer zusammen dabei haben.\nIhr Kind muss beides immer zusammen dabei haben.\nIhr Kind muss beides immer zusammen dabei haben.\nIhr Kind muss beides immer zusammen dabei haben.\nIhr Kind muss beides immer zusammen dabei haben.\nIhr Kind muss beides immer
Benötigte Unterlagen\n\nFür den Antrag, zur Verlängerung oder für Aktualisierung des Lichtbildes:\n* Aktuelles biometrisches Passfoto des Kindes\n* Personalausweis oder Reisepass aller sorgeberechtigten Personen\n* Falls erforderlich: Zustimmungserklärung des abwesenden Elternteils\n* (zum Download erhältlich)\n* Bisheriges Ausweisdokument des Kindes (falls vorhanden), ansonsten die Geburtsurkunde des Kindes im Original\n\nFür die Eintragung der sorgeberechtigten Elternteile in den Kinderpass zusätzlich:\n* Antrag auf Eintragung sorgeberechtigter Elternteile (zum Download erhältlich);Was müssen Sie mitbringen?\n* Sie müssen mitbringen:\n  * Den alten Kinder-Reise-Pass.\n    * Wenn Ihr Kind schon einen hat.\n  * Oder die Geburts-Urkunde von Ihrem Kind.\n    * Die Geburts-Urkunde muss im Original sein.\n    * Eine Kopie reicht nicht.\n  * Ein aktuelles Foto von Ihrem Kind.\n    * Das Foto muss biometrisch sein.\n    * Das heißt:\n      * Das Gesicht von Ihrem Kind muss gut zu erkennen sein.\n      * Ihr Kind muss auf dem Foto gerade in die Kamera schauen.\n      * Der Hintergrund muss einfarbig sein.\n      * Das Foto darf keine Schatten haben.\n      * Das Foto darf keine Kopf-Bekleidung haben.\n      * Das Foto darf keine Brille haben.\n      * Das Foto darf keine Verzerrung haben.\n      * Das Foto darf nicht älter als 6 Monate sein.\n  * Den Personal-Ausweis von Ihnen.\n    * Oder Ihren Reise-Pass.\n  * Den Personal-Ausweis von Ihrem Mann.\n    * Oder den Reise-Pass von Ihrem Mann.\n    * Wenn Sie verheiratet sind.\n  * Oder den Personal-Ausweis von Ihrem Lebens-Partner.\n    * Oder den Reise-Pass von Ihrem Lebens-Partner.\n    * Wenn Sie mit Ihrem Lebens-Partner zusammen wohnen.\n  * Wenn Sie geschieden sind:\n    * Die Scheidungs-Urkunde.\n  * Wenn Sie verwitwet sind:\n    * Die Sterbe-Urkunde von Ihrem Mann.\n    * Oder von Ihrem Lebens-Partner.\n  * Wenn Sie nicht in München wohnen:\n    * Die Melde-Bescheinigung von Ihnen.\n    * Die Melde-Bescheinigung von Ihrem Mann.\n    * Oder von Ihrem Lebens-Partner.\n    * Die Melde-Bescheinigung von Ihrem Kind.\n    * Die Melde-Bescheinigung von Ihrem Lebens-Partner.\n    * Die Melde-Bescheinigung von Ihrem Kind.\n    * Die Melde-Bescheinigung von Ihrem Lebens-Partner.\n    * Die Melde-Bescheinigung von Ihrem Kind.\n    * Die Melde-Bescheinigung von Ihrem Lebens-Partner.\n    * Die Melde-Bescheinigung von Ihrem Kind.\n    * Die Melde-Bescheinigung von Ihrem Lebens-Partner.\n    * Die Melde-Bescheinigung von Ihrem Kind.\n    * Die Melde-Bescheinigung von Ihrem Lebens-Partner.\n    * Die Melde-Bescheinigung von Ihrem Kind.\n    * Die Melde-Bescheinigung von Ihrem Lebens-Partner.\n    * Die Melde-Bescheinigung von Ihrem Kind.\n    * Die Melde-Bescheinigung von Ihrem Lebens-Partner.\n    * Die Melde-Bescheinigung von Ihrem Kind.\n    * Die Melde-Bescheinigung von Ihrem Lebens-Partner.\n    * Die Melde-Bescheinigung von Ihrem Kind.\n    * Die Melde-Bescheinigung von Ihrem Lebens-Partner.\n    * Die Melde-Bescheinigung von Ihrem Kind.\n    * Die Melde-Bescheinigung von Ihrem Lebens-Partner.\n    * Die Melde-Bescheinigung von Ihrem Kind.\n    * Die Melde-Bescheinigung von Ihrem Lebens-Partner.\n    * Die Melde-Bescheinigung von Ihrem Kind.\n    * Die Melde-Bescheinigung von Ihrem Lebens-Partner.\n    * Die Melde-Bescheinigung von Ihrem Kind.\n    * Die Melde-Bescheinigung von Ihrem Lebens-Partner.\n    * Die Melde-Bescheinigung von Ihrem Kind.\n    * Die Melde-Bescheinigung von Ihrem Lebens-Partner.\n    * Die Melde-Bescheinigung von Ihrem Kind.\n    * Die Melde-Bescheinigung von Ihrem Lebens-Partner.\n    * Die Melde-Bescheinigung von Ihrem Kind.\n    * Die Melde-Bescheinigung von Ihrem Lebens-Partner.\n    * Die Melde-Bescheinigung von Ihrem Kind.\n    * Die Melde-Bescheinigung von Ihrem Lebens-Partner.\n    * Die Melde-Bescheinigung von Ihrem Kind.\n    * Die Melde-Bescheinigung von Ihrem Lebens-Partner.\n    * Die Melde-Bescheinigung von Ihrem Kind.\n    * Die Melde-Bescheinigung von Ihrem Lebens-Partner.\n    * Die Melde-Bescheinigung von Ihrem Kind.\n    * Die Melde-Bescheinigung von Ihrem Lebens-Partner.\n    * Die Melde-Bescheinigung von Ihrem Kind.\n    * Die Melde-Bescheinigung von Ihrem Lebens-Partner.\n    * Die Melde-Bescheinigung von Ihrem Kind.\n    * Die Melde-Bescheinigung von Ihrem Lebens-Partner.\n    * Die Melde-Bescheinigung von Ihrem Kind.\n    * Die Melde-Bescheinigung von Ihrem Lebens-Partner.\n    * Die Melde-Bescheinigung von Ihrem Kind.\n    * Die Melde-Bescheinigung von Ihrem Lebens-Partner.\n    * Die Melde-Bescheinigung von Ihrem Kind.\n    * Die Melde-Bescheinigung von Ihrem Lebens-Partner.\n    * Die Melde-Bescheinigung von Ihrem Kind.\n    * Die Melde-Bescheinigung von Ihrem Lebens-Partner.\n    * Die Melde-Bescheinigung von Ihrem Kind.\n    * Die Melde-Bescheinigung von Ihrem Lebens-Partner.\n    * Die Melde-Bescheinigung von Ihrem Kind.\n    * Die Melde-Bescheinigung von Ihrem Lebens-Partner.\n    * Die Melde-Bescheinigung von Ihrem Kind.\n    * Die Melde-Bescheinigung von Ihrem Lebens-Partner.\n    * Die Melde-Bescheinigung von Ihrem Kind.\n    * Die Melde-Bescheinigung von Ihrem Lebens-Partner.\n    * Die Melde-Bescheinigung von Ihrem Kind.\n    * Die Melde-Bescheinigung von Ihrem Lebens-Partner.\n    * Die Melde-Bescheinigung von Ihrem Kind.\n    * Die Melde-Bescheinigung von Ihrem Lebens-Partner.\n    * Die Melde-Bescheinigung von Ihrem Kind.\n    * Die Melde-Bescheinigung von Ihrem Lebens-Partner.\n    * Die Melde-Bescheinigung von Ihrem Kind.\n    * Die Melde-Bescheinigung von Ihrem Lebens-Partner.\n    * Die Melde-Bescheinigung von Ihrem Kind.\n    * Die Melde-Bescheinigung von Ihrem Lebens-Partner.\n    * Die Melde-Bescheinigung von Ihrem Kind.\n    * Die Melde-Bescheinigung von Ihrem Lebens-Partner.\n    * Die Melde-Bescheinigung von Ihrem Kind.\n    * Die Melde-Bescheinigung von Ihrem Lebens-Partner.\n    * Die Melde-Bescheinigung von Ihrem Kind.\n    * Die Melde-Bescheinigung von Ihrem Lebens-Partner.\n    * Die Melde-Bescheinigung von Ihrem Kind.\n    * Die Melde-Bescheinigung von Ihrem Lebens-Partner.\n    * Die Melde-Bescheinigung von Ihrem Kind.\n    * Die Melde-Bescheinigung von Ihrem Lebens-Partner.\n    * Die Melde-Bescheinigung von Ihrem Kind.\n    * Die Melde-Bescheinigung von Ihrem Lebens-Partner.\n    * Die Melde-Bescheinigung von Ihrem Kind.\n    * Die Melde-Bescheinigung von Ihrem Lebens-Partner.\n    * Die Melde-Bescheinigung von Ihrem Kind.\n    * Die Melde-Bescheinigung von Ihrem Lebens-Partner.\n    * Die Melde-Bescheinigung von Ihrem Kind.\n    * Die Melde-Bescheinigung von Ihrem Lebens-Partner.\n    * Die Melde-Bescheinigung von Ihrem Kind.\n    * Die Melde-Bescheinigung von Ihrem Lebens-Partner.\n    * Die Melde-Bescheinigung von Ihrem Kind.\n    * Die Melde-Bescheinigung von Ihrem Lebens-Partner.\n    * Die Melde-Bescheinigung von Ihrem Kind.\n    * Die Melde-Bescheinigung von Ihrem Lebens-Partner.\n    * Die Melde-Bescheinigung von Ihrem Kind.\n    * Die Melde-Bescheinigung von Ihrem Lebens-Partner.\n    * Die Melde-Bescheinigung von Ihrem Kind.\n    * Die Melde-Bescheinigung von Ihrem Lebens-Partner.\n    * Die Melde-Bescheinigung von Ihrem Kind.\n    * Die Melde-Bescheinigung von Ihrem Lebens-Partner.\n    * Die Melde-Bescheinigung von Ihrem Kind.\n    * Die Melde-Bescheinigung von Ihrem Lebens-Partner.\n    * Die Melde-Bescheinigung von Ihrem Kind.\n    * Die Melde-Bescheinigung von Ihrem Lebens-Partner.\n    * Die Melde-Bescheinigung von Ihrem Kind.\n    * Die Melde-Bescheinigung von Ihrem Lebens-Partner.\n    * Die Melde-Bescheinigung von Ihrem Kind.\n    * Die Melde-Bescheinigung von Ihrem Lebens-Partner.\n    * Die Melde-Bescheinigung von Ihrem Kind.\n    * Die Melde-Bescheinigung von Ihrem Lebens-Partner.\n    * Die Melde-Bescheinigung von Ihrem Kind.\n    * Die Melde-Bescheinigung von Ihrem Lebens-Partner.\n    * Die Melde-Bescheinigung von Ihrem Kind.\n    * Die Melde-Bescheinigung von Ihrem Lebens-Partner.\n    * Die Melde-Bescheinigung von Ihrem Kind.\n    * Die Melde-Bescheinigung von Ihrem Lebens-Partner.\n    * Die Melde-Bescheinigung von Ihrem Kind.\n    * Die Melde-Bescheinigung von Ihrem Lebens-Partner.\n    * Die Melde-Bescheinigung von Ihrem Kind.\n    * Die Melde-Bescheinigung von Ihrem Lebens-Partner.\n    * Die Melde-Bescheinigung von Ihrem Kind.\n    * Die Melde-Bescheinigung von Ihrem Lebens-Partner.\n    * Die Melde-Bescheinigung von Ihrem Kind.\n    * Die Melde-Bescheinigung von Ihrem Lebens-Partner.\n    * Die Melde-Bescheinigung von Ihrem Kind.\n    * Die Melde-Bescheinigung von Ihrem Lebens-Partner.\n    * Die Melde-Bescheinigung von Ihrem Kind.\n    * Die Melde-Bescheinigung von Ihrem Lebens-Partner.\n    * Die Melde-Bescheinigung von Ihrem Kind.\n    * Die Melde-Bescheinigung von Ihrem Lebens-Partner.\n    * Die Melde-Bescheinigung von Ihrem Kind.\n    * Die Melde-Bescheinigung von Ihrem Lebens-Partner.\n    * Die Melde-Bescheinigung von Ihrem Kind.\n    * Die Melde-Bescheinigung von Ihrem Lebens-Partner.\n    * Die Melde-Bescheinigung von Ihrem Kind.\n    * Die Melde-Bescheinigung von Ihrem Lebens-Partner.\n    * Die Melde-Bescheinigung von Ihrem Kind.\n    * Die Melde-Bescheinigung von Ihrem Lebens-Partner.\n    * Die Melde-Bescheinigung von Ihrem Kind.\n    * Die Melde-Bescheinigung von Ihrem Lebens-Partner.\n    * Die Melde-Bescheinigung von Ihrem Kind.\n    * Die Melde-Bescheinigung von Ihrem Lebens-Partner.\n    * Die Melde-Bescheinigung von Ihrem Kind.\n    * Die Melde-Bescheinigung von Ihrem Lebens-Partner.\n    * Die Melde-Bescheinigung von Ihrem Kind.\n    * Die Melde-Bescheinigung von Ihrem Lebens-Partner.\n    * Die Melde-Bescheinigung von Ihrem Kind.\n    * Die Melde-Bescheinigung von Ihrem Lebens-Partner.\n    * Die Melde-Bescheinigung von Ihrem Kind.\n    * Die Melde-Bescheinigung von Ihrem Lebens-Partner.\n    * Die Melde-Bescheinigung von Ihrem Kind.\n    * Die Melde-Bescheinigung von Ihrem Lebens-Partner.\n    * Die Melde-Bescheinigung von Ihrem Kind.\n    * Die Melde-Bescheinigung von Ihrem Lebens-Partner.\n    * Die Melde-Bescheinigung von Ihrem Kind.\n    * Die Melde-Bescheinigung von Ihrem Lebens-Partner.\n    * Die Melde-Bescheinigung von Ihrem Kind.\n    * Die Melde-Bescheinigung von Ihrem Lebens-Partner.\n    * Die Melde-Bescheinigung von Ihrem Kind.\n    * Die Melde-Bescheinigung von Ihrem Lebens-Partner.\n    * Die Melde-Bescheinigung von Ihrem Kind.\n    * Die Melde-Bescheinigung von Ihrem Lebens-Partner.\n    * Die Melde-Bescheinigung von Ihrem Kind.\n    * Die Melde-Bescheinigung von Ihrem Lebens-Partner.\n    * Die Melde-Bescheinigung von Ihrem Kind.\n    * Die Melde-Bescheinigung von Ihrem Lebens-Partner.\n    * Die Melde-Bescheinigung von Ihrem Kind.\n    * Die Melde-Bescheinigung von Ihrem Lebens-Partner.\n    * Die Melde-Bescheinigung von Ihrem Kind.\n    * Die Melde-Bescheinigung von Ihrem Lebens-Partner.\n    * Die Melde-Bescheinigung von Ihrem Kind.\n    * Die Melde-Bescheinigung von Ihrem Lebens-Partner.\n    * Die Melde-Bescheinigung von Ihrem Kind.\n    * Die Melde-Bescheinigung von Ihrem Lebens-Partner.\n    * Die Melde-Bescheinigung von Ihrem Kind.\n    * Die Melde-Bescheinigung von Ihrem Lebens-Partner.\n    * Die Melde-Bescheinigung von Ihrem Kind.\n    * Die Melde-Bescheinigung von Ihrem Lebens-Partner.\n    * Die Melde-Bescheinigung von Ihrem Kind.\n    * Die Melde-Bescheinigung von Ihrem Lebens-Partner.\n    * Die Melde-Bescheinigung von Ihrem Kind.\n    * Die Melde-Bescheinigung von Ihrem Lebens-Partner.\n    * Die Melde-Bescheinigung von Ihrem Kind.\n    * Die Melde-Bescheinigung von Ihrem Lebens-Partner.\n    * Die Melde-Bescheinigung von Ihrem Kind.\n    * Die Melde-Bescheinigung von Ihrem Lebens-Partner.\n    * Die Melde-Bescheinigung von Ihrem Kind.\n    * Die Melde-Bescheinigung von Ihrem Lebens-Partner.\n    * Die Melde-Bescheinigung von Ihrem Kind.\n    * Die Melde-Bescheinigung von Ihrem Lebens-Partner.\n    * Die Melde-Bescheinigung von Ihrem Kind.\n    * Die Melde-Bescheinigung von Ihrem Lebens-Partner.\n    * Die Melde-Bescheinigung von Ihrem Kind.\n    * Die Melde-Bescheinigung von Ihrem Lebens-Partner.\n    * Die Melde-Bescheinigung von Ihrem Kind.\n    * Die Melde-Bescheinigung von Ihrem Lebens-Partner.\n    * Die Melde-Bescheinigung von Ihrem Kind.\n    * Die Melde-Bescheinigung von Ihrem Lebens-Partner.\n    * Die Melde-Bescheinigung von Ihrem Kind.\n    * Die Melde-Bescheinigung von Ihrem Lebens-Partner.\n    * Die Melde-Bescheinigung von Ihrem Kind.\n    * Die Melde-Bescheinigung von Ihrem Lebens-Partner.\n    * Die Melde-Bescheinigung von Ihrem Kind.\n    * Die Melde-Bescheinigung von Ihrem Lebens-Partner.\n    * Die Melde-Bescheinigung von Ihrem Kind.\n    * Die Melde-Bescheinigung von Ihrem Lebens-Partner.\n    * Die Melde-Bescheinigung von Ihrem Kind.\n    * Die Melde-Bescheinigung von Ihrem Lebens-Partner.\n    * Die Melde-Bescheinigung von Ihrem Kind.\n    * Die Melde-Bescheinigung von Ihrem Lebens-Partner.\n    * Die Melde-Bescheinigung von Ihrem Kind.\n    * Die Melde-Bescheinigung von Ihrem Lebens-Partner.\n    * Die Melde-Bescheinigung von Ihrem Kind.\n    * Die Melde-Bescheinigung von Ihrem Lebens-Partner.\n    * Die Melde-Bescheinigung von Ihrem Kind.\n    * Die Melde-Bescheinigung von Ihrem Lebens-Partner.\n    * Die Melde-Bescheinigung von Ihrem Kind.\n    * Die Melde-Bescheinigung von Ihrem Lebens-Partner.\n    * Die Melde-Bescheinigung von Ihrem Kind.\n    * Die Melde-Bescheinigung von Ihrem Lebens-Partner.\n    * Die Melde-Bescheinigung von Ihrem Kind.\n    * Die Melde-Bescheinigung von Ihrem Lebens-Partner.\n    * Die Melde-Bescheinigung von Ihrem Kind.\n    * Die Melde-Bescheinigung von Ihrem Lebens-Partner.\n    * Die Melde-Bescheinigung von Ihrem Kind.\n    * Die Melde-Bescheinigung von Ihrem Lebens-Partner.\n    * Die Melde-Bescheinigung von Ihrem Kind.\n    * Die Melde-Bescheinigung von Ihrem Lebens-Partner.\n    * Die Melde-Bescheinigung von Ihrem Kind.\n    * Die Melde-Bescheinigung von Ihrem Lebens-Partner.\n    * Die Melde-Bescheinigung von Ihrem Kind.\n    * Die Melde-Bescheinigung von Ihrem Lebens-Partner.\n    * Die Melde-Bescheinigung von Ihrem Kind.\n    * Die Melde-Bescheinigung von Ihrem Lebens-Partner.\n    * Die Melde-Bescheinigung von Ihrem Kind.\n    * Die Melde-Bescheinigung von Ihrem Lebens-Partner.\n    * Die Melde-Bescheinigung von Ihrem Kind.\n    * Die Melde-Bescheinigung von Ihrem Lebens-Partner.\n    * Die Melde-Bescheinigung von Ihrem Kind.\n    * Die Melde-Bescheinigung von Ihrem Lebens-Partner.\n    * Die Melde-Bescheinigung von Ihrem Kind.\n    * Die Melde-Bescheinigung von Ihrem Lebens-Partner.\n    * Die Melde-Bescheinigung von Ihrem Kind.\n    * Die Melde-Bescheinigung von Ihrem Lebens-Partner.\n    * Die Melde-Bescheinigung von Ihrem Kind.\n    * Die Melde-Bescheinigung von Ihrem Lebens-Partner.\n    * Die Melde-Bescheinigung von Ihrem Kind.\n    * Die Melde-Bescheinigung von Ihrem Lebens-Partner.\n    * Die Melde-Bescheinigung von Ihrem Kind.\n    * Die Melde-Bescheinigung von Ihrem Lebens-Partner.\n    * Die Melde-Bescheinigung von Ihrem Kind.\n    * Die Melde-Bescheinigung von Ihrem Lebens-Partner.\n    * Die Melde-Bescheinigung von Ihrem Kind.\n    * Die Melde-Bescheinigung von Ihrem Lebens-Partner.\n    * Die Melde-Bescheinigung von Ihrem Kind.\n    * Die Melde-Bescheinigung von Ihrem Lebens-Partner.\n    * Die Melde-Bescheinigung von Ihrem Kind.\n    * Die Melde-Bescheinigung von Ihrem Lebens-Partner.\n    * Die Melde-Bescheinigung von Ihrem Kind.\n    * Die Melde-Bescheinigung von Ihrem Lebens-Partner.\n    * Die Melde-Bescheinigung von Ihrem Kind.\n    * Die Melde-Bescheinigung von Ihrem Lebens-Partner.\n    * Die Melde-Bescheinigung von Ihrem Kind.\n    * Die Melde-Bescheinigung von Ihrem Lebens-Partner.\n
Bearbeitungszeit\nDer Kinderreisepass wird bei Vorlage aller erforderlichen Unterlagen in der Regel sofort ausgestellt.;Wie lange dauert es, bis der Kinder-Reise-Pass fertig ist?\nSie können den Kinder-Reise-Pass sofort mitnehmen.
Gebührenrahmen\nKinderreisepass: 13 Euro;Der Kinder-Reise-Pass kostet 13 Euro.
Können Kinder auch einen regulären Reisepass bekommen?\n\nJa. Bei Reisen in einige Länder ist dieser Reisepass sogar vorgeschrieben. Es kann aber nur entweder ein Kinderreisepass ausgestellt oder ein maschinenlesbarer Reisepass beantragt werden.\n\nVorteil Reisepass: er ist in allen Ländern gültig, kostet unter 24 Jahren: 37,50 Euro.\nVorteil Kinderreisepass: er kostet nur 13 Euro.;Können Kinder auch einen regulären Reise-Pass bekommen?\n\nJa.\nAber es gibt einen Unterschied:\nDer Kinder-Reise-Pass ist nur in manchen Ländern gültig.\nDer Personal-Ausweis und der Reise-Pass sind in allen Ländern gültig.\nDer Kinder-Reise-Pass kostet weniger als der Reise-Pass.\nDer Kinder-Reise-Pass kostet 13 Euro.\nDer Reise-Pass kostet 37,50 Euro.\nKinder können einen Kinder-Reise-Pass bekommen.\nKinder können auch einen Reise-Pass bekommen.\nDer Reise-Pass ist für Kinder unter 24 Jahren billiger als für Erwachsene.
Sie haben Müll im öffentlichen Verkehrsraum, also auf Straßen, Plätzen, Geh- und Radwege oder Grünstreifen gefunden? Melden Sie uns die Verschmutzung!;Sie haben Müll auf der Straße gefunden?\nOder auf einem Geh-Weg?\nOder auf einem Platz?\nOder auf einem Rad-Weg?\nOder auf einem Grün-Streifen?\nDann können Sie das melden.\nDas nennt man Verschmutzung.\nDie Verschmutzung wird dann weg gemacht.\nSie können die Verschmutzung melden.\nDas nennt man Anzeige erstatten.\nSie können die Anzeige online machen.\nOder Sie kommen zu uns.\nOder Sie rufen uns an.\nOder Sie schreiben uns einen Brief.\nOder Sie schicken uns ein Fax.
Ich habe eine Verschmutzung oder Müll im öffentlichen Raum gesehen.;Ich habe eine Verschmutzung oder Müll im öffentlichen Raum gesehen.
Der München-Pass ermöglicht Münchner Bürger*innen mit geringem Einkommen eine Vielzahl von Ermßigungen in den Bereichen Bildung, Gesundheit/Sport, Kultur/Kunst, MVV;Was ist der München-Pass?\nDer München-Pass ist eine Karte.\nMit der Karte bekommen Sie viele Sachen billiger.\nZum Beispiel:\n* Bus-Fahren\n* Schwimmen\n* Theater-Karten\n* Eintritt in Museen\n* VHS-Kurse\n* VHS-Kurse sind Kurse von der Volkshochschule.\n  Zum Beispiel:\n  * Deutsch-Kurse\n  * Computer-Kurse\n  * Koch-Kurse\n  * Sport-Kurse\n  * Tanz-Kurse\n  * Mal-Kurse\n  * Foto-Kurse\n  * Kurse über Geschichte\n  * Kurse über Politik\n  * Kurse über Kunst\n  * Kurse über Musik\n  * Kurse über Literatur\n  * Kurse über Theater\n  * Kurse über Film\n  * Kurse über Natur-Wissenschaften\n  * Kurse über Technik\n  * Kurse über Gesundheit\n  * Kurse über Entspannung\n  * Kurse über Kreativität\n  * Kurse über Beruf\n  * Kurse über Sprachen\n  * Kurse über Recht\n  * Kurse über Religion\n  * Kurse über Philosophie\n  * Kurse über Psychologie\n  * Kurse über Pädagogik\n  * Kurse über Soziales\n  * Kurse über Umwelt\n  * Kurse über Verbraucher-Kunde\n  * Kurse über Politik\n  * Kurse über Gesellschaft\n  * Kurse über Geschichte\n  * Kurse über Kultur\n  * Kurse über Kunst\n  * Kurse über Musik\n  * Kurse über Literatur\n  * Kurse über Theater\n  * Kurse über Film\n  * Kurse über Natur-Wissenschaften\n  * Kurse über Technik\n  * Kurse über Gesundheit\n  * Kurse über Entspannung\n  * Kurse über Kreativität\n  * Kurse über Beruf\n  * Kurse über Sprachen\n  * Kurse über Recht\n  * Kurse über Religion\n  * Kurse über Philosophie\n  * Kurse über Psychologie\n  * Kurse über Pädagogik\n  * Kurse über Soziales\n  * Kurse über Umwelt\n  * Kurse über Verbraucher-Kunde\n  * Kurse über Politik\n  * Kurse über Gesellschaft\n  * Kurse über Geschichte\n  * Kurse über Kultur\n  * Kurse über Kunst\n  * Kurse über Musik\n  * Kurse über Literatur\n  * Kurse über Theater\n  * Kurse über Film\n  * Kurse über Natur-Wissenschaften\n  * Kurse über Technik\n  * Kurse über Gesundheit\n  * Kurse über Entspannung\n  * Kurse über Kreativität\n  * Kurse über Beruf\n  * Kurse über Sprachen\n  * Kurse über Recht\n  * Kurse über Religion\n  * Kurse über Philosophie\n  * Kurse über Psychologie\n  * Kurse über Pädagogik\n  * Kurse über Soziales\n  * Kurse über Umwelt\n  * Kurse über Verbraucher-Kunde\n  * Kurse über Politik\n  * Kurse über Gesellschaft\n  * Kurse über Geschichte\n  * Kurse über Kultur\n  * Kurse über Kunst\n  * Kurse über Musik\n  * Kurse über Literatur\n  * Kurse über Theater\n  * Kurse über Film\n  * Kurse über Natur-Wissenschaften\n  * Kurse über Technik\n  * Kurse über Gesundheit\n  * Kurse über Entspannung\n  * Kurse über Kreativität\n  * Kurse über Beruf\n  * Kurse über Sprachen\n  * Kurse über Recht\n  * Kurse über Religion\n  * Kurse über Philosophie\n  * Kurse über Psychologie\n  * Kurse über Pädagogik\n  * Kurse über Soziales\n  * Kurse über Umwelt\n  * Kurse über Verbraucher-Kunde\n  * Kurse über Politik\n  * Kurse über Gesellschaft\n  * Kurse über Geschichte\n  * Kurse über Kultur\n  * Kurse über Kunst\n  * Kurse über Musik\n  * Kurse über Literatur\n  * Kurse über Theater\n  * Kurse über Film\n  * Kurse über Natur-Wissenschaften\n  * Kurse über Technik\n  * Kurse über Gesundheit\n  * Kurse über Entspannung\n  * Kurse über Kreativität\n  * Kurse über Beruf\n  * Kurse über Sprachen\n  * Kurse über Recht\n  * Kurse über Religion\n  * Kurse über Philosophie\n  * Kurse über Psychologie\n  * Kurse über Pädagogik\n  * Kurse über Soziales\n  * Kurse über Umwelt\n  * Kurse über Verbraucher-Kunde\n  * Kurse über Politik\n  * Kurse über Gesellschaft\n  * Kurse über Geschichte\n  * Kurse über Kultur\n  * Kurse über Kunst\n  * Kurse über Musik\n  * Kurse über Literatur\n  * Kurse über Theater\n  * Kurse über Film\n  * Kurse über Natur-Wissenschaften\n  * Kurse über Technik\n  * Kurse über Gesundheit\n  * Kurse über Entspannung\n  * Kurse über Kreativität\n  * Kurse über Beruf\n  * Kurse über Sprachen\n  * Kurse über Recht\n  * Kurse über Religion\n  * Kurse über Philosophie\n  * Kurse über Psychologie\n  * Kurse über Pädagogik\n  * Kurse über Soziales\n  * Kurse über Umwelt\n  * Kurse über Verbraucher-Kunde\n  * Kurse über Politik\n  * Kurse über Gesellschaft\n  * Kurse über Geschichte\n  * Kurse über Kultur\n  * Kurse über Kunst\n  * Kurse über Musik\n  * Kurse über Literatur\n  * Kurse über Theater\n  * Kurse über Film\n  * Kurse über Natur-Wissenschaften\n  * Kurse über Technik\n  * Kurse über Gesundheit\n  * Kurse über Entspannung\n  * Kurse über Kreativität\n  * Kurse über Beruf\n  * Kurse über Sprachen\n  * Kurse über Recht\n  * Kurse über Religion\n  * Kurse über Philosophie\n  * Kurse über Psychologie\n  * Kurse über Pädagogik\n  * Kurse über Soziales\n  * Kurse über Umwelt\n  * Kurse über Verbraucher-Kunde\n  * Kurse über Politik\n  * Kurse über Gesellschaft\n  * Kurse über Geschichte\n  * Kurse über Kultur\n  * Kurse über Kunst\n  * Kurse über Musik\n  * Kurse über Literatur\n  * Kurse über Theater\n  * Kurse über Film\n  * Kurse über Natur-Wissenschaften\n  * Kurse über Technik\n  * Kurse über Gesundheit\n  * Kurse über Entspannung\n  * Kurse über Kreativität\n  * Kurse über Beruf\n  * Kurse über Sprachen\n  * Kurse über Recht\n  * Kurse über Religion\n  * Kurse über Philosophie\n  * Kurse über Psychologie\n  * Kurse über Pädagogik\n  * Kurse über Soziales\n  * Kurse über Umwelt\n  * Kurse über Verbraucher-Kunde\n  * Kurse über Politik\n  * Kurse über Gesellschaft\n  * Kurse über Geschichte\n  * Kurse über Kultur\n  * Kurse über Kunst\n  * Kurse über Musik\n  * Kurse über Literatur\n  * Kurse über Theater\n  * Kurse über Film\n  * Kurse über Natur-Wissenschaften\n  * Kurse über Technik\n  * Kurse über Gesundheit\n  * Kurse über Entspannung\n  * Kurse über Kreativität\n  * Kurse über Beruf\n  * Kurse über Sprachen\n  * Kurse über Recht\n  * Kurse über Religion\n  * Kurse über Philosophie\n  * Kurse über Psychologie\n  * Kurse über Pädagogik\n  * Kurse über Soziales\n  * Kurse über Umwelt\n  * Kurse über Verbraucher-Kunde\n  * Kurse über Politik\n  * Kurse über Gesellschaft\n  * Kurse über Geschichte\n  * Kurse über Kultur\n  * Kurse über Kunst\n  * Kurse über Musik\n  * Kurse über Literatur\n  * Kurse über Theater\n  * Kurse über Film\n  * Kurse über Natur-Wissenschaften\n  * Kurse über Technik\n  * Kurse über Gesundheit\n  * Kurse über Entspannung\n  * Kurse über Kreativität\n  * Kurse über Beruf\n  * Kurse über Sprachen\n  * Kurse über Recht\n  * Kurse über Religion\n  * Kurse über Philosophie\n  * Kurse über Psychologie\n  * Kurse über Pädagogik\n  * Kurse über Soziales\n  * Kurse über Umwelt\n  * Kurse über Verbraucher-Kunde\n  * Kurse über Politik\n  * Kurse über Gesellschaft\n  * Kurse über Geschichte\n  * Kurse über Kultur\n  * Kurse über Kunst\n  * Kurse über Musik\n  * Kurse über Literatur\n  * Kurse über Theater\n  * Kurse über Film\n  * Kurse über Natur-Wissenschaften\n  * Kurse über Technik\n  * Kurse über Gesundheit\n  * Kurse über Entspannung\n  * Kurse über Kreativität\n  * Kurse über Beruf\n  * Kurse über Sprachen\n  * Kurse über Recht\n  * Kurse über Religion\n  * Kurse über Philosophie\n  * Kurse über Psychologie\n  * Kurse über Pädagogik\n  * Kurse über Soziales\n  * Kurse über Umwelt\n  * Kurse über Verbraucher-Kunde\n  * Kurse über Politik\n  * Kurse über Gesellschaft\n  * Kurse über Geschichte\n  * Kurse über Kultur\n  * Kurse über Kunst\n  * Kurse über Musik\n  * Kurse über Literatur\n  * Kurse über Theater\n  * Kurse über Film\n  * Kurse über Natur-Wissenschaften\n  * Kurse über Technik\n  * Kurse über Gesundheit\n  * Kurse über Entspannung\n  * Kurse über Kreativität\n  * Kurse über Beruf\n  * Kurse über Sprachen\n  * Kurse über Recht\n  * Kurse über Religion\n  * Kurse über Philosophie\n  * Kurse über Psychologie\n  * Kurse über Pädagogik\n  * Kurse über Soziales\n  * Kurse über Umwelt\n  * Kurse über Verbraucher-Kunde\n  * Kurse über Politik\n  * Kurse über Gesellschaft\n  * Kurse über Geschichte\n  * Kurse über Kultur\n  * Kurse über Kunst\n  * Kurse über Musik\n  * Kurse über Literatur\n  * Kurse über Theater\n  * Kurse über Film\n  * Kurse über Natur-Wissenschaften\n  * Kurse über Technik\n  * Kurse über Gesundheit\n  * Kurse über Entspannung\n  * Kurse über Kreativität\n  * Kurse über Beruf\n  * Kurse über Sprachen\n  * Kurse über Recht\n  * Kurse über Religion\n  * Kurse über Philosophie\n  * Kurse über Psychologie\n  * Kurse über Pädagogik\n  * Kurse über Soziales\n  * Kurse über Umwelt\n  * Kurse über Verbraucher-Kunde\n  * Kurse über Politik\n  * Kurse über Gesellschaft\n  * Kurse über Geschichte\n  * Kurse über Kultur\n  * Kurse über Kunst\n  * Kurse über Musik\n  * Kurse über Literatur\n  * Kurse über Theater\n  * Kurse über Film\n  * Kurse über Natur-Wissenschaften\n  * Kurse über Technik\n  * Kurse über Gesundheit\n  * Kurse über Entspannung\n  * Kurse über Kreativität\n  * Kurse über Beruf\n  * Kurse über Sprachen\n  * Kurse über Recht\n  * Kurse über Religion\n  * Kurse über Philosophie\n  * Kurse über Psychologie\n  * Kurse über Pädagogik\n  * Kurse über Soziales\n  * Kurse über Umwelt\n  * Kurse über Verbraucher-Kunde\n  * Kurse über Politik\n  * Kurse über Gesellschaft\n  * Kurse über Geschichte\n  * Kurse über Kultur\n  * Kurse über Kunst\n  * Kurse über Musik\n  * Kurse über Literatur\n  * Kurse über Theater\n  * Kurse über Film\n  * Kurse über Natur-Wissenschaften\n  * Kurse über Technik\n  * Kurse über Gesundheit\n  * Kurse über Entspannung\n  * Kurse über Kreativität\n  * Kurse über Beruf\n  * Kurse über Sprachen\n  * Kurse über Recht\n  * Kurse über Religion\n  * Kurse über Philosophie\n  * Kurse über Psychologie\n  * Kurse über Pädagogik\n  * Kurse über Soziales\n  * Kurse über Umwelt\n  * Kurse über Verbraucher-Kunde\n  * Kurse über Politik\n  * Kurse über Gesellschaft\n  * Kurse über Geschichte\n  * Kurse über Kultur\n  * Kurse über Kunst\n  * Kurse über Musik\n  * Kurse über Literatur\n  * Kurse über Theater\n  * Kurse über Film\n  * Kurse über Natur-Wissenschaften\n  * Kurse über Technik\n  * Kurse über Gesundheit\n  * Kurse über Entspannung\n  * Kurse über Kreativität\n  * Kurse über Beruf\n  * Kurse über Sprachen\n  * Kurse über Recht\n  * Kurse über Religion\n  * Kurse über Philosophie\n  * Kurse über Psychologie\n  * Kurse über Pädagogik\n  * Kurse über Soziales\n  * Kurse über Umwelt\n  * Kurse über Verbraucher-Kunde\n  * Kurse über Politik\n  * Kurse über Gesellschaft\n  * Kurse über Geschichte\n  * Kurse über Kultur\n  * Kurse über Kunst\n  * Kurse über Musik\n  * Kurse über Literatur\n  * Kurse über Theater\n  * Kurse über Film\n  * Kurse über Natur-Wissenschaften\n  * Kurse über Technik\n  * Kurse über Gesundheit\n  * Kurse über Entspannung\n  * Kurse über Kreativität\n  * Kurse über Beruf\n  * Kurse über Sprachen\n  * Kurse über Recht\n  * Kurse über Religion\n  * Kurse über Philosophie\n  * Kurse über Psychologie\n  * Kurse über Pädagogik\n  * Kurse über Soziales\n  * Kurse über Umwelt\n  * Kurse über Verbraucher-Kunde\n  * Kurse über Politik\n  * Kurse über Gesellschaft\n  * Kurse über Geschichte\n  * Kurse über Kultur\n  * Kurse über Kunst\n  * Kurse über Musik\n  * Kurse über Literatur\n  * Kurse über Theater\n  * Kurse über Film\n  * Kurse über Natur-Wissenschaften\n  * Kurse über Technik\n  * Kurse über Gesundheit\n  * Kurse über Entspannung\n  * Kurse über Kreativität\n  * Kurse über Beruf\n  * Kurse über Sprachen\n  * Kurse über Recht\n  * Kurse über Religion\n  * Kurse über Philosophie\n  * Kurse über Psychologie\n  * Kurse über Pädagogik\n  * Kurse über Soziales\n  * Kurse über Umwelt\n  * Kurse über Verbraucher-Kunde\n  * Kurse über Politik\n  * Kurse über Gesellschaft\n  * Kurse über Geschichte\n  * Kurse über Kultur\n  * Kurse über Kunst\n  * Kurse über Musik\n  * Kurse über Literatur\n  * Kurse über Theater\n  * Kurse über Film\n  * Kurse über Natur-Wissenschaften\n  * Kurse über Technik\n  * Kurse über Gesundheit\n  * Kurse über Entspannung\n  * Kurse über Kreativität\n  * Kurse über Beruf\n  * Kurse über Sprachen\n  * Kurse über Recht\n  * Kurse über Religion\n  * Kurse über Philosophie\n  * Kurse über Psychologie\n  * Kurse über Pädagogik\n  * Kurse über Soziales\n  * Kurse über Umwelt\n  * Kurse über Verbraucher-Kunde\n  * Kurse über Politik\n  * Kurse über Gesellschaft\n  * Kurse über Geschichte\n  * Kurse über Kultur\n  * Kurse über Kunst\n  * Kurse über Musik\n  * Kurse über Literatur\n  * Kurse über Theater\n  * Kurse über Film\n  * Kurse über Natur-Wissenschaften\n  * Kurse über Technik\n  * Kurse über Gesundheit\n  * Kurse über Entspannung\n  * Kurse über Kreativität\n  * Kurse über Beruf\n  * Kurse über Sprachen\n  * Kurse über Recht\n  * Kurse über Religion\n  * Kurse über Philosophie\n  * Kurse über Psychologie\n  * Kurse über Pädagogik\n  * Kurse über Soziales\n  * Kurse über Umwelt\n  * Kurse über Verbraucher-Kunde\n  * Kurse über Politik\n 
Der München-Pass ist eine freiwillige Leistung der Landeshauptstadt München und ermöglicht eine Vielzahl von Vergünstigungen bei städtischen und nicht städtischen Einrichtungen (zum Beispiel MVV, Museen, Sportstätten, Schwimmbäder, Kinos, Theater, Tierpark, und weitere).;Was ist der München-Pass?\nDer München-Pass ist eine Karte.\nMit der Karte bekommen Sie viele Vergünstigungen.\nVergünstigungen sind zum Beispiel:\n* Sie müssen weniger Geld bezahlen.\n* Sie bekommen etwas umsonst.\nZum Beispiel:\n* Sie bekommen eine Fahr-Karte für den Bus und die Tram.\n* Die Fahr-Karte kostet nur die Hälfte.\n* Sie bekommen eine Fahr-Karte für die S-Bahn.\n* Die Fahr-Karte kostet nur die Hälfte.\n* Sie bekommen eine Fahr-Karte für die U-Bahn.\n* Die Fahr-Karte kostet nur die Hälfte.\n* Sie bekommen eine Fahr-Karte für die S-Bahn.\n* Die Fahr-Karte kostet nur die Hälfte.\n* Sie bekommen eine Fahr-Karte für die Regional-Bahn.\n* Die Fahr-Karte kostet nur die Hälfte.\n* Sie bekommen eine Fahr-Karte für die Regional-Busse.\n* Die Fahr-Karte kostet nur die Hälfte.\n* Sie bekommen eine Fahr-Karte für die Tram.\n* Die Fahr-Karte kostet nur die Hälfte.\n* Sie bekommen eine Fahr-Karte für den Bus.\n* Die Fahr-Karte kostet nur die Hälfte.\n* Sie bekommen eine Fahr-Karte für die U-Bahn.\n* Die Fahr-Karte kostet nur die Hälfte.\n* Sie bekommen eine Fahr-Karte für die Tram.\n* Die Fahr-Karte kostet nur die Hälfte.\n* Sie bekommen eine Fahr-Karte für den Bus.\n* Die Fahr-Karte kostet nur die Hälfte.\n* Sie bekommen eine Fahr-Karte für die S-Bahn.\n* Die Fahr-Karte kostet nur die Hälfte.\n* Sie bekommen eine Fahr-Karte für die U-Bahn.\n* Die Fahr-Karte kostet nur die Hälfte.\n* Sie bekommen eine Fahr-Karte für die Tram.\n* Die Fahr-Karte kostet nur die Hälfte.\n* Sie bekommen eine Fahr-Karte für den Bus.\n* Die Fahr-Karte kostet nur die Hälfte.\n* Sie bekommen eine Fahr-Karte für die S-Bahn.\n* Die Fahr-Karte kostet nur die Hälfte.\n* Sie bekommen eine Fahr-Karte für die U-Bahn.\n* Die Fahr-Karte kostet nur die Hälfte.\n* Sie bekommen eine Fahr-Karte für die Tram.\n* Die Fahr-Karte kostet nur die Hälfte.\n* Sie bekommen eine Fahr-Karte für den Bus.\n* Die Fahr-Karte kostet nur die Hälfte.\n* Sie bekommen eine Fahr-Karte für die S-Bahn.\n* Die Fahr-Karte kostet nur die Hälfte.\n* Sie bekommen eine Fahr-Karte für die U-Bahn.\n* Die Fahr-Karte kostet nur die Hälfte.\n* Sie bekommen eine Fahr-Karte für die Tram.\n* Die Fahr-Karte kostet nur die Hälfte.\n* Sie bekommen eine Fahr-Karte für den Bus.\n* Die Fahr-Karte kostet nur die Hälfte.\n* Sie bekommen eine Fahr-Karte für die S-Bahn.\n* Die Fahr-Karte kostet nur die Hälfte.\n* Sie bekommen eine Fahr-Karte für die U-Bahn.\n* Die Fahr-Karte kostet nur die Hälfte.\n* Sie bekommen eine Fahr-Karte für die Tram.\n* Die Fahr-Karte kostet nur die Hälfte.\n* Sie bekommen eine Fahr-Karte für den Bus.\n* Die Fahr-Karte kostet nur die Hälfte.\n* Sie bekommen eine Fahr-Karte für die S-Bahn.\n* Die Fahr-Karte kostet nur die Hälfte.\n* Sie bekommen eine Fahr-Karte für die U-Bahn.\n* Die Fahr-Karte kostet nur die Hälfte.\n* Sie bekommen eine Fahr-Karte für die Tram.\n* Die Fahr-Karte kostet nur die Hälfte.\n* Sie bekommen eine Fahr-Karte für den Bus.\n* Die Fahr-Karte kostet nur die Hälfte.\n* Sie bekommen eine Fahr-Karte für die S-Bahn.\n* Die Fahr-Karte kostet nur die Hälfte.\n* Sie bekommen eine Fahr-Karte für die U-Bahn.\n* Die Fahr-Karte kostet nur die Hälfte.\n* Sie bekommen eine Fahr-Karte für die Tram.\n* Die Fahr-Karte kostet nur die Hälfte.\n* Sie bekommen eine Fahr-Karte für den Bus.\n* Die Fahr-Karte kostet nur die Hälfte.\n* Sie bekommen eine Fahr-Karte für die S-Bahn.\n* Die Fahr-Karte kostet nur die Hälfte.\n* Sie bekommen eine Fahr-Karte für die U-Bahn.\n* Die Fahr-Karte kostet nur die Hälfte.\n* Sie bekommen eine Fahr-Karte für die Tram.\n* Die Fahr-Karte kostet nur die Hälfte.\n* Sie bekommen eine Fahr-Karte für den Bus.\n* Die Fahr-Karte kostet nur die Hälfte.\n* Sie bekommen eine Fahr-Karte für die S-Bahn.\n* Die Fahr-Karte kostet nur die Hälfte.\n* Sie bekommen eine Fahr-Karte für die U-Bahn.\n* Die Fahr-Karte kostet nur die Hälfte.\n* Sie bekommen eine Fahr-Karte für die Tram.\n* Die Fahr-Karte kostet nur die Hälfte.\n* Sie bekommen eine Fahr-Karte für den Bus.\n* Die Fahr-Karte kostet nur die Hälfte.\n* Sie bekommen eine Fahr-Karte für die S-Bahn.\n* Die Fahr-Karte kostet nur die Hälfte.\n* Sie bekommen eine Fahr-Karte für die U-Bahn.\n* Die Fahr-Karte kostet nur die Hälfte.\n* Sie bekommen eine Fahr-Karte für die Tram.\n* Die Fahr-Karte kostet nur die Hälfte.\n* Sie bekommen eine Fahr-Karte für den Bus.\n* Die Fahr-Karte kostet nur die Hälfte.\n* Sie bekommen eine Fahr-Karte für die S-Bahn.\n* Die Fahr-Karte kostet nur die Hälfte.\n* Sie bekommen eine Fahr-Karte für die U-Bahn.\n* Die Fahr-Karte kostet nur die Hälfte.\n* Sie bekommen eine Fahr-Karte für die Tram.\n* Die Fahr-Karte kostet nur die Hälfte.\n* Sie bekommen eine Fahr-Karte für den Bus.\n* Die Fahr-Karte kostet nur die Hälfte.\n* Sie bekommen eine Fahr-Karte für die S-Bahn.\n* Die Fahr-Karte kostet nur die Hälfte.\n* Sie bekommen eine Fahr-Karte für die U-Bahn.\n* Die Fahr-Karte kostet nur die Hälfte.\n* Sie bekommen eine Fahr-Karte für die Tram.\n* Die Fahr-Karte kostet nur die Hälfte.\n* Sie bekommen eine Fahr-Karte für den Bus.\n* Die Fahr-Karte kostet nur die Hälfte.\n* Sie bekommen eine Fahr-Karte für die S-Bahn.\n* Die Fahr-Karte kostet nur die Hälfte.\n* Sie bekommen eine Fahr-Karte für die U-Bahn.\n* Die Fahr-Karte kostet nur die Hälfte.\n* Sie bekommen eine Fahr-Karte für die Tram.\n* Die Fahr-Karte kostet nur die Hälfte.\n* Sie bekommen eine Fahr-Karte für den Bus.\n* Die Fahr-Karte kostet nur die Hälfte.\n* Sie bekommen eine Fahr-Karte für die S-Bahn.\n* Die Fahr-Karte kostet nur die Hälfte.\n* Sie bekommen eine Fahr-Karte für die U-Bahn.\n* Die Fahr-Karte kostet nur die Hälfte.\n* Sie bekommen eine Fahr-Karte für die Tram.\n* Die Fahr-Karte kostet nur die Hälfte.\n* Sie bekommen eine Fahr-Karte für den Bus.\n* Die Fahr-Karte kostet nur die Hälfte.\n* Sie bekommen eine Fahr-Karte für die S-Bahn.\n* Die Fahr-Karte kostet nur die Hälfte.\n* Sie bekommen eine Fahr-Karte für die U-Bahn.\n* Die Fahr-Karte kostet nur die Hälfte.\n* Sie bekommen eine Fahr-Karte für die Tram.\n* Die Fahr-Karte kostet nur die Hälfte.\n* Sie bekommen eine Fahr-Karte für den Bus.\n* Die Fahr-Karte kostet nur die Hälfte.\n* Sie bekommen eine Fahr-Karte für die S-Bahn.\n* Die Fahr-Karte kostet nur die Hälfte.\n* Sie bekommen eine Fahr-Karte für die U-Bahn.\n* Die Fahr-Karte kostet nur die Hälfte.\n* Sie bekommen eine Fahr-Karte für die Tram.\n* Die Fahr-Karte kostet nur die Hälfte.\n* Sie bekommen eine Fahr-Karte für den Bus.\n* Die Fahr-Karte kostet nur die Hälfte.\n* Sie bekommen eine Fahr-Karte für die S-Bahn.\n* Die Fahr-Karte kostet nur die Hälfte.\n* Sie bekommen eine Fahr-Karte für die U-Bahn.\n* Die Fahr-Karte kostet nur die Hälfte.\n* Sie bekommen eine Fahr-Karte für die Tram.\n* Die Fahr-Karte kostet nur die Hälfte.\n* Sie bekommen eine Fahr-Karte für den Bus.\n* Die Fahr-Karte kostet nur die Hälfte.\n* Sie bekommen eine Fahr-Karte für die S-Bahn.\n* Die Fahr-Karte kostet nur die Hälfte.\n* Sie bekommen eine Fahr-Karte für die U-Bahn.\n* Die Fahr-Karte kostet nur die Hälfte.\n* Sie bekommen eine Fahr-Karte für die Tram.\n* Die Fahr-Karte kostet nur die Hälfte.\n* Sie bekommen eine Fahr-Karte für den Bus.\n* Die Fahr-Karte kostet nur die Hälfte.\n* Sie bekommen eine Fahr-Karte für die S-Bahn.\n* Die Fahr-Karte kostet nur die Hälfte.\n* Sie bekommen eine Fahr-Karte für die U-Bahn.\n* Die Fahr-Karte kostet nur die Hälfte.\n* Sie bekommen eine Fahr-Karte für die Tram.\n* Die Fahr-Karte kostet nur die Hälfte.\n* Sie bekommen eine Fahr-Karte für den Bus.\n* Die Fahr-Karte kostet nur die Hälfte.\n* Sie bekommen eine Fahr-Karte für die S-Bahn.\n* Die Fahr-Karte kostet nur die Hälfte.\n* Sie bekommen eine Fahr-Karte für die U-Bahn.\n* Die Fahr-Karte kostet nur die Hälfte.\n* Sie bekommen eine Fahr-Karte für die Tram.\n* Die Fahr-Karte kostet nur die Hälfte.\n* Sie bekommen eine Fahr-Karte für den Bus.\n* Die Fahr-Karte kostet nur die Hälfte.\n* Sie bekommen eine Fahr-Karte für die S-Bahn.\n* Die Fahr-Karte kostet nur die Hälfte.\n* Sie bekommen eine Fahr-Karte für die U-Bahn.\n* Die Fahr-Karte kostet nur die Hälfte.\n* Sie bekommen eine Fahr-Karte für die Tram.\n* Die Fahr-Karte kostet nur die Hälfte.\n* Sie bekommen eine Fahr-Karte für den Bus.\n* Die Fahr-Karte kostet nur die Hälfte.\n* Sie bekommen eine Fahr-Karte für die S-Bahn.\n* Die Fahr-Karte kostet nur die Hälfte.\n* Sie bekommen eine Fahr-Karte für die U-Bahn.\n* Die Fahr-Karte kostet nur die Hälfte.\n* Sie bekommen eine Fahr-Karte für die Tram.\n* Die Fahr-Karte kostet nur die Hälfte.\n* Sie bekommen eine Fahr-Karte für den Bus.\n* Die Fahr-Karte kostet nur die Hälfte.\n* Sie bekommen eine Fahr-Karte für die S-Bahn.\n* Die Fahr-Karte kostet nur die Hälfte.\n* Sie bekommen eine Fahr-Karte für die U-Bahn.\n* Die Fahr-Karte kostet nur die Hälfte.\n* Sie bekommen eine Fahr-Karte für die Tram.\n* Die Fahr-Karte kostet nur die Hälfte.\n* Sie bekommen eine Fahr-Karte für den Bus.\n* Die Fahr-Karte kostet nur die Hälfte.\n* Sie bekommen eine Fahr-Karte für die S-Bahn.\n* Die Fahr-Karte kostet nur die Hälfte.\n* Sie bekommen eine Fahr-Karte für die U-Bahn.\n* Die Fahr-Karte kostet nur die Hälfte.\n* Sie bekommen eine Fahr-Karte für die Tram.\n* Die Fahr-Karte kostet nur die Hälfte.\n* Sie bekommen eine Fahr-Karte für den Bus.\n* Die Fahr-Karte kostet nur die Hälfte.\n* Sie bekommen eine Fahr-Karte für die S-Bahn.\n* Die Fahr-Karte kostet nur die Hälfte.\n* Sie bekommen eine Fahr-Karte für die U-Bahn.\n* Die Fahr-Karte kostet nur die Hälfte.\n* Sie bekommen eine Fahr-Karte für die Tram.\n* Die Fahr-Karte kostet nur die Hälfte.\n* Sie bekommen eine Fahr-Karte für den Bus.\n* Die Fahr-Karte kostet nur die Hälfte.\n* Sie bekommen eine Fahr-Karte für die S-Bahn.\n* Die Fahr-Karte kostet nur die Hälfte.\n* Sie bekommen eine Fahr-Karte für die U-Bahn.\n* Die Fahr-Karte kostet nur die Hälfte.\n* Sie bekommen eine Fahr-Karte für die Tram.\n* Die Fahr-Karte kostet nur die Hälfte.\n* Sie bekommen eine Fahr-Karte für den Bus.\n* Die Fahr-Karte kostet nur die Hälfte.\n* Sie bekommen eine Fahr-Karte für die S-Bahn.\n* Die Fahr-Karte kostet nur die Hälfte.\n* Sie bekommen eine Fahr-Karte für die U-Bahn.\n* Die Fahr-Karte kostet nur die Hälfte.\n* Sie bekommen eine Fahr-Karte für die Tram.\n* Die Fahr-Karte kostet nur die Hälfte.\n* Sie bekommen eine Fahr-Karte für den Bus.\n* Die Fahr-Karte kostet nur die Hälfte.\n* Sie bekommen eine Fahr-Karte für die S-Bahn.\n* Die Fahr-Karte kostet nur die Hälfte.\n* Sie bekommen eine Fahr-Karte für die U-Bahn.\n* Die Fahr-Karte kostet nur die Hälfte.\n* Sie bekommen eine Fahr-Karte für die Tram.\n* Die Fahr-Karte kostet nur die Hälfte.\n* Sie bekommen eine Fahr-Karte für den Bus.\n* Die Fahr-Karte kostet nur die Hälfte.\n* Sie bekommen eine Fahr-Karte für die S-Bahn.\n* Die Fahr-Karte kostet nur die Hälfte.\n* Sie bekommen eine Fahr-Karte für die U-Bahn.\n* Die Fahr-Karte kostet nur die Hälfte.\n* Sie bekommen eine Fahr-Karte für die Tram.\n* Die Fahr-Karte kostet nur die Hälfte.\n* Sie bekommen eine Fahr-Karte für den Bus.\n* Die Fahr-Karte kostet nur die Hälfte.\n* Sie bekommen eine Fahr-Karte für die S-Bahn.\n* Die Fahr-Karte kostet nur die Hälfte.\n* Sie bekommen eine Fahr-Karte für die U-Bahn.\n* Die Fahr-Karte kostet nur die Hälfte.\n* Sie bekommen eine Fahr-Karte für die Tram.\n* Die Fahr-Karte kostet nur die Hälfte.\n* Sie bekommen eine Fahr-Karte für den Bus.\n* Die Fahr-Karte kostet nur die Hälfte.\n* Sie bekommen eine Fahr-Karte für die S-Bahn.\n* Die Fahr-Karte kostet nur die Hälfte.\n* Sie bekommen eine Fahr-Karte für die U-Bahn.\n* Die Fahr-Karte kostet nur die Hälfte.\n* Sie bekommen eine Fahr-Karte für die Tram.\n* Die Fahr-Karte kostet nur die Hälfte.\n* Sie bekommen eine Fahr-Karte für den Bus.\n* Die Fahr-Karte kostet nur die Hälfte.\n* Sie bekommen eine Fahr-Karte für die S-Bahn.\n* Die Fahr-Karte kostet nur die Hälfte.\n* Sie bekommen eine Fahr-Karte für die U-Bahn.\n* Die Fahr-Karte kostet nur die Hälfte.\n* Sie bekommen eine Fahr-Karte für die Tram.\n* Die Fahr-Karte kostet nur die Hälfte.\n* Sie bekommen eine Fahr-Karte für den Bus.\n* Die Fahr-Karte kostet nur die Hälfte.\n* Sie bekommen eine Fahr-Karte für die S-Bahn.\n* Die Fahr-Karte kostet nur die Hälfte.\n* Sie bekommen eine Fahr-Karte für die U-Bahn.\n* Die Fahr-Karte kostet nur die Hälfte.\n* Sie bekommen eine Fahr-Karte für die Tram.\n* Die Fahr-Karte kostet nur die Hälfte.\n* Sie bekommen eine Fahr-Karte für den Bus.\n* Die Fahr-Karte kostet nur die Hälfte.\n* Sie bekommen eine Fahr-Karte für die S-Bahn.\n* Die Fahr-Karte kostet nur die Hälfte.\n* Sie bekommen eine Fahr-Karte für die U-Bahn.\n* Die Fahr-Karte kostet nur die Hälfte.\n* Sie bekommen eine Fahr-Karte für die Tram.\n* Die Fahr-Karte kostet nur die Hälfte.\n* Sie bekommen eine Fahr-Karte für den Bus.\n* Die Fahr-Karte kostet nur die Hälfte.\n* Sie bekommen eine Fahr-Karte für die S-Bahn.\n* Die Fahr-Karte kostet nur die Hälfte.\n* Sie bekommen eine Fahr-Karte für die U-Bahn.\n* Die Fahr-Karte kostet nur die Hälfte.\n* Sie bekommen eine Fahr-Karte für die Tram.\n* Die Fahr-Karte kostet nur die Hälfte.\n* Sie bekommen eine Fahr-Karte für den Bus.\n* Die Fahr-Karte kostet nur die Hälfte.\n* Sie bekommen eine Fahr-Karte für die S-Bahn.\n* Die Fahr-Karte kostet nur die Hälfte.\n* Sie bekommen eine Fahr-Karte für die U-Bahn.\n* Die Fahr-Karte kostet nur die Hälfte.\n* Sie bekommen eine Fahr-Karte für die Tram.\n* Die Fahr-Karte kostet nur die Hälfte.\n* Sie bekommen eine Fahr-Karte für den Bus.\n* Die Fahr-Karte kostet nur die Hälfte.\n* Sie bekommen eine Fahr-Karte für die S-Bahn.\n* Die Fahr-Karte kostet nur die Hälfte.\n* Sie bekommen eine Fahr-Karte für die U-Bahn.\n* Die Fahr-Karte kostet nur die Hälfte.\n* Sie bekommen eine Fahr-Karte für die Tram.\n* Die Fahr-Karte kostet nur die Hälfte.\n* Sie bekommen eine Fahr-Karte für den Bus.\n* Die Fahr-Karte kostet nur die Hälfte.\n* Sie bekommen eine Fahr-Karte für die S-Bahn.\n* Die Fahr-Karte kostet nur die Hälfte.\n* Sie bekommen eine Fahr-Karte für die U-Bahn.\n* Die Fahr-Karte kostet nur die Hälfte.\n* Sie bekommen eine Fahr-Karte für die Tram.\n* Die Fahr-Karte kostet nur die Hälfte.\n* Sie bekommen eine Fahr-Karte für den Bus.\n* Die Fahr-Karte kostet nur die Hälfte.\n* Sie bekommen eine Fahr-Karte für die S-Bahn.\n* Die Fahr-Karte kost
Besondere Anlaufstellen zum München-Pass\nGehörlose Münchner*innen wenden sich an den Sozialdienst für Gehörlose.;Besondere Anlauf-Stellen zum München-Pass\nGehörlose Münchner*innen wenden sich an den Sozial-Dienst für Gehörlose.
Besondere Anlaufstellen zum München-Pass\nMünchner*innen ohne eigene Wohnung wenden sich an die Zentrale Wohnungslosenhilfe.;Besondere Anlauf-Stellen zum München-Pass\nMünchner Bürger mit geringem Einkommen können den München-Pass beantragen.\nDer München-Pass bringt viele Vergünstigungen.\nVergünstigungen sind zum Beispiel:\n* Sie bekommen Fahr-Karten für Busse und Bahnen billiger.\n* Sie können viele Schwimm-Hallen billiger benutzen.\n* Sie bekommen in vielen Museen billigeren Eintritt.\n* Sie bekommen in der Stadtbibliothek viele Dinge billiger.\n* Zum Beispiel:\n  * Sie können Bücher und CDs billiger ausleihen.\n  * Sie können Computer und Internet billiger benutzen.\n  * Sie können Kurse billiger besuchen.\n* Sie bekommen in vielen Theatern billigeren Eintritt.\n* Sie bekommen in vielen Kinos billigeren Eintritt.\n* Sie bekommen in vielen Sport-Vereinen billigeren Eintritt.\n* Sie bekommen in vielen Freizeit-Einrichtungen billigeren Eintritt.\n* Sie bekommen in vielen Schwimm-Hallen billigeren Eintritt.\n* Sie bekommen in vielen Bädern billigeren Eintritt.\n* Sie bekommen in vielen Saunen billigeren Eintritt.\n* Sie bekommen in vielen Fitness-Studios billigeren Eintritt.\n* Sie bekommen in vielen Tanz-Schulen billigeren Eintritt.\n* Sie bekommen in vielen Yoga-Schulen billigeren Eintritt.\n* Sie bekommen in vielen Sprach-Schulen billigeren Eintritt.\n* Sie bekommen in vielen Musik-Schulen billigeren Eintritt.\n* Sie bekommen in vielen Kunst-Schulen billigeren Eintritt.\n* Sie bekommen in vielen Schreib-Schulen billigeren Eintritt.\n* Sie bekommen in vielen Koch-Schulen billigeren Eintritt.\n* Sie bekommen in vielen Computer-Schulen billigeren Eintritt.\n* Sie bekommen in vielen Handarbeits-Schulen billigeren Eintritt.\n* Sie bekommen in vielen Mal-Schulen billigeren Eintritt.\n* Sie bekommen in vielen Theater-Schulen billigeren Eintritt.\n* Sie bekommen in vielen Schauspiel-Schulen billigeren Eintritt.\n* Sie bekommen in vielen Tanz-Schulen billigeren Eintritt.\n* Sie bekommen in vielen Gesangs-Schulen billigeren Eintritt.\n* Sie bekommen in vielen Musik-Schulen billigeren Eintritt.\n* Sie bekommen in vielen Kunst-Schulen billigeren Eintritt.\n* Sie bekommen in vielen Schreib-Schulen billigeren Eintritt.\n* Sie bekommen in vielen Koch-Schulen billigeren Eintritt.\n* Sie bekommen in vielen Computer-Schulen billigeren Eintritt.\n* Sie bekommen in vielen Handarbeits-Schulen billigeren Eintritt.\n* Sie bekommen in vielen Mal-Schulen billigeren Eintritt.\n* Sie bekommen in vielen Theater-Schulen billigeren Eintritt.\n* Sie bekommen in vielen Schauspiel-Schulen billigeren Eintritt.\n* Sie bekommen in vielen Tanz-Schulen billigeren Eintritt.\n* Sie bekommen in vielen Gesangs-Schulen billigeren Eintritt.\n* Sie bekommen in vielen Musik-Schulen billigeren Eintritt.\n* Sie bekommen in vielen Kunst-Schulen billigeren Eintritt.\n* Sie bekommen in vielen Schreib-Schulen billigeren Eintritt.\n* Sie bekommen in vielen Koch-Schulen billigeren Eintritt.\n* Sie bekommen in vielen Computer-Schulen billigeren Eintritt.\n* Sie bekommen in vielen Handarbeits-Schulen billigeren Eintritt.\n* Sie bekommen in vielen Mal-Schulen billigeren Eintritt.\n* Sie bekommen in vielen Theater-Schulen billigeren Eintritt.\n* Sie bekommen in vielen Schauspiel-Schulen billigeren Eintritt.\n* Sie bekommen in vielen Tanz-Schulen billigeren Eintritt.\n* Sie bekommen in vielen Gesangs-Schulen billigeren Eintritt.\n* Sie bekommen in vielen Musik-Schulen billigeren Eintritt.\n* Sie bekommen in vielen Kunst-Schulen billigeren Eintritt.\n* Sie bekommen in vielen Schreib-Schulen billigeren Eintritt.\n* Sie bekommen in vielen Koch-Schulen billigeren Eintritt.\n* Sie bekommen in vielen Computer-Schulen billigeren Eintritt.\n* Sie bekommen in vielen Handarbeits-Schulen billigeren Eintritt.\n* Sie bekommen in vielen Mal-Schulen billigeren Eintritt.\n* Sie bekommen in vielen Theater-Schulen billigeren Eintritt.\n* Sie bekommen in vielen Schauspiel-Schulen billigeren Eintritt.\n* Sie bekommen in vielen Tanz-Schulen billigeren Eintritt.\n* Sie bekommen in vielen Gesangs-Schulen billigeren Eintritt.\n* Sie bekommen in vielen Musik-Schulen billigeren Eintritt.\n* Sie bekommen in vielen Kunst-Schulen billigeren Eintritt.\n* Sie bekommen in vielen Schreib-Schulen billigeren Eintritt.\n* Sie bekommen in vielen Koch-Schulen billigeren Eintritt.\n* Sie bekommen in vielen Computer-Schulen billigeren Eintritt.\n* Sie bekommen in vielen Handarbeits-Schulen billigeren Eintritt.\n* Sie bekommen in vielen Mal-Schulen billigeren Eintritt.\n* Sie bekommen in vielen Theater-Schulen billigeren Eintritt.\n* Sie bekommen in vielen Schauspiel-Schulen billigeren Eintritt.\n* Sie bekommen in vielen Tanz-Schulen billigeren Eintritt.\n* Sie bekommen in vielen Gesangs-Schulen billigeren Eintritt.\n* Sie bekommen in vielen Musik-Schulen billigeren Eintritt.\n* Sie bekommen in vielen Kunst-Schulen billigeren Eintritt.\n* Sie bekommen in vielen Schreib-Schulen billigeren Eintritt.\n* Sie bekommen in vielen Koch-Schulen billigeren Eintritt.\n* Sie bekommen in vielen Computer-Schulen billigeren Eintritt.\n* Sie bekommen in vielen Handarbeits-Schulen billigeren Eintritt.\n* Sie bekommen in vielen Mal-Schulen billigeren Eintritt.\n* Sie bekommen in vielen Theater-Schulen billigeren Eintritt.\n* Sie bekommen in vielen Schauspiel-Schulen billigeren Eintritt.\n* Sie bekommen in vielen Tanz-Schulen billigeren Eintritt.\n* Sie bekommen in vielen Gesangs-Schulen billigeren Eintritt.\n* Sie bekommen in vielen Musik-Schulen billigeren Eintritt.\n* Sie bekommen in vielen Kunst-Schulen billigeren Eintritt.\n* Sie bekommen in vielen Schreib-Schulen billigeren Eintritt.\n* Sie bekommen in vielen Koch-Schulen billigeren Eintritt.\n* Sie bekommen in vielen Computer-Schulen billigeren Eintritt.\n* Sie bekommen in vielen Handarbeits-Schulen billigeren Eintritt.\n* Sie bekommen in vielen Mal-Schulen billigeren Eintritt.\n* Sie bekommen in vielen Theater-Schulen billigeren Eintritt.\n* Sie bekommen in vielen Schauspiel-Schulen billigeren Eintritt.\n* Sie bekommen in vielen Tanz-Schulen billigeren Eintritt.\n* Sie bekommen in vielen Gesangs-Schulen billigeren Eintritt.\n* Sie bekommen in vielen Musik-Schulen billigeren Eintritt.\n* Sie bekommen in vielen Kunst-Schulen billigeren Eintritt.\n* Sie bekommen in vielen Schreib-Schulen billigeren Eintritt.\n* Sie bekommen in vielen Koch-Schulen billigeren Eintritt.\n* Sie bekommen in vielen Computer-Schulen billigeren Eintritt.\n* Sie bekommen in vielen Handarbeits-Schulen billigeren Eintritt.\n* Sie bekommen in vielen Mal-Schulen billigeren Eintritt.\n* Sie bekommen in vielen Theater-Schulen billigeren Eintritt.\n* Sie bekommen in vielen Schauspiel-Schulen billigeren Eintritt.\n* Sie bekommen in vielen Tanz-Schulen billigeren Eintritt.\n* Sie bekommen in vielen Gesangs-Schulen billigeren Eintritt.\n* Sie bekommen in vielen Musik-Schulen billigeren Eintritt.\n* Sie bekommen in vielen Kunst-Schulen billigeren Eintritt.\n* Sie bekommen in vielen Schreib-Schulen billigeren Eintritt.\n* Sie bekommen in vielen Koch-Schulen billigeren Eintritt.\n* Sie bekommen in vielen Computer-Schulen billigeren Eintritt.\n* Sie bekommen in vielen Handarbeits-Schulen billigeren Eintritt.\n* Sie bekommen in vielen Mal-Schulen billigeren Eintritt.\n* Sie bekommen in vielen Theater-Schulen billigeren Eintritt.\n* Sie bekommen in vielen Schauspiel-Schulen billigeren Eintritt.\n* Sie bekommen in vielen Tanz-Schulen billigeren Eintritt.\n* Sie bekommen in vielen Gesangs-Schulen billigeren Eintritt.\n* Sie bekommen in vielen Musik-Schulen billigeren Eintritt.\n* Sie bekommen in vielen Kunst-Schulen billigeren Eintritt.\n* Sie bekommen in vielen Schreib-Schulen billigeren Eintritt.\n* Sie bekommen in vielen Koch-Schulen billigeren Eintritt.\n* Sie bekommen in vielen Computer-Schulen billigeren Eintritt.\n* Sie bekommen in vielen Handarbeits-Schulen billigeren Eintritt.\n* Sie bekommen in vielen Mal-Schulen billigeren Eintritt.\n* Sie bekommen in vielen Theater-Schulen billigeren Eintritt.\n* Sie bekommen in vielen Schauspiel-Schulen billigeren Eintritt.\n* Sie bekommen in vielen Tanz-Schulen billigeren Eintritt.\n* Sie bekommen in vielen Gesangs-Schulen billigeren Eintritt.\n* Sie bekommen in vielen Musik-Schulen billigeren Eintritt.\n* Sie bekommen in vielen Kunst-Schulen billigeren Eintritt.\n* Sie bekommen in vielen Schreib-Schulen billigeren Eintritt.\n* Sie bekommen in vielen Koch-Schulen billigeren Eintritt.\n* Sie bekommen in vielen Computer-Schulen billigeren Eintritt.\n* Sie bekommen in vielen Handarbeits-Schulen billigeren Eintritt.\n* Sie bekommen in vielen Mal-Schulen billigeren Eintritt.\n* Sie bekommen in vielen Theater-Schulen billigeren Eintritt.\n* Sie bekommen in vielen Schauspiel-Schulen billigeren Eintritt.\n* Sie bekommen in vielen Tanz-Schulen billigeren Eintritt.\n* Sie bekommen in vielen Gesangs-Schulen billigeren Eintritt.\n* Sie bekommen in vielen Musik-Schulen billigeren Eintritt.\n* Sie bekommen in vielen Kunst-Schulen billigeren Eintritt.\n* Sie bekommen in vielen Schreib-Schulen billigeren Eintritt.\n* Sie bekommen in vielen Koch-Schulen billigeren Eintritt.\n* Sie bekommen in vielen Computer-Schulen billigeren Eintritt.\n* Sie bekommen in vielen Handarbeits-Schulen billigeren Eintritt.\n* Sie bekommen in vielen Mal-Schulen billigeren Eintritt.\n* Sie bekommen in vielen Theater-Schulen billigeren Eintritt.\n* Sie bekommen in vielen Schauspiel-Schulen billigeren Eintritt.\n* Sie bekommen in vielen Tanz-Schulen billigeren Eintritt.\n* Sie bekommen in vielen Gesangs-Schulen billigeren Eintritt.\n* Sie bekommen in vielen Musik-Schulen billigeren Eintritt.\n* Sie bekommen in vielen Kunst-Schulen billigeren Eintritt.\n* Sie bekommen in vielen Schreib-Schulen billigeren Eintritt.\n* Sie bekommen in vielen Koch-Schulen billigeren Eintritt.\n* Sie bekommen in vielen Computer-Schulen billigeren Eintritt.\n* Sie bekommen in vielen Handarbeits-Schulen billigeren Eintritt.\n* Sie bekommen in vielen Mal-Schulen billigeren Eintritt.\n* Sie bekommen in vielen Theater-Schulen billigeren Eintritt.\n* Sie bekommen in vielen Schauspiel-Schulen billigeren Eintritt.\n* Sie bekommen in vielen Tanz-Schulen billigeren Eintritt.\n* Sie bekommen in vielen Gesangs-Schulen billigeren Eintritt.\n* Sie bekommen in vielen Musik-Schulen billigeren Eintritt.\n* Sie bekommen in vielen Kunst-Schulen billigeren Eintritt.\n* Sie bekommen in vielen Schreib-Schulen billigeren Eintritt.\n* Sie bekommen in vielen Koch-Schulen billigeren Eintritt.\n* Sie bekommen in vielen Computer-Schulen billigeren Eintritt.\n* Sie bekommen in vielen Handarbeits-Schulen billigeren Eintritt.\n* Sie bekommen in vielen Mal-Schulen billigeren Eintritt.\n* Sie bekommen in vielen Theater-Schulen billigeren Eintritt.\n* Sie bekommen in vielen Schauspiel-Schulen billigeren Eintritt.\n* Sie bekommen in vielen Tanz-Schulen billigeren Eintritt.\n* Sie bekommen in vielen Gesangs-Schulen billigeren Eintritt.\n* Sie bekommen in vielen Musik-Schulen billigeren Eintritt.\n* Sie bekommen in vielen Kunst-Schulen billigeren Eintritt.\n* Sie bekommen in vielen Schreib-Schulen billigeren Eintritt.\n* Sie bekommen in vielen Koch-Schulen billigeren Eintritt.\n* Sie bekommen in vielen Computer-Schulen billigeren Eintritt.\n* Sie bekommen in vielen Handarbeits-Schulen billigeren Eintritt.\n* Sie bekommen in vielen Mal-Schulen billigeren Eintritt.\n* Sie bekommen in vielen Theater-Schulen billigeren Eintritt.\n* Sie bekommen in vielen Schauspiel-Schulen billigeren Eintritt.\n* Sie bekommen in vielen Tanz-Schulen billigeren Eintritt.\n* Sie bekommen in vielen Gesangs-Schulen billigeren Eintritt.\n* Sie bekommen in vielen Musik-Schulen billigeren Eintritt.\n* Sie bekommen in vielen Kunst-Schulen billigeren Eintritt.\n* Sie bekommen in vielen Schreib-Schulen billigeren Eintritt.\n* Sie bekommen in vielen Koch-Schulen billigeren Eintritt.\n* Sie bekommen in vielen Computer-Schulen billigeren Eintritt.\n* Sie bekommen in vielen Handarbeits-Schulen billigeren Eintritt.\n* Sie bekommen in vielen Mal-Schulen billigeren Eintritt.\n* Sie bekommen in vielen Theater-Schulen billigeren Eintritt.\n* Sie bekommen in vielen Schauspiel-Schulen billigeren Eintritt.\n* Sie bekommen in vielen Tanz-Schulen billigeren Eintritt.\n* Sie bekommen in vielen Gesangs-Schulen billigeren Eintritt.\n* Sie bekommen in vielen Musik-Schulen billigeren Eintritt.\n* Sie bekommen in vielen Kunst-Schulen billigeren Eintritt.\n* Sie bekommen in vielen Schreib-Schulen billigeren Eintritt.\n* Sie bekommen in vielen Koch-Schulen billigeren Eintritt.\n* Sie bekommen in vielen Computer-Schulen billigeren Eintritt.\n* Sie bekommen in vielen Handarbeits-Schulen billigeren Eintritt.\n* Sie bekommen in vielen Mal-Schulen billigeren Eintritt.\n* Sie bekommen in vielen Theater-Schulen billigeren Eintritt.\n* Sie bekommen in vielen Schauspiel-Schulen billigeren Eintritt.\n* Sie bekommen in vielen Tanz-Schulen billigeren Eintritt.\n* Sie bekommen in vielen Gesangs-Schulen billigeren Eintritt.\n* Sie bekommen in vielen Musik-Schulen billigeren Eintritt.\n* Sie bekommen in vielen Kunst-Schulen billigeren Eintritt.\n* Sie bekommen in vielen Schreib-Schulen billigeren Eintritt.\n* Sie bekommen in vielen Koch-Schulen billigeren Eintritt.\n* Sie bekommen in vielen Computer-Schulen billigeren Eintritt.\n* Sie bekommen in vielen Handarbeits-Schulen billigeren Eintritt.\n* Sie bekommen in vielen Mal-Schulen billigeren Eintritt.\n* Sie bekommen in vielen Theater-Schulen billigeren Eintritt.\n* Sie bekommen in vielen Schauspiel-Schulen billigeren Eintritt.\n* Sie bekommen in vielen Tanz-Schulen billigeren Eintritt.\n* Sie bekommen in vielen Gesangs-Schulen billigeren Eintritt.\n* Sie bekommen in vielen Musik-Schulen billigeren Eintritt.\n* Sie bekommen in vielen Kunst-Schulen billigeren Eintritt.\n* Sie bekommen in vielen Schreib-Schulen billigeren Eintritt.\n* Sie bekommen in vielen Koch-Schulen billigeren Eintritt.\n* Sie bekommen in vielen Computer-Schulen billigeren Eintritt.\n* Sie bekommen in vielen Handarbeits-Schulen billigeren Eintritt.\n* Sie bekommen in vielen Mal-Schulen billigeren Eintritt.\n* Sie bekommen in vielen Theater-Schulen billigeren Eintritt.\n* Sie bekommen in vielen Schauspiel-Schulen billigeren Eintritt.\n* Sie bekommen in vielen Tanz-Schulen billigeren Eintritt.\n* Sie bekommen in vielen Gesangs-Schulen billigeren Eintritt.\n* Sie bekommen in vielen Musik-Schulen billigeren Eintritt.\n* Sie bekommen in vielen Kunst-Schulen billigeren Eintritt.\n* Sie bekommen in vielen Schreib-Schulen billigeren Eintritt.\n* Sie bekommen in vielen Koch-Schulen billigeren Eintritt.\n* Sie bekommen in vielen Computer-Schulen billigeren Eintritt.\n* Sie bekommen in vielen Handarbeits-Schulen billigeren Eintritt.\n* Sie bekommen in vielen Mal-Schulen billigeren Eintritt.\n* Sie bekommen in vielen Theater-Schulen billigeren Eintritt.\n* Sie bekommen in vielen Schauspiel-Schulen billigeren Eintritt.\n* Sie bekommen in vielen Tanz-Schulen billigeren Eintritt.\n* Sie bekommen in vielen Gesangs-Schulen billigeren Eintritt.\n* Sie bekommen in vielen Musik-Schulen billigeren Eintritt.\n* Sie bekommen in vielen Kunst-Schulen billigeren Eintritt.\n* Sie bekommen in vielen Schreib-Schulen billigeren Eintritt.\n* Sie bekommen in vielen Koch-Schulen billigeren Eintritt.\n* Sie bekommen in vielen Computer-Schulen billigeren Eintritt.\n* Sie bekommen in vielen Handarbeits-Schulen billigeren Eintritt.\n* Sie bekommen in vielen Mal-Schulen billigeren Eintritt.\n* Sie bekommen in vielen Theater-Schulen billigeren
Benötigte Unterlagen\n* gültiger Ausweis (bei postalischer Beantragung Kopie des Ausweises)\n* Bescheid über Leistungen nach dem SGB II oder Leistungen nach dem SGB XII oder\n* Bescheid vom Amt für Wohnen und Migration oder\n* Bescheid von der Kindergeldkasse oder\n* Nachweise über Einkommen, Vermögen und Miete oder\n* Nachweis über Teilnahme Bundesfreiwilligendienst oder\n* Nachweis über Teilnahme am Freiwilligen Sozialen beziehungsweise Ökologischen Jahr.\n* Zusätzlich wird ein Passfoto benötigt;Was müssen Sie mitbringen?\n* Ihren Personal-Ausweis oder Reise-Pass.\n* Wenn Sie einen haben:\n  Ihre Melde-Bescheinigung.\n  Die Melde-Bescheinigung bekommen Sie im Bürger-Büro.\n* Wenn Sie einen haben:\n  Ihren alten Kinder-Ausweis.\n* Wenn Sie einen haben:\n  Ihren alten Jugend-Ausweis.\n* Wenn Sie einen haben:\n  Ihren alten Personal-Ausweis.\n* Wenn Sie einen haben:\n  Ihren alten Reise-Pass.\n* Wenn Sie einen haben:\n  Ihren alten vorläufigen Personal-Ausweis.\n* Wenn Sie einen haben:\n  Ihren alten vorläufigen Reise-Pass.\n* Wenn Sie einen haben:\n  Ihren alten Staaten-Los.\n* Wenn Sie einen haben:\n  Ihren alten Staaten-Losen-Heft.\n* Wenn Sie einen haben:\n  Ihren alten Staaten-Losen-Ausweis.\n* Wenn Sie einen haben:\n  Ihren alten Staaten-Losen-Pass.\n* Wenn Sie einen haben:\n  Ihren alten Staaten-Losen-Ausweis.\n* Wenn Sie einen haben:\n  Ihren alten Staaten-Losen-Pass.\n* Wenn Sie einen haben:\n  Ihren alten Staaten-Losen-Ausweis.\n* Wenn Sie einen haben:\n  Ihren alten Staaten-Losen-Pass.\n* Wenn Sie einen haben:\n  Ihren alten Staaten-Losen-Ausweis.\n* Wenn Sie einen haben:\n  Ihren alten Staaten-Losen-Pass.\n* Wenn Sie einen haben:\n  Ihren alten Staaten-Losen-Ausweis.\n* Wenn Sie einen haben:\n  Ihren alten Staaten-Losen-Pass.\n* Wenn Sie einen haben:\n  Ihren alten Staaten-Losen-Ausweis.\n* Wenn Sie einen haben:\n  Ihren alten Staaten-Losen-Pass.\n* Wenn Sie einen haben:\n  Ihren alten Staaten-Losen-Ausweis.\n* Wenn Sie einen haben:\n  Ihren alten Staaten-Losen-Pass.\n* Wenn Sie einen haben:\n  Ihren alten Staaten-Losen-Ausweis.\n* Wenn Sie einen haben:\n  Ihren alten Staaten-Losen-Pass.\n* Wenn Sie einen haben:\n  Ihren alten Staaten-Losen-Ausweis.\n* Wenn Sie einen haben:\n  Ihren alten Staaten-Losen-Pass.\n* Wenn Sie einen haben:\n  Ihren alten Staaten-Losen-Ausweis.\n* Wenn Sie einen haben:\n  Ihren alten Staaten-Losen-Pass.\n* Wenn Sie einen haben:\n  Ihren alten Staaten-Losen-Ausweis.\n* Wenn Sie einen haben:\n  Ihren alten Staaten-Losen-Pass.\n* Wenn Sie einen haben:\n  Ihren alten Staaten-Losen-Ausweis.\n* Wenn Sie einen haben:\n  Ihren alten Staaten-Losen-Pass.\n* Wenn Sie einen haben:\n  Ihren alten Staaten-Losen-Ausweis.\n* Wenn Sie einen haben:\n  Ihren alten Staaten-Losen-Pass.\n* Wenn Sie einen haben:\n  Ihren alten Staaten-Losen-Ausweis.\n* Wenn Sie einen haben:\n  Ihren alten Staaten-Losen-Pass.\n* Wenn Sie einen haben:\n  Ihren alten Staaten-Losen-Ausweis.\n* Wenn Sie einen haben:\n  Ihren alten Staaten-Losen-Pass.\n* Wenn Sie einen haben:\n  Ihren alten Staaten-Losen-Ausweis.\n* Wenn Sie einen haben:\n  Ihren alten Staaten-Losen-Pass.\n* Wenn Sie einen haben:\n  Ihren alten Staaten-Losen-Ausweis.\n* Wenn Sie einen haben:\n  Ihren alten Staaten-Losen-Pass.\n* Wenn Sie einen haben:\n  Ihren alten Staaten-Losen-Ausweis.\n* Wenn Sie einen haben:\n  Ihren alten Staaten-Losen-Pass.\n* Wenn Sie einen haben:\n  Ihren alten Staaten-Losen-Ausweis.\n* Wenn Sie einen haben:\n  Ihren alten Staaten-Losen-Pass.\n* Wenn Sie einen haben:\n  Ihren alten Staaten-Losen-Ausweis.\n* Wenn Sie einen haben:\n  Ihren alten Staaten-Losen-Pass.\n* Wenn Sie einen haben:\n  Ihren alten Staaten-Losen-Ausweis.\n* Wenn Sie einen haben:\n  Ihren alten Staaten-Losen-Pass.\n* Wenn Sie einen haben:\n  Ihren alten Staaten-Losen-Ausweis.\n* Wenn Sie einen haben:\n  Ihren alten Staaten-Losen-Pass.\n* Wenn Sie einen haben:\n  Ihren alten Staaten-Losen-Ausweis.\n* Wenn Sie einen haben:\n  Ihren alten Staaten-Losen-Pass.\n* Wenn Sie einen haben:\n  Ihren alten Staaten-Losen-Ausweis.\n* Wenn Sie einen haben:\n  Ihren alten Staaten-Losen-Pass.\n* Wenn Sie einen haben:\n  Ihren alten Staaten-Losen-Ausweis.\n* Wenn Sie einen haben:\n  Ihren alten Staaten-Losen-Pass.\n* Wenn Sie einen haben:\n  Ihren alten Staaten-Losen-Ausweis.\n* Wenn Sie einen haben:\n  Ihren alten Staaten-Losen-Pass.\n* Wenn Sie einen haben:\n  Ihren alten Staaten-Losen-Ausweis.\n* Wenn Sie einen haben:\n  Ihren alten Staaten-Losen-Pass.\n* Wenn Sie einen haben:\n  Ihren alten Staaten-Losen-Ausweis.\n* Wenn Sie einen haben:\n  Ihren alten Staaten-Losen-Pass.\n* Wenn Sie einen haben:\n  Ihren alten Staaten-Losen-Ausweis.\n* Wenn Sie einen haben:\n  Ihren alten Staaten-Losen-Pass.\n* Wenn Sie einen haben:\n  Ihren alten Staaten-Losen-Ausweis.\n* Wenn Sie einen haben:\n  Ihren alten Staaten-Losen-Pass.\n* Wenn Sie einen haben:\n  Ihren alten Staaten-Losen-Ausweis.\n* Wenn Sie einen haben:\n  Ihren alten Staaten-Losen-Pass.\n* Wenn Sie einen haben:\n  Ihren alten Staaten-Losen-Ausweis.\n* Wenn Sie einen haben:\n  Ihren alten Staaten-Losen-Pass.\n* Wenn Sie einen haben:\n  Ihren alten Staaten-Losen-Ausweis.\n* Wenn Sie einen haben:\n  Ihren alten Staaten-Losen-Pass.\n* Wenn Sie einen haben:\n  Ihren alten Staaten-Losen-Ausweis.\n* Wenn Sie einen haben:\n  Ihren alten Staaten-Losen-Pass.\n* Wenn Sie einen haben:\n  Ihren alten Staaten-Losen-Ausweis.\n* Wenn Sie einen haben:\n  Ihren alten Staaten-Losen-Pass.\n* Wenn Sie einen haben:\n  Ihren alten Staaten-Losen-Ausweis.\n* Wenn Sie einen haben:\n  Ihren alten Staaten-Losen-Pass.\n* Wenn Sie einen haben:\n  Ihren alten Staaten-Losen-Ausweis.\n* Wenn Sie einen haben:\n  Ihren alten Staaten-Losen-Pass.\n* Wenn Sie einen haben:\n  Ihren alten Staaten-Losen-Ausweis.\n* Wenn Sie einen haben:\n  Ihren alten Staaten-Losen-Pass.\n* Wenn Sie einen haben:\n  Ihren alten Staaten-Losen-Ausweis.\n* Wenn Sie einen haben:\n  Ihren alten Staaten-Losen-Pass.\n* Wenn Sie einen haben:\n  Ihren alten Staaten-Losen-Ausweis.\n* Wenn Sie einen haben:\n  Ihren alten Staaten-Losen-Pass.\n* Wenn Sie einen haben:\n  Ihren alten Staaten-Losen-Ausweis.\n* Wenn Sie einen haben:\n  Ihren alten Staaten-Losen-Pass.\n* Wenn Sie einen haben:\n  Ihren alten Staaten-Losen-Ausweis.\n* Wenn Sie einen haben:\n  Ihren alten Staaten-Losen-Pass.\n* Wenn Sie einen haben:\n  Ihren alten Staaten-Losen-Ausweis.\n* Wenn Sie einen haben:\n  Ihren alten Staaten-Losen-Pass.\n* Wenn Sie einen haben:\n  Ihren alten Staaten-Losen-Ausweis.\n* Wenn Sie einen haben:\n  Ihren alten Staaten-Losen-Pass.\n* Wenn Sie einen haben:\n  Ihren alten Staaten-Losen-Ausweis.\n* Wenn Sie einen haben:\n  Ihren alten Staaten-Losen-Pass.\n* Wenn Sie einen haben:\n  Ihren alten Staaten-Losen-Ausweis.\n* Wenn Sie einen haben:\n  Ihren alten Staaten-Losen-Pass.\n* Wenn Sie einen haben:\n  Ihren alten Staaten-Losen-Ausweis.\n* Wenn Sie einen haben:\n  Ihren alten Staaten-Losen-Pass.\n* Wenn Sie einen haben:\n  Ihren alten Staaten-Losen-Ausweis.\n* Wenn Sie einen haben:\n  Ihren alten Staaten-Losen-Pass.\n* Wenn Sie einen haben:\n  Ihren alten Staaten-Losen-Ausweis.\n* Wenn Sie einen haben:\n  Ihren alten Staaten-Losen-Pass.\n* Wenn Sie einen haben:\n  Ihren alten Staaten-Losen-Ausweis.\n* Wenn Sie einen haben:\n  Ihren alten Staaten-Losen-Pass.\n* Wenn Sie einen haben:\n  Ihren alten Staaten-Losen-Ausweis.\n* Wenn Sie einen haben:\n  Ihren alten Staaten-Losen-Pass.\n* Wenn Sie einen haben:\n  Ihren alten Staaten-Losen-Ausweis.\n* Wenn Sie einen haben:\n  Ihren alten Staaten-Losen-Pass.\n* Wenn Sie einen haben:\n  Ihren alten Staaten-Losen-Ausweis.\n* Wenn Sie einen haben:\n  Ihren alten Staaten-Losen-Pass.\n* Wenn Sie einen haben:\n  Ihren alten Staaten-Losen-Ausweis.\n* Wenn Sie einen haben:\n  Ihren alten Staaten-Losen-Pass.\n* Wenn Sie einen haben:\n  Ihren alten Staaten-Losen-Ausweis.\n* Wenn Sie einen haben:\n  Ihren alten Staaten-Losen-Pass.\n* Wenn Sie einen haben:\n  Ihren alten Staaten-Losen-Ausweis.\n* Wenn Sie einen haben:\n  Ihren alten Staaten-Losen-Pass.\n* Wenn Sie einen haben:\n  Ihren alten Staaten-Losen-Ausweis.\n* Wenn Sie einen haben:\n  Ihren alten Staaten-Losen-Pass.\n* Wenn Sie einen haben:\n  Ihren alten Staaten-Losen-Ausweis.\n* Wenn Sie einen haben:\n  Ihren alten Staaten-Losen-Pass.\n* Wenn Sie einen haben:\n  Ihren alten Staaten-Losen-Ausweis.\n* Wenn Sie einen haben:\n  Ihren alten Staaten-Losen-Pass.\n* Wenn Sie einen haben:\n  Ihren alten Staaten-Losen-Ausweis.\n* Wenn Sie einen haben:\n  Ihren alten Staaten-Losen-Pass.\n* Wenn Sie einen haben:\n  Ihren alten Staaten-Losen-Ausweis.\n* Wenn Sie einen haben:\n  Ihren alten Staaten-Losen-Pass.\n* Wenn Sie einen haben:\n  Ihren alten Staaten-Losen-Ausweis.\n* Wenn Sie einen haben:\n  Ihren alten Staaten-Losen-Pass.\n* Wenn Sie einen haben:\n  Ihren alten Staaten-Losen-Ausweis.\n* Wenn Sie einen haben:\n  Ihren alten Staaten-Losen-Pass.\n* Wenn Sie einen haben:\n  Ihren alten Staaten-Losen-Ausweis.\n* Wenn Sie einen haben:\n  Ihren alten Staaten-Losen-Pass.\n* Wenn Sie einen haben:\n  Ihren alten Staaten-Losen-Ausweis.\n* Wenn Sie einen haben:\n  Ihren alten Staaten-Losen-Pass.\n* Wenn Sie einen haben:\n  Ihren alten Staaten-Losen-Ausweis.\n* Wenn Sie einen haben:\n  Ihren alten Staaten-Losen-Pass.\n* Wenn Sie einen haben:\n  Ihren alten Staaten-Losen-Ausweis.\n* Wenn Sie einen haben:\n  Ihren alten Staaten-Losen-Pass.\n* Wenn Sie einen haben:\n  Ihren alten Staaten-Losen-Ausweis.\n* Wenn Sie einen haben:\n  Ihren alten Staaten-Losen-Pass.\n* Wenn Sie einen haben:\n  Ihren alten Staaten-Losen-Ausweis.\n* Wenn Sie einen haben:\n  Ihren alten Staaten-Losen-Pass.\n* Wenn Sie einen haben:\n  Ihren alten Staaten-Losen-Ausweis.\n* Wenn Sie einen haben:\n  Ihren alten Staaten-Losen-Pass.\n* Wenn Sie einen haben:\n  Ihren alten Staaten-Losen-Ausweis.\n* Wenn Sie einen haben:\n  Ihren alten Staaten-Losen-Pass.\n* Wenn Sie einen haben:\n  Ihren alten Staaten-Losen-Ausweis.\n* Wenn Sie einen haben:\n  Ihren alten Staaten-Losen-Pass.\n* Wenn Sie einen haben:\n  Ihren alten Staaten-Losen-Ausweis.\n* Wenn Sie einen haben:\n  Ihren alten Staaten-Losen-Pass.\n* Wenn Sie einen haben:\n  Ihren alten Staaten-Losen-Ausweis.\n* Wenn Sie einen haben:\n  Ihren alten Staaten-Losen-Pass.\n* Wenn Sie einen haben:\n  Ihren alten Staaten-Losen-Ausweis.\n* Wenn Sie einen haben:\n  Ihren alten Staaten-Losen-Pass.\n* Wenn Sie einen haben:\n  Ihren alten Staaten-Losen-Ausweis.\n* Wenn Sie einen haben:\n  Ihren alten Staaten-Losen-Pass.\n* Wenn Sie einen haben:\n  Ihren alten Staaten-Losen-Ausweis.\n* Wenn Sie einen haben:\n  Ihren alten Staaten-Losen-Pass.\n* Wenn Sie einen haben:\n  Ihren alten Staaten-Losen-Ausweis.\n* Wenn Sie einen haben:\n  Ihren alten Staaten-Losen-Pass.\n* Wenn Sie einen haben:\n  Ihren alten Staaten-Losen-Ausweis.\n* Wenn Sie einen haben:\n  Ihren alten Staaten-Losen-Pass.\n* Wenn Sie einen haben:\n  Ihren alten Staaten-Losen-Ausweis.\n* Wenn Sie einen haben:\n  Ihren alten Staaten-Losen-Pass.\n* Wenn Sie einen haben:\n  Ihren alten Staaten-Losen-Ausweis.\n* Wenn Sie einen haben:\n  Ihren alten Staaten-Losen-Pass.\n* Wenn Sie einen haben:\n  Ihren alten Staaten-Losen-Ausweis.\n* Wenn Sie einen haben:\n  Ihren alten Staaten-Losen-Pass.\n* Wenn Sie einen haben:\n  Ihren alten Staaten-Losen-Ausweis.\n* Wenn Sie einen haben:\n  Ihren alten Staaten-Losen-Pass.\n* Wenn Sie einen haben:\n  Ihren alten Staaten-Losen-Ausweis.\n* Wenn Sie einen haben:\n  Ihren alten Staaten-Losen-Pass.\n* Wenn Sie einen haben:\n  Ihren alten Staaten-Losen-Ausweis.\n* Wenn Sie einen haben:\n  Ihren alten Staaten-Losen-Pass.\n* Wenn Sie einen haben:\n  Ihren alten Staaten-Losen-Ausweis.\n* Wenn Sie einen haben:\n  Ihren alten Staaten-Losen-Pass.\n* Wenn Sie einen haben:\n  Ihren alten Staaten-Losen-Ausweis.\n* Wenn Sie einen haben:\n  Ihren alten Staaten-Losen-Pass.\n* Wenn Sie einen haben:\n  Ihren alten Staaten-Losen-Ausweis.\n* Wenn Sie einen haben:\n  Ihren alten Staaten-Losen-Pass.\n* Wenn Sie einen haben:\n  Ihren alten Staaten-Losen-Ausweis.\n* Wenn Sie einen haben:\n  Ihren alten Staaten-Losen-Pass.\n* Wenn Sie einen haben:\n  Ihren alten Staaten-Losen-Ausweis.\n* Wenn Sie einen haben:\n  Ihren alten Staaten-Losen-Pass.\n* Wenn Sie einen haben:\n  Ihren alten Staaten-Losen-Ausweis.\n* Wenn Sie einen haben:\n  Ihren alten Staaten-Losen-Pass.\n* Wenn Sie einen haben:\n  Ihren alten Staaten-Losen-Ausweis.\n* Wenn Sie einen haben:\n  Ihren alten Staaten-Losen-Pass.\n* Wenn Sie einen haben:\n  Ihren alten Staaten-Losen-Ausweis.\n* Wenn Sie einen haben:\n  Ihren alten Staaten-Losen-Pass.\n* Wenn Sie einen haben:\n  Ihren alten Staaten-Losen-Ausweis.\n* Wenn Sie einen haben:\n  Ihren alten Staaten-Losen-Pass.\n* Wenn Sie einen haben:\n  Ihren alten Staaten-Losen-Ausweis.\n* Wenn Sie einen haben:\n  Ihren alten Staaten-Losen-Pass.\n* Wenn Sie einen haben:\n  Ihren alten Staaten-Losen-Ausweis.\n* Wenn Sie einen haben:\n  Ihren alten Staaten-Losen-Pass.\n* Wenn Sie einen haben:\n  Ihren alten Staaten-Losen-Ausweis.\n* Wenn Sie einen haben:\n  Ihren alten Staaten-Losen-Pass.\n* Wenn Sie einen haben:\n  Ihren alten Staaten-Losen-Ausweis.\n* Wenn Sie einen haben:\n  Ihren alten Staaten-Losen-Pass.\n* Wenn Sie einen haben:\n  Ihren alten Staaten-Losen-Ausweis.\n* Wenn Sie einen haben:\n  Ihren alten Staaten-Losen-Pass.\n* Wenn Sie einen haben:\n  Ihren alten Staaten-Losen-Ausweis.\n* Wenn Sie einen haben:\n  Ihren alten Staaten-Losen-Pass.\n* Wenn Sie einen haben:\n  Ihren alten Staaten-Losen-Ausweis.\n* Wenn Sie einen haben:\n  Ihren alten Staaten-Losen-Pass.\n* Wenn Sie einen haben:\n  Ihren alten Staaten-Losen-Ausweis.\n* Wenn Sie einen haben:\n  Ihren alten Staaten-Losen-Pass.\n* Wenn Sie einen haben:\n  Ihren alten Staaten-Losen-Ausweis.\n* Wenn Sie einen haben:\n  Ihren alten Staaten-Losen-Pass.\n* Wenn Sie einen haben:\n  Ihren alten Staaten-Losen-Ausweis.\n* Wenn Sie einen haben:\n  Ihren alten Staaten-Losen-Pass.\n* Wenn Sie einen haben:\n  Ihren alten Staaten-Losen-Ausweis.\n* Wenn Sie einen haben:\n  Ihren alten Staaten-Losen-Pass.\n* Wenn Sie einen haben:\n  Ihren alten Staaten-Losen-Ausweis.\n* Wenn Sie einen haben:\n  Ihren alten Staaten-Losen-Pass.\n* Wenn Sie einen haben:\n  Ihren alten Staaten-Losen-Ausweis.\n* Wenn Sie einen haben:\n  Ihren alten Staaten-Losen-Pass.\n* Wenn Sie einen haben:\n  Ihren alten Staaten-Losen-Ausweis.\n* Wenn Sie einen haben:\n  Ihren alten Staaten-Losen-Pass.\n* Wenn Sie einen haben:\n  Ihren alten Staaten-Losen-Ausweis.\n* Wenn Sie einen haben:\n  Ihren alten Staaten-Losen-Pass.\n* Wenn Sie einen haben:\n  Ihren alten Staaten-Losen-Ausweis.\n* Wenn Sie einen haben:\n  Ihren alten Staaten-Losen-Pass.\n* Wenn Sie einen haben:\n  Ihren alten Staaten-Losen-Ausweis.\n* Wenn Sie einen haben:\n  Ihren alten Staaten-Losen-Pass.\n* Wenn Sie einen haben:\n  Ihren alten Staaten-Losen-Ausweis.\n* Wenn Sie einen haben:\n  Ihren alten Sta
Bearbeitungszeit\nInnerhalb einer Woche.;Bearbeitungs-Zeit\nWir brauchen eine Woche Zeit.
Gebührenrahmen\nEs fallen keine Gebühren an.;Es kostet nichts.
Wer kann den München-Pass beantragen?\n\nDen München-Pass können folgende Münchner Bürger*innen bekommen:\n* Bezieher*innen von laufender Hilfe zum Lebensunterhalt oder Grundsicherung (SGB XII),\n* Bezieher*innen von Bürgergeld (SGB II),\n* Bezieher*innen von Leistungen nach dem Asylbewerberleistungsgesetz (AsylbLG),\n* Bezieher*innen von Wohngeld oder Kinderzuschlag und deren Familienangehörige,\n\nPersonen mit geringem Einkommen, deren Einkommen den Bedarfssatz nach dem für sie anwendbaren Gesetz nicht übersteigt. Der Bedarfssatz setzt sich aus der Regelleistung zuzüglich eventueller Mehrbedarf und zuzüglich Kosten der Unterkunft zusammen. Zudem darf die Grenze des einzusetzenden Vermögens nach dem SGB XII nicht überschritten werden:\n* 10.000 Euro für jede volljährige Person\n* 500 Euro für jedes Kind\n\nAu-Pairs, Auszubildende und Studierende können leider keinen München Pass erhalten.\n* Personen mit einem monatlichen Nettoeinkommen unter der für sie geltenden Münchner Einkommensgrenze für Freiwillige Leistungen.\n  Diese ist:\n  * Ein-Personenhaushalt: 1.660 Euro\n  * jede weitere Person ab 14 Jahren: 830 Euro\n  * jede weitere Person bis einschließlich 13 Jahren: 500 Euro\n\nDaraus ergeben sich folgende beispielhafte Haushaltsnettoeinkommen:\n  * Ein-Personenhaushalt: 1.660 Euro\n  * Zwei-Personenhaushalt: 2.490 Euro\n  * Familie mit 1 Kind bis 13 Jahre: 2.990 Euro\n  * Familie mit 1 Kind ab 14 Jahren: 3.320 Euro\n* Zum monatlichen Nettoeinkommen gehören zum Beispiel:  Ausbildungs-/Gehalt, Renten, Nebeneinkünfte (wie Minijob), Einnahmen aus selbständiger Tätigkeit, Kindergeld, Unterhaltsleistungen, Einnahmen aus Unter-/Vermietung und Verpachtung und so weiter ...\n  Zudem darf die Grenze des einzusetzenden Vermögens nach dem SGB XII nicht überschritten werden:\n  * 10.000 Euro für jede volljährige Person\n  * 500 Euro für jedes Kind\n\n  Au-Pairs, Auszubildende und Studierende können leider keinen München Pass erhalten\n\n* Teilnehmende Personen am Freiwilligen Sozialen beziehungsweise Ökologischen Jahr, Freiwillige im Rahmen des Bundesfreiwilligendienstes;Wer kann den München-Pass beantragen?\n\nSie können den München-Pass beantragen,\nwenn Sie wenig Geld haben.\nDas nennt man einen niedrigen Geld-Betrag.\n\nSie müssen in München wohnen.\n\nSie müssen die deutsche Staats-Bürgerschaft haben.\nOder Sie haben einen Aufenthalts-Titel.\nZum Beispiel:\n* eine Niederlassungs-Erlaubnis\n* eine Erlaubnis zum Daueraufenthalt-EG\n* eine Erlaubnis zum Daueraufenthalt-EU\n* eine Blaue Karte EU\n* eine Erlaubnis zum Aufenthalt aus humanitären Gründen\n* eine Erlaubnis zum vorübergehenden Aufenthalt\n* eine Erlaubnis zum Aufenthalt aus familiären Gründen\n* eine Erlaubnis zum Aufenthalt aus völkerrechtlichen, humanitären oder politischen Gründen\n* eine Erlaubnis zum Aufenthalt aus anderen Gründen\n* eine Erlaubnis zum Aufenthalt aus humanitären Gründen\n* eine Erlaubnis zum vorübergehenden Aufenthalt\n* eine Erlaubnis zum Aufenthalt aus familiären Gründen\n* eine Erlaubnis zum Aufenthalt aus völkerrechtlichen, humanitären oder politischen Gründen\n* eine Erlaubnis zum Aufenthalt aus anderen Gründen\n* eine Duldung\n* eine Aufenthalts-Gestattung\n* eine Erlaubnis zum vorübergehenden Schutz\n* eine Erlaubnis zum subsidiären Schutz\n* eine Erlaubnis zum Schutz aus humanitären Gründen\n* eine Erlaubnis zum Schutz aus anderen Gründen\n* eine Erlaubnis zum Schutz aus völkerrechtlichen, humanitären oder politischen Gründen\n* eine Erlaubnis zum Schutz aus humanitären Gründen\n* eine Erlaubnis zum Schutz aus anderen Gründen\n* eine Erlaubnis zum Schutz aus völkerrechtlichen, humanitären oder politischen Gründen\n* eine Erlaubnis zum Schutz aus humanitären Gründen\n* eine Erlaubnis zum Schutz aus anderen Gründen\n* eine Erlaubnis zum Schutz aus völkerrechtlichen, humanitären oder politischen Gründen\n* eine Erlaubnis zum Schutz aus humanitären Gründen\n* eine Erlaubnis zum Schutz aus anderen Gründen\n* eine Erlaubnis zum Schutz aus völkerrechtlichen, humanitären oder politischen Gründen\n* eine Erlaubnis zum Schutz aus humanitären Gründen\n* eine Erlaubnis zum Schutz aus anderen Gründen\n* eine Erlaubnis zum Schutz aus völkerrechtlichen, humanitären oder politischen Gründen\n* eine Erlaubnis zum Schutz aus humanitären Gründen\n* eine Erlaubnis zum Schutz aus anderen Gründen\n* eine Erlaubnis zum Schutz aus völkerrechtlichen, humanitären oder politischen Gründen\n* eine Erlaubnis zum Schutz aus humanitären Gründen\n* eine Erlaubnis zum Schutz aus anderen Gründen\n* eine Erlaubnis zum Schutz aus völkerrechtlichen, humanitären oder politischen Gründen\n* eine Erlaubnis zum Schutz aus humanitären Gründen\n* eine Erlaubnis zum Schutz aus anderen Gründen\n* eine Erlaubnis zum Schutz aus völkerrechtlichen, humanitären oder politischen Gründen\n* eine Erlaubnis zum Schutz aus humanitären Gründen\n* eine Erlaubnis zum Schutz aus anderen Gründen\n* eine Erlaubnis zum Schutz aus völkerrechtlichen, humanitären oder politischen Gründen\n* eine Erlaubnis zum Schutz aus humanitären Gründen\n* eine Erlaubnis zum Schutz aus anderen Gründen\n* eine Erlaubnis zum Schutz aus völkerrechtlichen, humanitären oder politischen Gründen\n* eine Erlaubnis zum Schutz aus humanitären Gründen\n* eine Erlaubnis zum Schutz aus anderen Gründen\n* eine Erlaubnis zum Schutz aus völkerrechtlichen, humanitären oder politischen Gründen\n* eine Erlaubnis zum Schutz aus humanitären Gründen\n* eine Erlaubnis zum Schutz aus anderen Gründen\n* eine Erlaubnis zum Schutz aus völkerrechtlichen, humanitären oder politischen Gründen\n* eine Erlaubnis zum Schutz aus humanitären Gründen\n* eine Erlaubnis zum Schutz aus anderen Gründen\n* eine Erlaubnis zum Schutz aus völkerrechtlichen, humanitären oder politischen Gründen\n* eine Erlaubnis zum Schutz aus humanitären Gründen\n* eine Erlaubnis zum Schutz aus anderen Gründen\n* eine Erlaubnis zum Schutz aus völkerrechtlichen, humanitären oder politischen Gründen\n* eine Erlaubnis zum Schutz aus humanitären Gründen\n* eine Erlaubnis zum Schutz aus anderen Gründen\n* eine Erlaubnis zum Schutz aus völkerrechtlichen, humanitären oder politischen Gründen\n* eine Erlaubnis zum Schutz aus humanitären Gründen\n* eine Erlaubnis zum Schutz aus anderen Gründen\n* eine Erlaubnis zum Schutz aus völkerrechtlichen, humanitären oder politischen Gründen\n* eine Erlaubnis zum Schutz aus humanitären Gründen\n* eine Erlaubnis zum Schutz aus anderen Gründen\n* eine Erlaubnis zum Schutz aus völkerrechtlichen, humanitären oder politischen Gründen\n* eine Erlaubnis zum Schutz aus humanitären Gründen\n* eine Erlaubnis zum Schutz aus anderen Gründen\n* eine Erlaubnis zum Schutz aus völkerrechtlichen, humanitären oder politischen Gründen\n* eine Erlaubnis zum Schutz aus humanitären Gründen\n* eine Erlaubnis zum Schutz aus anderen Gründen\n* eine Erlaubnis zum Schutz aus völkerrechtlichen, humanitären oder politischen Gründen\n* eine Erlaubnis zum Schutz aus humanitären Gründen\n* eine Erlaubnis zum Schutz aus anderen Gründen\n* eine Erlaubnis zum Schutz aus völkerrechtlichen, humanitären oder politischen Gründen\n* eine Erlaubnis zum Schutz aus humanitären Gründen\n* eine Erlaubnis zum Schutz aus anderen Gründen\n* eine Erlaubnis zum Schutz aus völkerrechtlichen, humanitären oder politischen Gründen\n* eine Erlaubnis zum Schutz aus humanitären Gründen\n* eine Erlaubnis zum Schutz aus anderen Gründen\n* eine Erlaubnis zum Schutz aus völkerrechtlichen, humanitären oder politischen Gründen\n* eine Erlaubnis zum Schutz aus humanitären Gründen\n* eine Erlaubnis zum Schutz aus anderen Gründen\n* eine Erlaubnis zum Schutz aus völkerrechtlichen, humanitären oder politischen Gründen\n* eine Erlaubnis zum Schutz aus humanitären Gründen\n* eine Erlaubnis zum Schutz aus anderen Gründen\n* eine Erlaubnis zum Schutz aus völkerrechtlichen, humanitären oder politischen Gründen\n* eine Erlaubnis zum Schutz aus humanitären Gründen\n* eine Erlaubnis zum Schutz aus anderen Gründen\n* eine Erlaubnis zum Schutz aus völkerrechtlichen, humanitären oder politischen Gründen\n* eine Erlaubnis zum Schutz aus humanitären Gründen\n* eine Erlaubnis zum Schutz aus anderen Gründen\n* eine Erlaubnis zum Schutz aus völkerrechtlichen, humanitären oder politischen Gründen\n* eine Erlaubnis zum Schutz aus humanitären Gründen\n* eine Erlaubnis zum Schutz aus anderen Gründen\n* eine Erlaubnis zum Schutz aus völkerrechtlichen, humanitären oder politischen Gründen\n* eine Erlaubnis zum Schutz aus humanitären Gründen\n* eine Erlaubnis zum Schutz aus anderen Gründen\n* eine Erlaubnis zum Schutz aus völkerrechtlichen, humanitären oder politischen Gründen\n* eine Erlaubnis zum Schutz aus humanitären Gründen\n* eine Erlaubnis zum Schutz aus anderen Gründen\n* eine Erlaubnis zum Schutz aus völkerrechtlichen, humanitären oder politischen Gründen\n* eine Erlaubnis zum Schutz aus humanitären Gründen\n* eine Erlaubnis zum Schutz aus anderen Gründen\n* eine Erlaubnis zum Schutz aus völkerrechtlichen, humanitären oder politischen Gründen\n* eine Erlaubnis zum Schutz aus humanitären Gründen\n* eine Erlaubnis zum Schutz aus anderen Gründen\n* eine Erlaubnis zum Schutz aus völkerrechtlichen, humanitären oder politischen Gründen\n* eine Erlaubnis zum Schutz aus humanitären Gründen\n* eine Erlaubnis zum Schutz aus anderen Gründen\n* eine Erlaubnis zum Schutz aus völkerrechtlichen, humanitären oder politischen Gründen\n* eine Erlaubnis zum Schutz aus humanitären Gründen\n* eine Erlaubnis zum Schutz aus anderen Gründen\n* eine Erlaubnis zum Schutz aus völkerrechtlichen, humanitären oder politischen Gründen\n* eine Erlaubnis zum Schutz aus humanitären Gründen\n* eine Erlaubnis zum Schutz aus anderen Gründen\n* eine Erlaubnis zum Schutz aus völkerrechtlichen, humanitären oder politischen Gründen\n* eine Erlaubnis zum Schutz aus humanitären Gründen\n* eine Erlaubnis zum Schutz aus anderen Gründen\n* eine Erlaubnis zum Schutz aus völkerrechtlichen, humanitären oder politischen Gründen\n* eine Erlaubnis zum Schutz aus humanitären Gründen\n* eine Erlaubnis zum Schutz aus anderen Gründen\n* eine Erlaubnis zum Schutz aus völkerrechtlichen, humanitären oder politischen Gründen\n* eine Erlaubnis zum Schutz aus humanitären Gründen\n* eine Erlaubnis zum Schutz aus anderen Gründen\n* eine Erlaubnis zum Schutz aus völkerrechtlichen, humanitären oder politischen Gründen\n* eine Erlaubnis zum Schutz aus humanitären Gründen\n* eine Erlaubnis zum Schutz aus anderen Gründen\n* eine Erlaubnis zum Schutz aus völkerrechtlichen, humanitären oder politischen Gründen\n* eine Erlaubnis zum Schutz aus humanitären Gründen\n* eine Erlaubnis zum Schutz aus anderen Gründen\n* eine Erlaubnis zum Schutz aus völkerrechtlichen, humanitären oder politischen Gründen\n* eine Erlaubnis zum Schutz aus humanitären Gründen\n* eine Erlaubnis zum Schutz aus anderen Gründen\n* eine Erlaubnis zum Schutz aus völkerrechtlichen, humanitären oder politischen Gründen\n* eine Erlaubnis zum Schutz aus humanitären Gründen\n* eine Erlaubnis zum Schutz aus anderen Gründen\n* eine Erlaubnis zum Schutz aus völkerrechtlichen, humanitären oder politischen Gründen\n* eine Erlaubnis zum Schutz aus humanitären Gründen\n* eine Erlaubnis zum Schutz aus anderen Gründen\n* eine Erlaubnis zum Schutz aus völkerrechtlichen, humanitären oder politischen Gründen\n* eine Erlaubnis zum Schutz aus humanitären Gründen\n* eine Erlaubnis zum Schutz aus anderen Gründen\n* eine Erlaubnis zum Schutz aus völkerrechtlichen, humanitären oder politischen Gründen\n* eine Erlaubnis zum Schutz aus humanitären Gründen\n* eine Erlaubnis zum Schutz aus anderen Gründen\n* eine Erlaubnis zum Schutz aus völkerrechtlichen, humanitären oder politischen Gründen\n* eine Erlaubnis zum Schutz aus humanitären Gründen\n* eine Erlaubnis zum Schutz aus anderen Gründen\n* eine Erlaubnis zum Schutz aus völkerrechtlichen, humanitären oder politischen Gründen\n* eine Erlaubnis zum Schutz aus humanitären Gründen\n* eine Erlaubnis zum Schutz aus anderen Gründen\n* eine Erlaubnis zum Schutz aus völkerrechtlichen, humanitären oder politischen Gründen\n* eine Erlaubnis zum Schutz aus humanitären Gründen\n* eine Erlaubnis zum Schutz aus anderen Gründen\n* eine Erlaubnis zum Schutz aus völkerrechtlichen, humanitären oder politischen Gründen\n* eine Erlaubnis zum Schutz aus humanitären Gründen\n* eine Erlaubnis zum Schutz aus anderen Gründen\n* eine Erlaubnis zum Schutz aus völkerrechtlichen, humanitären oder politischen Gründen\n* eine Erlaubnis zum Schutz aus humanitären Gründen\n* eine Erlaubnis zum Schutz aus anderen Gründen\n* eine Erlaubnis zum Schutz aus völkerrechtlichen, humanitären oder politischen Gründen\n* eine Erlaubnis zum Schutz aus humanitären Gründen\n* eine Erlaubnis zum Schutz aus anderen Gründen\n* eine Erlaubnis zum Schutz aus völkerrechtlichen, humanitären oder politischen Gründen\n* eine Erlaubnis zum Schutz aus humanitären Gründen\n* eine Erlaubnis zum Schutz aus anderen Gründen\n* eine Erlaubnis zum Schutz aus völkerrechtlichen, humanitären oder politischen Gründen\n* eine Erlaubnis zum Schutz aus humanitären Gründen\n* eine Erlaubnis zum Schutz aus anderen Gründen\n* eine Erlaubnis zum Schutz aus völkerrechtlichen, humanitären oder politischen Gründen\n* eine Erlaubnis zum Schutz aus humanitären Gründen\n* eine Erlaubnis zum Schutz aus anderen Gründen\n* eine Erlaubnis zum Schutz aus völkerrechtlichen, humanitären oder politischen Gründen\n* eine Erlaubnis zum Schutz aus humanitären Gründen\n* eine Erlaubnis zum Schutz aus anderen Gründen\n* eine Erlaubnis zum Schutz aus völkerrechtlichen, humanitären oder politischen Gründen\n* eine Erlaubnis zum Schutz aus humanitären Gründen\n* eine Erlaubnis zum Schutz aus anderen Gründen\n* eine Erlaubnis zum Schutz aus völkerrechtlichen, humanitären oder politischen Gründen\n* eine Erlaubnis zum Schutz aus humanitären Gründen\n* eine Erlaubnis zum Schutz aus anderen Gründen\n* eine Erlaubnis zum Schutz aus völkerrechtlichen, humanitären oder politischen Gründen\n* eine Erlaubnis zum Schutz aus humanitären Gründen\n* eine Erlaubnis zum Schutz aus anderen Gründen\n* eine Erlaubnis zum Schutz aus völkerrechtlichen, humanitären oder politischen Gründen\n* eine Erlaubnis zum Schutz aus humanitären Gründen\n* eine Erlaubnis zum Schutz aus anderen Gründen\n* eine Erlaubnis zum Schutz aus völkerrechtlichen, humanitären oder politischen Gründen\n* eine Erlaubnis zum Schutz aus humanitären Gründen\n* eine Erlaubnis zum Schutz aus anderen Gründen\n* eine Erlaubnis zum Schutz aus völkerrechtlichen, humanitären oder politischen Gründen\n* eine Erlaubnis zum Schutz aus humanitären Gründen\n* eine Erlaubnis zum Schutz aus anderen Gründen\n* eine Erlaubnis zum Schutz aus völkerrechtlichen, humanitären oder politischen Gründen\n* eine Erlaubnis zum Schutz aus humanitären Gründen\n* eine Erlaubnis zum Schutz aus anderen Gründen\n* eine Erlaubnis zum Schutz aus völkerrechtlichen, humanitären oder politischen Gründen\n* eine Erlaubnis zum Schutz aus humanitären Gründen\n* eine Erlaubnis zum Schutz aus anderen Gründen\n* eine Erlaubnis zum Schutz aus völkerrechtlichen, humanitären oder politischen Gründen\n* eine Erlaubnis zum Schutz aus humanitären Gründen\n* eine Erlaubnis zum Schutz aus anderen Gründen\n* eine Erlaubnis zum Schutz aus völkerrechtlichen, humanitären oder politischen Gründen\n* eine Erlaubnis zum Schutz aus humanitären Gründen\n* eine Erlaubnis zum Schutz aus anderen Gründen\n* eine Erlaubnis zum Schutz aus völkerrechtlichen, humanitären oder politischen Gründen\n* eine Erlaubnis zum Schutz aus humanitären Gründen\n* eine Erlaubnis zum Schutz aus anderen Gründen\n* eine Erlaubnis zum Schutz aus völkerrechtlichen, humanitären oder politischen Gründen\n* eine Erlaubnis zum Schutz aus humanitären Gründen\n* eine Erlaubnis zum Schutz aus anderen Gründen\n* eine Erlaubnis zum Schutz aus völkerrechtlichen, humanitären oder politischen Gründen\n* eine Erlaubnis zum Schutz aus humanitären Gründen\n* eine Erlaubnis zum Schutz aus anderen Gründen\n* eine Erlaubnis zum Schutz aus völkerrechtlichen, humanitären oder politischen Gründen\n* eine Erlaubnis zum Schutz aus humanitären Gründen\n* eine Erlaubnis zum Schutz aus anderen Gründen\n* eine Erlaubnis zum Schutz aus völkerrechtlichen, humanitären oder politischen Gründen\n* eine Erlaubnis zum Schutz aus humanitären
Können Personen, die nicht in München wohnen einen Pass erhalten?\nNein, außer Teilnehmende am Bundesfreiwilligendienst, am Freiwilligen Sozialen beziehungsweise Ökologischen Jahr. Hier genügt es, dass Sie den Dienst in München leisten und währenddessen in München übernachten.;Können Personen, die nicht in München wohnen einen Pass erhalten?\nNein, außer Teilnehmende am Bundesfreiwilligendienst, am Freiwilligen Sozialen beziehungsweise Ökologischen Jahr. Hier genügt es, dass Sie den Dienst in München leisten und währenddessen in München übernachten.
Welche Vergünstigungen oder Ermßigungen gibt es darüber hinaus?\n\nEs gibt verschiedene Vergünstigungen oder Ermßigungen in unterschiedlicher Höhe beim Besuch von\n* Bädern\n* Sportstätten/-vereine\n* Museen\n* Bauwerke\n* Kinos\n* Tierpark\n* Theatern\n* Volkshochschule\n* und andere verschiedene Einrichtungen;Was ist die München-Card?\nDie München-Card ist eine Karte.\nMit der Karte bekommen Sie Vergünstigungen.\nVergünstigungen sind zum Beispiel:\n* Sie müssen weniger Geld bezahlen.\n* Sie bekommen etwas umsonst.\n  Zum Beispiel einen Kaffee.\n  Oder Sie dürfen umsonst in ein Museum.\n  Oder Sie dürfen umsonst in ein Schwimm-Bad.\n  Oder Sie dürfen umsonst in ein Theater.\n  Oder Sie dürfen umsonst in einen Zoo.\n  Oder Sie dürfen umsonst in einen Tier-Park.\n  Oder Sie dürfen umsonst in ein Kino.\n  Oder Sie dürfen umsonst in ein Konzert.\n  Oder Sie dürfen umsonst in eine Vorlesung.\n  Oder Sie dürfen umsonst in eine Ausstellung.\n  Oder Sie dürfen umsonst in eine Sport-Veranstaltung.\n  Oder Sie dürfen umsonst in ein Sport-Stadion.\n  Oder Sie dürfen umsonst in ein Schwimm-Bad.\n  Oder Sie dürfen umsonst in ein Fitness-Studio.\n  Oder Sie dürfen umsonst in eine Sauna.\n  Oder Sie dürfen umsonst in eine Therme.\n  Oder Sie dürfen umsonst in ein Solarium.\n  Oder Sie dürfen umsonst in eine Eissporthalle.\n  Oder Sie dürfen umsonst in eine Kletter-Halle.\n  Oder Sie dürfen umsonst in eine Kletter-Anlage.\n  Oder Sie dürfen umsonst in eine Kletter-Wand.\n  Oder Sie dürfen umsonst in eine Kletter-Halle.\n  Oder Sie dürfen umsonst in eine Kletter-Halle.\n  Oder Sie dürfen umsonst in eine Kletter-Halle.\n  Oder Sie dürfen umsonst in eine Kletter-Halle.\n  Oder Sie dürfen umsonst in eine Kletter-Halle.\n  Oder Sie dürfen umsonst in eine Kletter-Halle.\n  Oder Sie dürfen umsonst in eine Kletter-Halle.\n  Oder Sie dürfen umsonst in eine Kletter-Halle.\n  Oder Sie dürfen umsonst in eine Kletter-Halle.\n  Oder Sie dürfen umsonst in eine Kletter-Halle.\n  Oder Sie dürfen umsonst in eine Kletter-Halle.\n  Oder Sie dürfen umsonst in eine Kletter-Halle.\n  Oder Sie dürfen umsonst in eine Kletter-Halle.\n  Oder Sie dürfen umsonst in eine Kletter-Halle.\n  Oder Sie dürfen umsonst in eine Kletter-Halle.\n  Oder Sie dürfen umsonst in eine Kletter-Halle.\n  Oder Sie dürfen umsonst in eine Kletter-Halle.\n  Oder Sie dürfen umsonst in eine Kletter-Halle.\n  Oder Sie dürfen umsonst in eine Kletter-Halle.\n  Oder Sie dürfen umsonst in eine Kletter-Halle.\n  Oder Sie dürfen umsonst in eine Kletter-Halle.\n  Oder Sie dürfen umsonst in eine Kletter-Halle.\n  Oder Sie dürfen umsonst in eine Kletter-Halle.\n  Oder Sie dürfen umsonst in eine Kletter-Halle.\n  Oder Sie dürfen umsonst in eine Kletter-Halle.\n  Oder Sie dürfen umsonst in eine Kletter-Halle.\n  Oder Sie dürfen umsonst in eine Kletter-Halle.\n  Oder Sie dürfen umsonst in eine Kletter-Halle.\n  Oder Sie dürfen umsonst in eine Kletter-Halle.\n  Oder Sie dürfen umsonst in eine Kletter-Halle.\n  Oder Sie dürfen umsonst in eine Kletter-Halle.\n  Oder Sie dürfen umsonst in eine Kletter-Halle.\n  Oder Sie dürfen umsonst in eine Kletter-Halle.\n  Oder Sie dürfen umsonst in eine Kletter-Halle.\n  Oder Sie dürfen umsonst in eine Kletter-Halle.\n  Oder Sie dürfen umsonst in eine Kletter-Halle.\n  Oder Sie dürfen umsonst in eine Kletter-Halle.\n  Oder Sie dürfen umsonst in eine Kletter-Halle.\n  Oder Sie dürfen umsonst in eine Kletter-Halle.\n  Oder Sie dürfen umsonst in eine Kletter-Halle.\n  Oder Sie dürfen umsonst in eine Kletter-Halle.\n  Oder Sie dürfen umsonst in eine Kletter-Halle.\n  Oder Sie dürfen umsonst in eine Kletter-Halle.\n  Oder Sie dürfen umsonst in eine Kletter-Halle.\n  Oder Sie dürfen umsonst in eine Kletter-Halle.\n  Oder Sie dürfen umsonst in eine Kletter-Halle.\n  Oder Sie dürfen umsonst in eine Kletter-Halle.\n  Oder Sie dürfen umsonst in eine Kletter-Halle.\n  Oder Sie dürfen umsonst in eine Kletter-Halle.\n  Oder Sie dürfen umsonst in eine Kletter-Halle.\n  Oder Sie dürfen umsonst in eine Kletter-Halle.\n  Oder Sie dürfen umsonst in eine Kletter-Halle.\n  Oder Sie dürfen umsonst in eine Kletter-Halle.\n  Oder Sie dürfen umsonst in eine Kletter-Halle.\n  Oder Sie dürfen umsonst in eine Kletter-Halle.\n  Oder Sie dürfen umsonst in eine Kletter-Halle.\n  Oder Sie dürfen umsonst in eine Kletter-Halle.\n  Oder Sie dürfen umsonst in eine Kletter-Halle.\n  Oder Sie dürfen umsonst in eine Kletter-Halle.\n  Oder Sie dürfen umsonst in eine Kletter-Halle.\n  Oder Sie dürfen umsonst in eine Kletter-Halle.\n  Oder Sie dürfen umsonst in eine Kletter-Halle.\n  Oder Sie dürfen umsonst in eine Kletter-Halle.\n  Oder Sie dürfen umsonst in eine Kletter-Halle.\n  Oder Sie dürfen umsonst in eine Kletter-Halle.\n  Oder Sie dürfen umsonst in eine Kletter-Halle.\n  Oder Sie dürfen umsonst in eine Kletter-Halle.\n  Oder Sie dürfen umsonst in eine Kletter-Halle.\n  Oder Sie dürfen umsonst in eine Kletter-Halle.\n  Oder Sie dürfen umsonst in eine Kletter-Halle.\n  Oder Sie dürfen umsonst in eine Kletter-Halle.\n  Oder Sie dürfen umsonst in eine Kletter-Halle.\n  Oder Sie dürfen umsonst in eine Kletter-Halle.\n  Oder Sie dürfen umsonst in eine Kletter-Halle.\n  Oder Sie dürfen umsonst in eine Kletter-Halle.\n  Oder Sie dürfen umsonst in eine Kletter-Halle.\n  Oder Sie dürfen umsonst in eine Kletter-Halle.\n  Oder Sie dürfen umsonst in eine Kletter-Halle.\n  Oder Sie dürfen umsonst in eine Kletter-Halle.\n  Oder Sie dürfen umsonst in eine Kletter-Halle.\n  Oder Sie dürfen umsonst in eine Kletter-Halle.\n  Oder Sie dürfen umsonst in eine Kletter-Halle.\n  Oder Sie dürfen umsonst in eine Kletter-Halle.\n  Oder Sie dürfen umsonst in eine Kletter-Halle.\n  Oder Sie dürfen umsonst in eine Kletter-Halle.\n  Oder Sie dürfen umsonst in eine Kletter-Halle.\n  Oder Sie dürfen umsonst in eine Kletter-Halle.\n  Oder Sie dürfen umsonst in eine Kletter-Halle.\n  Oder Sie dürfen umsonst in eine Kletter-Halle.\n  Oder Sie dürfen umsonst in eine Kletter-Halle.\n  Oder Sie dürfen umsonst in eine Kletter-Halle.\n  Oder Sie dürfen umsonst in eine Kletter-Halle.\n  Oder Sie dürfen umsonst in eine Kletter-Halle.\n  Oder Sie dürfen umsonst in eine Kletter-Halle.\n  Oder Sie dürfen umsonst in eine Kletter-Halle.\n  Oder Sie dürfen umsonst in eine Kletter-Halle.\n  Oder Sie dürfen umsonst in eine Kletter-Halle.\n  Oder Sie dürfen umsonst in eine Kletter-Halle.\n  Oder Sie dürfen umsonst in eine Kletter-Halle.\n  Oder Sie dürfen umsonst in eine Kletter-Halle.\n  Oder Sie dürfen umsonst in eine Kletter-Halle.\n  Oder Sie dürfen umsonst in eine Kletter-Halle.\n  Oder Sie dürfen umsonst in eine Kletter-Halle.\n  Oder Sie dürfen umsonst in eine Kletter-Halle.\n  Oder Sie dürfen umsonst in eine Kletter-Halle.\n  Oder Sie dürfen umsonst in eine Kletter-Halle.\n  Oder Sie dürfen umsonst in eine Kletter-Halle.\n  Oder Sie dürfen umsonst in eine Kletter-Halle.\n  Oder Sie dürfen umsonst in eine Kletter-Halle.\n  Oder Sie dürfen umsonst in eine Kletter-Halle.\n  Oder Sie dürfen umsonst in eine Kletter-Halle.\n  Oder Sie dürfen umsonst in eine Kletter-Halle.\n  Oder Sie dürfen umsonst in eine Kletter-Halle.\n  Oder Sie dürfen umsonst in eine Kletter-Halle.\n  Oder Sie dürfen umsonst in eine Kletter-Halle.\n  Oder Sie dürfen umsonst in eine Kletter-Halle.\n  Oder Sie dürfen umsonst in eine Kletter-Halle.\n  Oder Sie dürfen umsonst in eine Kletter-Halle.\n  Oder Sie dürfen umsonst in eine Kletter-Halle.\n  Oder Sie dürfen umsonst in eine Kletter-Halle.\n  Oder Sie dürfen umsonst in eine Kletter-Halle.\n  Oder Sie dürfen umsonst in eine Kletter-Halle.\n  Oder Sie dürfen umsonst in eine Kletter-Halle.\n  Oder Sie dürfen umsonst in eine Kletter-Halle.\n  Oder Sie dürfen umsonst in eine Kletter-Halle.\n  Oder Sie dürfen umsonst in eine Kletter-Halle.\n  Oder Sie dürfen umsonst in eine Kletter-Halle.\n  Oder Sie dürfen umsonst in eine Kletter-Halle.\n  Oder Sie dürfen umsonst in eine Kletter-Halle.\n  Oder Sie dürfen umsonst in eine Kletter-Halle.\n  Oder Sie dürfen umsonst in eine Kletter-Halle.\n  Oder Sie dürfen umsonst in eine Kletter-Halle.\n  Oder Sie dürfen umsonst in eine Kletter-Halle.\n  Oder Sie dürfen umsonst in eine Kletter-Halle.\n  Oder Sie dürfen umsonst in eine Kletter-Halle.\n  Oder Sie dürfen umsonst in eine Kletter-Halle.\n  Oder Sie dürfen umsonst in eine Kletter-Halle.\n  Oder Sie dürfen umsonst in eine Kletter-Halle.\n  Oder Sie dürfen umsonst in eine Kletter-Halle.\n  Oder Sie dürfen umsonst in eine Kletter-Halle.\n  Oder Sie dürfen umsonst in eine Kletter-Halle.\n  Oder Sie dürfen umsonst in eine Kletter-Halle.\n  Oder Sie dürfen umsonst in eine Kletter-Halle.\n  Oder Sie dürfen umsonst in eine Kletter-Halle.\n  Oder Sie dürfen umsonst in eine Kletter-Halle.\n  Oder Sie dürfen umsonst in eine Kletter-Halle.\n  Oder Sie dürfen umsonst in eine Kletter-Halle.\n  Oder Sie dürfen umsonst in eine Kletter-Halle.\n  Oder Sie dürfen umsonst in eine Kletter-Halle.\n  Oder Sie dürfen umsonst in eine Kletter-Halle.\n  Oder Sie dürfen umsonst in eine Kletter-Halle.\n  Oder Sie dürfen umsonst in eine Kletter-Halle.\n  Oder Sie dürfen umsonst in eine Kletter-Halle.\n  Oder Sie dürfen umsonst in eine Kletter-Halle.\n  Oder Sie dürfen umsonst in eine Kletter-Halle.\n  Oder Sie dürfen umsonst in eine Kletter-Halle.\n  Oder Sie dürfen umsonst in eine Kletter-Halle.\n  Oder Sie dürfen umsonst in eine Kletter-Halle.\n  Oder Sie dürfen umsonst in eine Kletter-Halle.\n  Oder Sie dürfen umsonst in eine Kletter-Halle.\n  Oder Sie dürfen umsonst in eine Kletter-Halle.\n  Oder Sie dürfen umsonst in eine Kletter-Halle.\n  Oder Sie dürfen umsonst in eine Kletter-Halle.\n  Oder Sie dürfen umsonst in eine Kletter-Halle.\n  Oder Sie dürfen umsonst in eine Kletter-Halle.\n  Oder Sie dürfen umsonst in eine Kletter-Halle.\n  Oder Sie dürfen umsonst in eine Kletter-Halle.\n  Oder Sie dürfen umsonst in eine Kletter-Halle.\n  Oder Sie dürfen umsonst in eine Kletter-Halle.\n  Oder Sie dürfen umsonst in eine Kletter-Halle.\n  Oder Sie dürfen umsonst in eine Kletter-Halle.\n  Oder Sie dürfen umsonst in eine Kletter-Halle.\n  Oder Sie dürfen umsonst in eine Kletter-Halle.\n  Oder Sie dürfen umsonst in eine Kletter-Halle.\n  Oder Sie dürfen umsonst in eine Kletter-Halle.\n  Oder Sie dürfen umsonst in eine Kletter-Halle.\n  Oder Sie dürfen umsonst in eine Kletter-Halle.\n  Oder Sie dürfen umsonst in eine Kletter-Halle.\n  Oder Sie dürfen umsonst in eine Kletter-Halle.\n  Oder Sie dürfen umsonst in eine Kletter-Halle.\n  Oder Sie dürfen umsonst in eine Kletter-Halle.\n  Oder Sie dürfen umsonst in eine Kletter-Halle.\n  Oder Sie dürfen umsonst in eine Kletter-Halle.\n  Oder Sie dürfen umsonst in eine Kletter-Halle.\n  Oder Sie dürfen umsonst in eine Kletter-Halle.\n  Oder Sie dürfen umsonst in eine Kletter-Halle.\n  Oder Sie dürfen umsonst in eine Kletter-Halle.\n  Oder Sie dürfen umsonst in eine Kletter-Halle.\n  Oder Sie dürfen umsonst in eine Kletter-Halle.\n  Oder Sie dürfen umsonst in eine Kletter-Halle.\n  Oder Sie dürfen umsonst in eine Kletter-Halle.\n  Oder Sie dürfen umsonst in eine Kletter-Halle.\n  Oder Sie dürfen umsonst in eine Kletter-Halle.\n  Oder Sie dürfen umsonst in eine Kletter-Halle.\n  Oder Sie dürfen umsonst in eine Kletter-Halle.\n  Oder Sie dürfen umsonst in eine Kletter-Halle.\n  Oder Sie dürfen umsonst in eine Kletter-Halle.\n  Oder Sie dürfen umsonst in eine Kletter-Halle.\n  Oder Sie dürfen umsonst in eine Kletter-Halle.\n  Oder Sie dürfen umsonst in eine Kletter-Halle.\n  Oder Sie dürfen umsonst in eine Kletter-Halle.\n  Oder Sie dürfen umsonst in eine Kletter-Halle.\n  Oder Sie dürfen umsonst in eine Kletter-Halle.\n  Oder Sie dürfen umsonst in eine Kletter-Halle.\n  Oder Sie dürfen umsonst in eine Kletter-Halle.\n  Oder Sie dürfen umsonst in eine Kletter-Halle.\n  Oder Sie dürfen umsonst in eine Kletter-Halle.\n  Oder Sie dürfen umsonst in eine Kletter-Halle.\n  Oder Sie dürfen umsonst in eine Kletter-Halle.\n  Oder Sie dürfen umsonst in eine Kletter-Halle.\n  Oder Sie dürfen umsonst in eine Kletter-Halle.\n  Oder Sie dürfen umsonst in eine Kletter-Halle.\n  Oder Sie dürfen umsonst in eine Kletter-Halle.\n  Oder Sie dürfen umsonst in eine Kletter-Halle.\n  Oder Sie dürfen umsonst in eine Kletter-Halle.\n  Oder Sie dürfen umsonst in eine Kletter-Halle.\n  Oder Sie dürfen umsonst in eine Kletter-Halle.\n  Oder Sie dürfen umsonst in eine Kletter-Halle.\n  Oder Sie dürfen umsonst in eine Kletter-Halle.\n  Oder Sie dürfen umsonst in eine Kletter-Halle.\n  Oder Sie dürfen umsonst in eine Kletter-Halle.\n  Oder Sie dürfen umsonst in eine Kletter-Halle.\n  Oder Sie dürfen umsonst in eine Kletter-Halle.\n  Oder Sie dürfen umsonst in eine Kletter-Halle.\n  Oder Sie dürfen umsonst in eine Kletter-Halle.\n  Oder Sie dürfen umsonst in eine Kletter-Halle.\n  Oder Sie dürfen umsonst in eine Kletter-Halle.\n  Oder Sie dürfen umsonst in eine Kletter-Halle.\n  Oder Sie dürfen umsonst in eine Kletter-Halle.\n  Oder Sie dürfen umsonst in eine Kletter-Halle.\n  Oder Sie dürfen umsonst in eine Kletter-Halle.\n  Oder Sie dürfen umsonst in eine Kletter-Halle.\n  Oder Sie dürfen umsonst in eine Kletter-Halle.\n  Oder Sie dürfen umsonst
Wo können Sie den München-Pass beantragen?\n\nDen München-Pass können Sie in dem für Ihre Wohnadresse zuständigen Sozialbürgerhaus oder im Amt für Wohnen und Migration auf dem Postweg oder bei einer persönlichen Vorsprache beantragen.;Wo können Sie den München-Pass beantragen?\n\nSie können den München-Pass in einem Sozial-Bürger-Haus beantragen.\nDas Sozial-Bürger-Haus muss in Ihrer Nähe sein.\nDas Sozial-Bürger-Haus ist für Menschen mit wenig Geld.\nDas Sozial-Bürger-Haus hilft Ihnen.\nZum Beispiel bei diesen Dingen:\n* Sie haben eine Frage zu Ihrem Geld.\n* Sie brauchen Hilfe bei einem Antrag.\n* Sie brauchen eine Beratung.\n* Sie haben ein anderes Problem.\n* Sie brauchen eine andere Hilfe.\n* Sie brauchen eine andere Unterstützung.\n* Sie brauchen eine andere Information.\n* Sie brauchen eine andere Auskunft.\n* Sie brauchen eine andere Stelle.\n* Sie brauchen eine andere Stelle in München.\n* Sie brauchen eine andere Stelle in Ihrer Nähe.\n* Sie brauchen eine andere Stelle in Ihrem Stadt-Teil.\n* Sie brauchen eine andere Stelle in Ihrem Bezirk.\n* Sie brauchen eine andere Stelle in Ihrem Land-Kreis.\n* Sie brauchen eine andere Stelle in Ihrem Bundes-Land.\n* Sie brauchen eine andere Stelle in Deutschland.\n* Sie brauchen eine andere Stelle in Europa.\n* Sie brauchen eine andere Stelle in der Welt.\n* Sie brauchen eine andere Stelle in der ganzen Welt.\n* Sie brauchen eine andere Stelle in der ganzen Welt und im ganzen Universum.\n* Sie brauchen eine andere Stelle in der ganzen Welt und im ganzen Universum und im ganzen Multiversum.\n* Sie brauchen eine andere Stelle in der ganzen Welt und im ganzen Universum und im ganzen Multiversum und im ganzen Omniversum.\n* Sie brauchen eine andere Stelle in der ganzen Welt und im ganzen Universum und im ganzen Multiversum und im ganzen Omniversum und im ganzen Metaversum.\n* Sie brauchen eine andere Stelle in der ganzen Welt und im ganzen Universum und im ganzen Multiversum und im ganzen Omniversum und im ganzen Metaversum und im ganzen Parallel-Universum.\n* Sie brauchen eine andere Stelle in der ganzen Welt und im ganzen Universum und im ganzen Multiversum und im ganzen Omniversum und im ganzen Metaversum und im ganzen Parallel-Universum und im ganzen Parallel-Multiversum.\n* Sie brauchen eine andere Stelle in der ganzen Welt und im ganzen Universum und im ganzen Multiversum und im ganzen Omniversum und im ganzen Metaversum und im ganzen Parallel-Universum und im ganzen Parallel-Multiversum und im ganzen Parallel-Omniversum.\n* Sie brauchen eine andere Stelle in der ganzen Welt und im ganzen Universum und im ganzen Multiversum und im ganzen Omniversum und im ganzen Metaversum und im ganzen Parallel-Universum und im ganzen Parallel-Multiversum und im ganzen Parallel-Omniversum und im ganzen Parallel-Metaversum.\n* Sie brauchen eine andere Stelle in der ganzen Welt und im ganzen Universum und im ganzen Multiversum und im ganzen Omniversum und im ganzen Metaversum und im ganzen Parallel-Universum und im ganzen Parallel-Multiversum und im ganzen Parallel-Omniversum und im ganzen Parallel-Metaversum und im ganzen Parallel-Parallel-Universum.\n* Sie brauchen eine andere Stelle in der ganzen Welt und im ganzen Universum und im ganzen Multiversum und im ganzen Omniversum und im ganzen Metaversum und im ganzen Parallel-Universum und im ganzen Parallel-Multiversum und im ganzen Parallel-Omniversum und im ganzen Parallel-Metaversum und im ganzen Parallel-Parallel-Universum und im ganzen Parallel-Parallel-Multiversum.\n* Sie brauchen eine andere Stelle in der ganzen Welt und im ganzen Universum und im ganzen Multiversum und im ganzen Omniversum und im ganzen Metaversum und im ganzen Parallel-Universum und im ganzen Parallel-Multiversum und im ganzen Parallel-Omniversum und im ganzen Parallel-Metaversum und im ganzen Parallel-Parallel-Universum und im ganzen Parallel-Parallel-Multiversum und im ganzen Parallel-Parallel-Omniversum.\n* Sie brauchen eine andere Stelle in der ganzen Welt und im ganzen Universum und im ganzen Multiversum und im ganzen Omniversum und im ganzen Metaversum und im ganzen Parallel-Universum und im ganzen Parallel-Multiversum und im ganzen Parallel-Omniversum und im ganzen Parallel-Metaversum und im ganzen Parallel-Parallel-Universum und im ganzen Parallel-Parallel-Multiversum und im ganzen Parallel-Parallel-Omniversum und im ganzen Parallel-Parallel-Metaversum.\n* Sie brauchen eine andere Stelle in der ganzen Welt und im ganzen Universum und im ganzen Multiversum und im ganzen Omniversum und im ganzen Metaversum und im ganzen Parallel-Universum und im ganzen Parallel-Multiversum und im ganzen Parallel-Omniversum und im ganzen Parallel-Metaversum und im ganzen Parallel-Parallel-Universum und im ganzen Parallel-Parallel-Multiversum und im ganzen Parallel-Parallel-Omniversum und im ganzen Parallel-Parallel-Metaversum und im ganzen Parallel-Parallel-Parallel-Universum.\n* Sie brauchen eine andere Stelle in der ganzen Welt und im ganzen Universum und im ganzen Multiversum und im ganzen Omniversum und im ganzen Metaversum und im ganzen Parallel-Universum und im ganzen Parallel-Multiversum und im ganzen Parallel-Omniversum und im ganzen Parallel-Metaversum und im ganzen Parallel-Parallel-Universum und im ganzen Parallel-Parallel-Multiversum und im ganzen Parallel-Parallel-Omniversum und im ganzen Parallel-Parallel-Metaversum und im ganzen Parallel-Parallel-Parallel-Universum und im ganzen Parallel-Parallel-Parallel-Multiversum.\n* Sie brauchen eine andere Stelle in der ganzen Welt und im ganzen Universum und im ganzen Multiversum und im ganzen Omniversum und im ganzen Metaversum und im ganzen Parallel-Universum und im ganzen Parallel-Multiversum und im ganzen Parallel-Omniversum und im ganzen Parallel-Metaversum und im ganzen Parallel-Parallel-Universum und im ganzen Parallel-Parallel-Multiversum und im ganzen Parallel-Parallel-Omniversum und im ganzen Parallel-Parallel-Metaversum und im ganzen Parallel-Parallel-Parallel-Universum und im ganzen Parallel-Parallel-Parallel-Multiversum und im ganzen Parallel-Parallel-Parallel-Omniversum.\n* Sie brauchen eine andere Stelle in der ganzen Welt und im ganzen Universum und im ganzen Multiversum und im ganzen Omniversum und im ganzen Metaversum und im ganzen Parallel-Universum und im ganzen Parallel-Multiversum und im ganzen Parallel-Omniversum und im ganzen Parallel-Metaversum und im ganzen Parallel-Parallel-Universum und im ganzen Parallel-Parallel-Multiversum und im ganzen Parallel-Parallel-Omniversum und im ganzen Parallel-Parallel-Metaversum und im ganzen Parallel-Parallel-Parallel-Universum und im ganzen Parallel-Parallel-Parallel-Multiversum und im ganzen Parallel-Parallel-Parallel-Omniversum und im ganzen Parallel-Parallel-Parallel-Metaversum.\n* Sie brauchen eine andere Stelle in der ganzen Welt und im ganzen Universum und im ganzen Multiversum und im ganzen Omniversum und im ganzen Metaversum und im ganzen Parallel-Universum und im ganzen Parallel-Multiversum und im ganzen Parallel-Omniversum und im ganzen Parallel-Metaversum und im ganzen Parallel-Parallel-Universum und im ganzen Parallel-Parallel-Multiversum und im ganzen Parallel-Parallel-Omniversum und im ganzen Parallel-Parallel-Metaversum und im ganzen Parallel-Parallel-Parallel-Universum und im ganzen Parallel-Parallel-Parallel-Multiversum und im ganzen Parallel-Parallel-Parallel-Omniversum und im ganzen Parallel-Parallel-Parallel-Metaversum und im ganzen Parallel-Parallel-Parallel-Parallel-Universum.\n* Sie brauchen eine andere Stelle in der ganzen Welt und im ganzen Universum und im ganzen Multiversum und im ganzen Omniversum und im ganzen Metaversum und im ganzen Parallel-Universum und im ganzen Parallel-Multiversum und im ganzen Parallel-Omniversum und im ganzen Parallel-Metaversum und im ganzen Parallel-Parallel-Universum und im ganzen Parallel-Parallel-Multiversum und im ganzen Parallel-Parallel-Omniversum und im ganzen Parallel-Parallel-Metaversum und im ganzen Parallel-Parallel-Parallel-Universum und im ganzen Parallel-Parallel-Parallel-Multiversum und im ganzen Parallel-Parallel-Parallel-Omniversum und im ganzen Parallel-Parallel-Parallel-Metaversum und im ganzen Parallel-Parallel-Parallel-Parallel-Universum und im ganzen Parallel-Parallel-Parallel-Parallel-Multiversum.\n* Sie brauchen eine andere Stelle in der ganzen Welt und im ganzen Universum und im ganzen Multiversum und im ganzen Omniversum und im ganzen Metaversum und im ganzen Parallel-Universum und im ganzen Parallel-Multiversum und im ganzen Parallel-Omniversum und im ganzen Parallel-Metaversum und im ganzen Parallel-Parallel-Universum und im ganzen Parallel-Parallel-Multiversum und im ganzen Parallel-Parallel-Omniversum und im ganzen Parallel-Parallel-Metaversum und im ganzen Parallel-Parallel-Parallel-Universum und im ganzen Parallel-Parallel-Parallel-Multiversum und im ganzen Parallel-Parallel-Parallel-Omniversum und im ganzen Parallel-Parallel-Parallel-Metaversum und im ganzen Parallel-Parallel-Parallel-Parallel-Universum und im ganzen Parallel-Parallel-Parallel-Parallel-Multiversum und im ganzen Parallel-Parallel-Parallel-Parallel-Omniversum.\n* Sie brauchen eine andere Stelle in der ganzen Welt und im ganzen Universum und im ganzen Multiversum und im ganzen Omniversum und im ganzen Metaversum und im ganzen Parallel-Universum und im ganzen Parallel-Multiversum und im ganzen Parallel-Omniversum und im ganzen Parallel-Metaversum und im ganzen Parallel-Parallel-Universum und im ganzen Parallel-Parallel-Multiversum und im ganzen Parallel-Parallel-Omniversum und im ganzen Parallel-Parallel-Metaversum und im ganzen Parallel-Parallel-Parallel-Universum und im ganzen Parallel-Parallel-Parallel-Multiversum und im ganzen Parallel-Parallel-Parallel-Omniversum und im ganzen Parallel-Parallel-Parallel-Metaversum und im ganzen Parallel-Parallel-Parallel-Parallel-Universum und im ganzen Parallel-Parallel-Parallel-Parallel-Multiversum und im ganzen Parallel-Parallel-Parallel-Parallel-Omniversum und im ganzen Parallel-Parallel-Parallel-Parallel-Metaversum.\n* Sie brauchen eine andere Stelle in der ganzen Welt und im ganzen Universum und im ganzen Multiversum und im ganzen Omniversum und im ganzen Metaversum und im ganzen Parallel-Universum und im ganzen Parallel-Multiversum und im ganzen Parallel-Omniversum und im ganzen Parallel-Metaversum und im ganzen Parallel-Parallel-Universum und im ganzen Parallel-Parallel-Multiversum und im ganzen Parallel-Parallel-Omniversum und im ganzen Parallel-Parallel-Metaversum und im ganzen Parallel-Parallel-Parallel-Universum und im ganzen Parallel-Parallel-Parallel-Multiversum und im ganzen Parallel-Parallel-Parallel-Omniversum und im ganzen Parallel-Parallel-Parallel-Metaversum und im ganzen Parallel-Parallel-Parallel-Parallel-Universum und im ganzen Parallel-Parallel-Parallel-Parallel-Multiversum und im ganzen Parallel-Parallel-Parallel-Parallel-Omniversum und im ganzen Parallel-Parallel-Parallel-Parallel-Metaversum.\n* Sie brauchen eine andere Stelle in der ganzen Welt und im ganzen Universum und im ganzen Multiversum und im ganzen Omniversum und im ganzen Metaversum und im ganzen Parallel-Universum und im ganzen Parallel-Multiversum und im ganzen Parallel-Omniversum und im ganzen Parallel-Metaversum und im ganzen Parallel-Parallel-Universum und im ganzen Parallel-Parallel-Multiversum und im ganzen Parallel-Parallel-Omniversum und im ganzen Parallel-Parallel-Metaversum und im ganzen Parallel-Parallel-Parallel-Universum und im ganzen Parallel-Parallel-Parallel-Multiversum und im ganzen Parallel-Parallel-Parallel-Omniversum und im ganzen Parallel-Parallel-Parallel-Metaversum und im ganzen Parallel-Parallel-Parallel-Parallel-Universum und im ganzen Parallel-Parallel-Parallel-Parallel-Multiversum und im ganzen Parallel-Parallel-Parallel-Parallel-Omniversum und im ganzen Parallel-Parallel-Parallel-Parallel-Metaversum.\n* Sie brauchen eine andere Stelle in der ganzen Welt und im ganzen Universum und im ganzen Multiversum und im ganzen Omniversum und im ganzen Metaversum und im ganzen Parallel-Universum und im ganzen Parallel-Multiversum und im ganzen Parallel-Omniversum und im ganzen Parallel-Metaversum und im ganzen Parallel-Parallel-Universum und im ganzen Parallel-Parallel-Multiversum und im ganzen Parallel-Parallel-Omniversum und im ganzen Parallel-Parallel-Metaversum und im ganzen Parallel-Parallel-Parallel-Universum und im ganzen Parallel-Parallel-Parallel-Multiversum und im ganzen Parallel-Parallel-Parallel-Omniversum und im ganzen Parallel-Parallel-Parallel-Metaversum und im ganzen Parallel-Parallel-Parallel-Parallel-Universum und im ganzen Parallel-Parallel-Parallel-Parallel-Multiversum und im ganzen Parallel-Parallel-Parallel-Parallel-Omniversum und im ganzen Parallel-Parallel-Parallel-Parallel-Metaversum.\n* Sie brauchen eine andere Stelle in der ganzen Welt und im ganzen Universum und im ganzen Multiversum und im ganzen Omniversum und im ganzen Metaversum und im ganzen Parallel-Universum und im ganzen Parallel-Multiversum und im ganzen Parallel-Omniversum und im ganzen Parallel-Metaversum und im ganzen Parallel-Parallel-Universum und im ganzen Parallel-Parallel-Multiversum und im ganzen Parallel-Parallel-Omniversum und im ganzen Parallel-Parallel-Metaversum und im ganzen Parallel-Parallel-Parallel-Universum und im ganzen Parallel-Parallel-Parallel-Multiversum und im ganzen Parallel-Parallel-Parallel-Omniversum und im ganzen Parallel-Parallel-Parallel-Metaversum und im ganzen Parallel-Parallel-Parallel-Parallel-Universum und im ganzen Parallel-Parallel-Parallel-Parallel-Multiversum und im ganzen Parallel-Parallel-Parallel-Parallel-Omniversum und im ganzen Parallel-Parallel-Parallel-Parallel-Metaversum.\n* Sie brauchen eine andere Stelle in der ganzen Welt und im ganzen Universum und im ganzen Multiversum und im ganzen Omniversum und im ganzen Metaversum und im ganzen Parallel-Universum und im ganzen Parallel-Multiversum und im ganzen Parallel-Omniversum und im ganzen Parallel-Metaversum und im ganzen Parallel-Parallel-Universum und im ganzen Parallel-Parallel-Multiversum und im ganzen Parallel-Parallel-Omniversum und im ganzen Parallel-Parallel-Metaversum und im ganzen Parallel-Parallel-Parallel-Universum und im ganzen Parallel-Parallel-Parallel-Multiversum und im ganzen Parallel-Parallel-Parallel-Omniversum und im ganzen Parallel-Parallel-Parallel-Metaversum und im ganzen Parallel-Parallel-Parallel-Parallel-Universum und im ganzen Parallel-Parallel-Parallel-Parallel-Multiversum und im ganzen Parallel-Parallel-Parallel-Parallel-Omniversum und im ganzen Parallel-Parallel-Parallel-Parallel-Metaversum.\n* Sie brauchen eine andere Stelle in der ganzen Welt und im ganzen Universum und im ganzen Multiversum und im ganzen Omniversum und im ganzen Metaversum und im ganzen Parallel-Universum und im ganzen Parallel-Multiversum und im ganzen Parallel-Omniversum und im ganzen Parallel-Metaversum und im ganzen Parallel-Parallel-Universum und im ganzen Parallel-Parallel-Multiversum und im ganzen Parallel-Parallel-Omniversum und im ganzen Parallel-Parallel-Metaversum und im ganzen Parallel-Parallel-Parallel-Universum und im ganzen Parallel-Parallel-Parallel-Multiversum und im ganzen Parallel-Parallel-Parallel-Omniversum und im ganzen Parallel-Parallel-Parallel-Metaversum und im ganzen Parallel-Parallel-Parallel-Parallel-Universum und im ganzen Parallel-Parallel-Parallel-Parallel-Multiversum und im ganzen Parallel-Parallel-Parallel-Parallel-Omniversum und im ganzen Parallel-Parallel-Parallel-Parallel-Metaversum.\n* Sie brauchen eine andere Stelle in der ganzen Welt und im ganzen Universum und im ganzen Multiversum und im ganzen Omniversum und im ganzen Metaversum und im ganzen Parallel-Universum und im ganzen Parallel-Multiversum und im ganzen Parallel-Omniversum und im ganzen Parallel-Metaversum und im ganzen Parallel-Parallel-Universum und im ganzen Parallel-Parallel-Multiversum und im ganzen Parallel-Parallel-Omniversum und im ganzen Parallel-Parallel-Metaversum und im ganzen Parallel-Parallel-Parallel-Universum und im ganzen Parallel-Parallel-Parallel-Multiversum und im ganzen Parallel-Parallel-Parallel-Omniversum und im ganzen Parallel-Parallel-Parallel-Metaversum und im ganzen Parallel-Parallel-Parallel-Parallel-Universum und im ganzen Parallel-Parallel-Parallel-Parallel-Multiversum und im ganzen Parallel-Parallel-Parallel-Parallel-Omniversum und im ganzen Parallel-Parallel-Parallel-Parallel-Met
Meldebescheinigung;Melde-Bescheinigung
Die Meldebescheinigung können Sie online, schriftlich per Post oder per Fax beantragen. Die persönliche Antragstellung ist im Bürgerbüro Ruppertstraße möglich. Hierfür benötigen Sie einen Termin.;Sie können die Melde-Bescheinigung im Internet beantragen.\nAuf dem Bürger-Service-Portal.\nSie müssen sich dort mit Ihrem Personal-Ausweis anmelden.\nOder mit Ihrem elektronischen Aufenthaltstitel.\nOder mit Ihrem elektronischen Personalausweis.\nOder mit Ihrem Reise-Pass.\nSie müssen einen Karten-Leser haben.\nUnd die Ausweis-App2.\nDie Ausweis-App2 ist ein Programm.\nDas Programm muss auf Ihrem Computer sein.\nOder auf Ihrem Smartphone.\nEin Smartphone ist ein Telefon.\nDas ist ein kleiner Computer.\nSie können die Melde-Bescheinigung auch schriftlich beantragen.\nDafür müssen Sie einen Brief schreiben.\nIn dem Brief müssen Sie schreiben:\nWas Sie brauchen.\nZum Beispiel:\nIch brauche eine Melde-Bescheinigung.\nFür mich.\nMein Name ist Max Mustermann.\nMein Geburts-Datum ist der 1. Januar 1980.\nMeine Adresse ist Muster-Straße 1 in 80331 München.\nUnd Sie müssen schreiben:\nIhre eigene Adresse.\nUnd Sie müssen schreiben:\nIhre Telefon-Nummer.\nDann müssen Sie eine Kopie von Ihrem Personal-Ausweis oder Reise-Pass dazu legen.\nUnd Sie müssen einen frankierten Rück-Umschlag dazu legen.\nDas ist ein Brief-Umschlag.\nDer Brief-Umschlag muss schon eine Brief-Marke haben.\nUnd der Brief-Umschlag muss Ihre Adresse haben.\nDann können Sie den Brief in den Brief-Kasten werfen.\nOder Sie bringen den Brief zu uns.\nOder Sie schicken den Brief an uns.\nUnsere Adresse ist:\nKreis-Verwaltungs-Referat\nBürger-Büro\nRuppertstraße 19\n80337 München\nSie können die Melde-Bescheinigung auch per Fax beantragen.\nUnsere Fax-Nummer ist:\n089 233-96000\nSie müssen ein Fax-Gerät haben.\nUnd Sie müssen ein Fax schreiben.\nIn dem Fax müssen Sie schreiben:\nWas Sie brauchen.\nZum Beispiel:\nIch brauche eine Melde-Bescheinigung.\nFür mich.\nMein Name ist Max Mustermann.\nMein Geburts-Datum ist der 1. Januar 1980.\nMeine Adresse ist Muster-Straße 1 in 80331 München.\nUnd Sie müssen schreiben:\nIhre eigene Adresse.\nUnd Sie müssen schreiben:\nIhre Telefon-Nummer.\nUnd Sie müssen eine Kopie von Ihrem Personal-Ausweis oder Reise-Pass dazu legen.\nUnd Sie müssen uns Ihre Fax-Nummer sagen.\nDann können Sie das Fax an uns schicken.\nUnsere Fax-Nummer ist:\n089 233-96000\nSie müssen uns Ihre Telefon-Nummer sagen.\nDann können wir Sie anrufen.\nWenn wir etwas nicht verstehen.\nOder wenn wir etwas vergessen haben.\nOder wenn wir noch eine Frage haben.\nSie können die Melde-Bescheinigung auch im Bürger-Büro beantragen.\nDafür müssen Sie zu uns kommen.\nSie müssen zu dem Bürger-Büro in der Ruppert-Straße 19 kommen.\nSie müssen das persönlich machen.\nSie müssen das nicht persönlich machen:\n* Wenn Sie unter 16 Jahre alt sind.\n* Dann muss das ein Eltern-Teil machen.\n* Oder ein Eltern-Teil muss mit Ihnen kommen.\n* Wenn Sie nicht gut lesen und schreiben können.\n* Dann muss das ein Betreuer machen.\n* Oder ein Betreuer muss mit Ihnen kommen.\n* Wenn Sie im Roll-Stuhl sitzen.\n* Dann müssen Sie nicht warten.\n* Sie können in den Warteraum fahren.\n* Sie müssen das nicht persönlich machen:\n* Wenn Sie im Kranken-Bett liegen.\n* Dann kommt ein Mitarbeiter von uns zu Ihnen.\n* Oder ein Mitarbeiter von uns kommt zu Ihnen.\n* Wenn Sie im Pflege-Heim wohnen.\n* Dann kommt ein Mitarbeiter von uns zu Ihnen.\n* Oder ein Mitarbeiter von uns kommt zu Ihnen.\n* Wenn Sie im Gefängnis sitzen.\n* Dann kommt ein Mitarbeiter von uns zu Ihnen.\n* Oder ein Mitarbeiter von uns kommt zu Ihnen.\n* Wenn Sie in einem Heim wohnen.\n* Dann kommt ein Mitarbeiter von uns zu Ihnen.\n* Oder ein Mitarbeiter von uns kommt zu Ihnen.\n* Wenn Sie in einer Einrichtung wohnen.\n* Dann kommt ein Mitarbeiter von uns zu Ihnen.\n* Oder ein Mitarbeiter von uns kommt zu Ihnen.\n* Wenn Sie in einer Wohn-Gruppe wohnen.\n* Dann kommt ein Mitarbeiter von uns zu Ihnen.\n* Oder ein Mitarbeiter von uns kommt zu Ihnen.\n* Wenn Sie in einer betreuten Wohn-Anlage wohnen.\n* Dann kommt ein Mitarbeiter von uns zu Ihnen.\n* Oder ein Mitarbeiter von uns kommt zu Ihnen.\n* Wenn Sie in einem betreuten Wohnen wohnen.\n* Dann kommt ein Mitarbeiter von uns zu Ihnen.\n* Oder ein Mitarbeiter von uns kommt zu Ihnen.\n* Wenn Sie in einer betreuten Wohn-Gemeinschaft wohnen.\n* Dann kommt ein Mitarbeiter von uns zu Ihnen.\n* Oder ein Mitarbeiter von uns kommt zu Ihnen.\n* Wenn Sie in einer betreuten Wohn-Gruppe wohnen.\n* Dann kommt ein Mitarbeiter von uns zu Ihnen.\n* Oder ein Mitarbeiter von uns kommt zu Ihnen.\n* Wenn Sie in einer betreuten Wohn-Einrichtung wohnen.\n* Dann kommt ein Mitarbeiter von uns zu Ihnen.\n* Oder ein Mitarbeiter von uns kommt zu Ihnen.\n* Wenn Sie in einer betreuten Wohn-Stätte wohnen.\n* Dann kommt ein Mitarbeiter von uns zu Ihnen.\n* Oder ein Mitarbeiter von uns kommt zu Ihnen.\n* Wenn Sie in einer betreuten Wohn-Werkstatt wohnen.\n* Dann kommt ein Mitarbeiter von uns zu Ihnen.\n* Oder ein Mitarbeiter von uns kommt zu Ihnen.\n* Wenn Sie in einer betreuten Wohn-Form wohnen.\n* Dann kommt ein Mitarbeiter von uns zu Ihnen.\n* Oder ein Mitarbeiter von uns kommt zu Ihnen.\n* Wenn Sie in einer betreuten Wohn-Einrichtung wohnen.\n* Dann kommt ein Mitarbeiter von uns zu Ihnen.\n* Oder ein Mitarbeiter von uns kommt zu Ihnen.\n* Wenn Sie in einer betreuten Wohn-Stätte wohnen.\n* Dann kommt ein Mitarbeiter von uns zu Ihnen.\n* Oder ein Mitarbeiter von uns kommt zu Ihnen.\n* Wenn Sie in einer betreuten Wohn-Werkstatt wohnen.\n* Dann kommt ein Mitarbeiter von uns zu Ihnen.\n* Oder ein Mitarbeiter von uns kommt zu Ihnen.\n* Wenn Sie in einer betreuten Wohn-Form wohnen.\n* Dann kommt ein Mitarbeiter von uns zu Ihnen.\n* Oder ein Mitarbeiter von uns kommt zu Ihnen.\n* Wenn Sie in einer betreuten Wohn-Einrichtung wohnen.\n* Dann kommt ein Mitarbeiter von uns zu Ihnen.\n* Oder ein Mitarbeiter von uns kommt zu Ihnen.\n* Wenn Sie in einer betreuten Wohn-Stätte wohnen.\n* Dann kommt ein Mitarbeiter von uns zu Ihnen.\n* Oder ein Mitarbeiter von uns kommt zu Ihnen.\n* Wenn Sie in einer betreuten Wohn-Werkstatt wohnen.\n* Dann kommt ein Mitarbeiter von uns zu Ihnen.\n* Oder ein Mitarbeiter von uns kommt zu Ihnen.\n* Wenn Sie in einer betreuten Wohn-Form wohnen.\n* Dann kommt ein Mitarbeiter von uns zu Ihnen.\n* Oder ein Mitarbeiter von uns kommt zu Ihnen.\n* Wenn Sie in einer betreuten Wohn-Einrichtung wohnen.\n* Dann kommt ein Mitarbeiter von uns zu Ihnen.\n* Oder ein Mitarbeiter von uns kommt zu Ihnen.\n* Wenn Sie in einer betreuten Wohn-Stätte wohnen.\n* Dann kommt ein Mitarbeiter von uns zu Ihnen.\n* Oder ein Mitarbeiter von uns kommt zu Ihnen.\n* Wenn Sie in einer betreuten Wohn-Werkstatt wohnen.\n* Dann kommt ein Mitarbeiter von uns zu Ihnen.\n* Oder ein Mitarbeiter von uns kommt zu Ihnen.\n* Wenn Sie in einer betreuten Wohn-Form wohnen.\n* Dann kommt ein Mitarbeiter von uns zu Ihnen.\n* Oder ein Mitarbeiter von uns kommt zu Ihnen.\n* Wenn Sie in einer betreuten Wohn-Einrichtung wohnen.\n* Dann kommt ein Mitarbeiter von uns zu Ihnen.\n* Oder ein Mitarbeiter von uns kommt zu Ihnen.\n* Wenn Sie in einer betreuten Wohn-Stätte wohnen.\n* Dann kommt ein Mitarbeiter von uns zu Ihnen.\n* Oder ein Mitarbeiter von uns kommt zu Ihnen.\n* Wenn Sie in einer betreuten Wohn-Werkstatt wohnen.\n* Dann kommt ein Mitarbeiter von uns zu Ihnen.\n* Oder ein Mitarbeiter von uns kommt zu Ihnen.\n* Wenn Sie in einer betreuten Wohn-Form wohnen.\n* Dann kommt ein Mitarbeiter von uns zu Ihnen.\n* Oder ein Mitarbeiter von uns kommt zu Ihnen.\n* Wenn Sie in einer betreuten Wohn-Einrichtung wohnen.\n* Dann kommt ein Mitarbeiter von uns zu Ihnen.\n* Oder ein Mitarbeiter von uns kommt zu Ihnen.\n* Wenn Sie in einer betreuten Wohn-Stätte wohnen.\n* Dann kommt ein Mitarbeiter von uns zu Ihnen.\n* Oder ein Mitarbeiter von uns kommt zu Ihnen.\n* Wenn Sie in einer betreuten Wohn-Werkstatt wohnen.\n* Dann kommt ein Mitarbeiter von uns zu Ihnen.\n* Oder ein Mitarbeiter von uns kommt zu Ihnen.\n* Wenn Sie in einer betreuten Wohn-Form wohnen.\n* Dann kommt ein Mitarbeiter von uns zu Ihnen.\n* Oder ein Mitarbeiter von uns kommt zu Ihnen.\n* Wenn Sie in einer betreuten Wohn-Einrichtung wohnen.\n* Dann kommt ein Mitarbeiter von uns zu Ihnen.\n* Oder ein Mitarbeiter von uns kommt zu Ihnen.\n* Wenn Sie in einer betreuten Wohn-Stätte wohnen.\n* Dann kommt ein Mitarbeiter von uns zu Ihnen.\n* Oder ein Mitarbeiter von uns kommt zu Ihnen.\n* Wenn Sie in einer betreuten Wohn-Werkstatt wohnen.\n* Dann kommt ein Mitarbeiter von uns zu Ihnen.\n* Oder ein Mitarbeiter von uns kommt zu Ihnen.\n* Wenn Sie in einer betreuten Wohn-Form wohnen.\n* Dann kommt ein Mitarbeiter von uns zu Ihnen.\n* Oder ein Mitarbeiter von uns kommt zu Ihnen.\n* Wenn Sie in einer betreuten Wohn-Einrichtung wohnen.\n* Dann kommt ein Mitarbeiter von uns zu Ihnen.\n* Oder ein Mitarbeiter von uns kommt zu Ihnen.\n* Wenn Sie in einer betreuten Wohn-Stätte wohnen.\n* Dann kommt ein Mitarbeiter von uns zu Ihnen.\n* Oder ein Mitarbeiter von uns kommt zu Ihnen.\n* Wenn Sie in einer betreuten Wohn-Werkstatt wohnen.\n* Dann kommt ein Mitarbeiter von uns zu Ihnen.\n* Oder ein Mitarbeiter von uns kommt zu Ihnen.\n* Wenn Sie in einer betreuten Wohn-Form wohnen.\n* Dann kommt ein Mitarbeiter von uns zu Ihnen.\n* Oder ein Mitarbeiter von uns kommt zu Ihnen.\n* Wenn Sie in einer betreuten Wohn-Einrichtung wohnen.\n* Dann kommt ein Mitarbeiter von uns zu Ihnen.\n* Oder ein Mitarbeiter von uns kommt zu Ihnen.\n* Wenn Sie in einer betreuten Wohn-Stätte wohnen.\n* Dann kommt ein Mitarbeiter von uns zu Ihnen.\n* Oder ein Mitarbeiter von uns kommt zu Ihnen.\n* Wenn Sie in einer betreuten Wohn-Werkstatt wohnen.\n* Dann kommt ein Mitarbeiter von uns zu Ihnen.\n* Oder ein Mitarbeiter von uns kommt zu Ihnen.\n* Wenn Sie in einer betreuten Wohn-Form wohnen.\n* Dann kommt ein Mitarbeiter von uns zu Ihnen.\n* Oder ein Mitarbeiter von uns kommt zu Ihnen.\n* Wenn Sie in einer betreuten Wohn-Einrichtung wohnen.\n* Dann kommt ein Mitarbeiter von uns zu Ihnen.\n* Oder ein Mitarbeiter von uns kommt zu Ihnen.\n* Wenn Sie in einer betreuten Wohn-Stätte wohnen.\n* Dann kommt ein Mitarbeiter von uns zu Ihnen.\n* Oder ein Mitarbeiter von uns kommt zu Ihnen.\n* Wenn Sie in einer betreuten Wohn-Werkstatt wohnen.\n* Dann kommt ein Mitarbeiter von uns zu Ihnen.\n* Oder ein Mitarbeiter von uns kommt zu Ihnen.\n* Wenn Sie in einer betreuten Wohn-Form wohnen.\n* Dann kommt ein Mitarbeiter von uns zu Ihnen.\n* Oder ein Mitarbeiter von uns kommt zu Ihnen.\n* Wenn Sie in einer betreuten Wohn-Einrichtung wohnen.\n* Dann kommt ein Mitarbeiter von uns zu Ihnen.\n* Oder ein Mitarbeiter von uns kommt zu Ihnen.\n* Wenn Sie in einer betreuten Wohn-Stätte wohnen.\n* Dann kommt ein Mitarbeiter von uns zu Ihnen.\n* Oder ein Mitarbeiter von uns kommt zu Ihnen.\n* Wenn Sie in einer betreuten Wohn-Werkstatt wohnen.\n* Dann kommt ein Mitarbeiter von uns zu Ihnen.\n* Oder ein Mitarbeiter von uns kommt zu Ihnen.\n* Wenn Sie in einer betreuten Wohn-Form wohnen.\n* Dann kommt ein Mitarbeiter von uns zu Ihnen.\n* Oder ein Mitarbeiter von uns kommt zu Ihnen.\n* Wenn Sie in einer betreuten Wohn-Einrichtung wohnen.\n* Dann kommt ein Mitarbeiter von uns zu Ihnen.\n* Oder ein Mitarbeiter von uns kommt zu Ihnen.\n* Wenn Sie in einer betreuten Wohn-Stätte wohnen.\n* Dann kommt ein Mitarbeiter von uns zu Ihnen.\n* Oder ein Mitarbeiter von uns kommt zu Ihnen.\n* Wenn Sie in einer betreuten Wohn-Werkstatt wohnen.\n* Dann kommt ein Mitarbeiter von uns zu Ihnen.\n* Oder ein Mitarbeiter von uns kommt zu Ihnen.\n* Wenn Sie in einer betreuten Wohn-Form wohnen.\n* Dann kommt ein Mitarbeiter von uns zu Ihnen.\n* Oder ein Mitarbeiter von uns kommt zu Ihnen.\n* Wenn Sie in einer betreuten Wohn-Einrichtung wohnen.\n* Dann kommt ein Mitarbeiter von uns zu Ihnen.\n* Oder ein Mitarbeiter von uns kommt zu Ihnen.\n* Wenn Sie in einer betreuten Wohn-Stätte wohnen.\n* Dann kommt ein Mitarbeiter von uns zu Ihnen.\n* Oder ein Mitarbeiter von uns kommt zu Ihnen.\n* Wenn Sie in einer betreuten Wohn-Werkstatt wohnen.\n* Dann kommt ein Mitarbeiter von uns zu Ihnen.\n* Oder ein Mitarbeiter von uns kommt zu Ihnen.\n* Wenn Sie in einer betreuten Wohn-Form wohnen.\n* Dann kommt ein Mitarbeiter von uns zu Ihnen.\n* Oder ein Mitarbeiter von uns kommt zu Ihnen.\n* Wenn Sie in einer betreuten Wohn-Einrichtung wohnen.\n* Dann kommt ein Mitarbeiter von uns zu Ihnen.\n* Oder ein Mitarbeiter von uns kommt zu Ihnen.\n* Wenn Sie in einer betreuten Wohn-Stätte wohnen.\n* Dann kommt ein Mitarbeiter von uns zu Ihnen.\n* Oder ein Mitarbeiter von uns kommt zu Ihnen.\n* Wenn Sie in einer betreuten Wohn-Werkstatt wohnen.\n* Dann kommt ein Mitarbeiter von uns zu Ihnen.\n* Oder ein Mitarbeiter von uns kommt zu Ihnen.\n* Wenn Sie in einer betreuten Wohn-Form wohnen.\n* Dann kommt ein Mitarbeiter von uns zu Ihnen.\n* Oder ein Mitarbeiter von uns kommt zu Ihnen.\n* Wenn Sie in einer betreuten Wohn-Einrichtung wohnen.\n* Dann kommt ein Mitarbeiter von uns zu Ihnen.\n* Oder ein Mitarbeiter von uns kommt zu Ihnen.\n* Wenn Sie in einer betreuten Wohn-Stätte wohnen.\n* Dann kommt ein Mitarbeiter von uns zu Ihnen.\n* Oder ein Mitarbeiter von uns kommt zu Ihnen.\n* Wenn Sie in einer betreuten Wohn-Werkstatt wohnen.\n* Dann kommt ein Mitarbeiter von uns zu Ihnen.\n* Oder ein Mitarbeiter von uns kommt zu Ihnen.\n* Wenn Sie in einer betreuten Wohn-Form wohnen.\n* Dann kommt ein Mitarbeiter von uns zu Ihnen.\n* Oder ein Mitarbeiter von uns kommt zu Ihnen.\n* Wenn Sie in einer betreuten Wohn-Einrichtung wohnen.\n* Dann kommt ein Mitarbeiter von uns zu Ihnen.\n* Oder ein Mitarbeiter von uns kommt zu Ihnen.\n* Wenn Sie in einer betreuten Wohn-Stätte wohnen.\n* Dann kommt ein Mitarbeiter von uns zu Ihnen.\n* Oder ein Mitarbeiter von uns kommt zu Ihnen.\n* Wenn Sie in einer betreuten Wohn-Werkstatt wohnen.\n* Dann kommt ein Mitarbeiter von uns zu Ihnen.\n* Oder ein Mitarbeiter von uns kommt zu Ihnen.\n* Wenn Sie in einer betreuten Wohn-Form wohnen.\n* Dann kommt ein Mitarbeiter von uns zu Ihnen.\n* Oder ein Mitarbeiter von uns kommt zu Ihnen.\n* Wenn Sie in einer betreuten Wohn-Einrichtung wohnen.\n* Dann kommt ein Mitarbeiter von uns zu Ihnen.\n* Oder ein Mitarbeiter von uns kommt zu Ihnen.\n* Wenn Sie in einer betreuten Wohn-Stätte wohnen.\n* Dann kommt ein Mitarbeiter von uns zu Ihnen.\n* Oder ein Mitarbeiter von uns kommt zu Ihnen.\n* Wenn Sie in einer betreuten Wohn-Werkstatt wohnen.\n* Dann kommt ein Mitarbeiter von uns zu Ihnen.\n* Oder ein Mitarbeiter von uns kommt zu Ihnen.\n* Wenn Sie in einer betreuten Wohn-Form wohnen.\n* Dann kommt ein Mitarbeiter von uns zu Ihnen.\n* Oder ein Mitarbeiter von uns kommt zu Ihnen.\n* Wenn Sie in einer betreuten Wohn-Einrichtung wohnen.\n* Dann kommt ein Mitarbeiter von uns zu Ihnen.\n* Oder ein Mitarbeiter von uns kommt zu Ihnen.\n* Wenn Sie in einer betreuten Wohn-Stätte wohnen.\n* Dann kommt ein Mitarbeiter von uns zu Ihnen.\n* Oder ein Mitarbeiter von uns kommt zu Ihnen.\n* Wenn Sie in einer betreuten Wohn-Werkstatt wohnen.\n* Dann kommt ein Mitarbeiter von uns zu Ihnen.\n* Oder ein Mitarbeiter von uns kommt zu Ihnen.\n* Wenn Sie in einer betreuten Wohn-Form wohnen.\n* Dann kommt ein Mitarbeiter von uns zu Ihnen.\n* Oder ein Mitarbeiter von uns kommt zu Ihnen.\n* Wenn Sie in einer betreuten Wohn-Einrichtung wohnen.\n* Dann kommt ein Mitarbeiter von uns zu Ihnen.\n* Oder ein Mitarbeiter von uns kommt zu Ihnen.\n* Wenn Sie in einer betreuten Wohn-Stätte wohnen.\n* Dann kommt ein Mitarbeiter von uns zu Ihnen.\n* Oder ein Mitarbeiter von uns kommt zu Ihnen.\n* Wenn Sie in einer betreuten Wohn-Werkstatt wohnen.\n* Dann kommt ein Mitarbeiter von uns zu Ihnen.\n* Oder ein Mitarbeiter von uns kommt zu Ihnen.\n* Wenn Sie in einer betreuten Wohn-Form wohnen.\n* Dann kommt ein Mitarbeiter von uns zu Ihnen.\n* Oder ein Mitarbeiter von uns kommt zu Ihnen.\n* Wenn Sie in einer betreuten Wohn-Einrichtung wohnen.\n* Dann kommt ein Mitarbeiter von uns zu Ihnen.\n* Oder ein Mitarbeiter von uns kommt zu Ihnen.\n* Wenn Sie in einer betreuten Wohn-Stätte wohnen.\n* Dann kommt ein Mitarbeiter von uns zu Ihnen.\n* Oder ein Mitarbeiter von uns kommt zu Ihnen.\n* Wenn Sie in einer betreuten Wohn-Werkstatt wohnen.\n* Dann kommt ein Mitarbeiter von uns zu Ihnen.\n* Oder ein Mitarbeiter von uns kommt zu Ihnen.\n* Wenn Sie in einer betreuten Wohn-Form
Aus Datenschutzgründen darf die Meldebescheinigung nur der meldepflichtigen beziehungsweise der bevollmächtigten Person ausgehändigt werden. Das Antragsformular ist vollständig auszufüllen. Zusätzlich werden die Ausweisdokumente der antragstellenden und der bevollmächtigten Person benötigt.;Sie brauchen eine Melde-Bescheinigung?\nSie können die Melde-Bescheinigung im Bürger-Büro beantragen.\nSie müssen die Melde-Bescheinigung beantragen.\nSie müssen die Melde-Bescheinigung bezahlen.\nDie Melde-Bescheinigung kostet 10 Euro.\nSie müssen die Melde-Bescheinigung abholen.\nSie müssen die Melde-Bescheinigung selbst abholen.\nSie müssen die Melde-Bescheinigung selbst bezahlen.\nSie müssen die Melde-Bescheinigung selbst beantragen.\nSie müssen die Melde-Bescheinigung selbst unterschreiben.\nSie müssen die Melde-Bescheinigung selbst mitbringen.\nSie müssen Ihren Personal-Ausweis mitbringen.\nSie müssen Ihren Reise-Pass mitbringen.\nSie müssen Ihren Kinder-Reise-Pass mitbringen.\nSie müssen Ihren vorläufigen Personal-Ausweis mitbringen.\nSie müssen Ihren vorläufigen Reise-Pass mitbringen.\nSie müssen Ihren Kinder-Ausweis mitbringen.\nSie müssen Ihren Kinder-Ausweis mitbringen.\nSie müssen Ihren Kinder-Reise-Pass mitbringen.\nSie müssen Ihren Kinder-Reise-Pass mitbringen.\nSie müssen Ihren Kinder-Reise-Pass mitbringen.\nSie müssen Ihren Kinder-Reise-Pass mitbringen.\nSie müssen Ihren Kinder-Reise-Pass mitbringen.\nSie müssen Ihren Kinder-Reise-Pass mitbringen.\nSie müssen Ihren Kinder-Reise-Pass mitbringen.\nSie müssen Ihren Kinder-Reise-Pass mitbringen.\nSie müssen Ihren Kinder-Reise-Pass mitbringen.\nSie müssen Ihren Kinder-Reise-Pass mitbringen.\nSie müssen Ihren Kinder-Reise-Pass mitbringen.\nSie müssen Ihren Kinder-Reise-Pass mitbringen.\nSie müssen Ihren Kinder-Reise-Pass mitbringen.\nSie müssen Ihren Kinder-Reise-Pass mitbringen.\nSie müssen Ihren Kinder-Reise-Pass mitbringen.\nSie müssen Ihren Kinder-Reise-Pass mitbringen.\nSie müssen Ihren Kinder-Reise-Pass mitbringen.\nSie müssen Ihren Kinder-Reise-Pass mitbringen.\nSie müssen Ihren Kinder-Reise-Pass mitbringen.\nSie müssen Ihren Kinder-Reise-Pass mitbringen.\nSie müssen Ihren Kinder-Reise-Pass mitbringen.\nSie müssen Ihren Kinder-Reise-Pass mitbringen.\nSie müssen Ihren Kinder-Reise-Pass mitbringen.\nSie müssen Ihren Kinder-Reise-Pass mitbringen.\nSie müssen Ihren Kinder-Reise-Pass mitbringen.\nSie müssen Ihren Kinder-Reise-Pass mitbringen.\nSie müssen Ihren Kinder-Reise-Pass mitbringen.\nSie müssen Ihren Kinder-Reise-Pass mitbringen.\nSie müssen Ihren Kinder-Reise-Pass mitbringen.\nSie müssen Ihren Kinder-Reise-Pass mitbringen.\nSie müssen Ihren Kinder-Reise-Pass mitbringen.\nSie müssen Ihren Kinder-Reise-Pass mitbringen.\nSie müssen Ihren Kinder-Reise-Pass mitbringen.\nSie müssen Ihren Kinder-Reise-Pass mitbringen.\nSie müssen Ihren Kinder-Reise-Pass mitbringen.\nSie müssen Ihren Kinder-Reise-Pass mitbringen.\nSie müssen Ihren Kinder-Reise-Pass mitbringen.\nSie müssen Ihren Kinder-Reise-Pass mitbringen.\nSie müssen Ihren Kinder-Reise-Pass mitbringen.\nSie müssen Ihren Kinder-Reise-Pass mitbringen.\nSie müssen Ihren Kinder-Reise-Pass mitbringen.\nSie müssen Ihren Kinder-Reise-Pass mitbringen.\nSie müssen Ihren Kinder-Reise-Pass mitbringen.\nSie müssen Ihren Kinder-Reise-Pass mitbringen.\nSie müssen Ihren Kinder-Reise-Pass mitbringen.\nSie müssen Ihren Kinder-Reise-Pass mitbringen.\nSie müssen Ihren Kinder-Reise-Pass mitbringen.\nSie müssen Ihren Kinder-Reise-Pass mitbringen.\nSie müssen Ihren Kinder-Reise-Pass mitbringen.\nSie müssen Ihren Kinder-Reise-Pass mitbringen.\nSie müssen Ihren Kinder-Reise-Pass mitbringen.\nSie müssen Ihren Kinder-Reise-Pass mitbringen.\nSie müssen Ihren Kinder-Reise-Pass mitbringen.\nSie müssen Ihren Kinder-Reise-Pass mitbringen.\nSie müssen Ihren Kinder-Reise-Pass mitbringen.\nSie müssen Ihren Kinder-Reise-Pass mitbringen.\nSie müssen Ihren Kinder-Reise-Pass mitbringen.\nSie müssen Ihren Kinder-Reise-Pass mitbringen.\nSie müssen Ihren Kinder-Reise-Pass mitbringen.\nSie müssen Ihren Kinder-Reise-Pass mitbringen.\nSie müssen Ihren Kinder-Reise-Pass mitbringen.\nSie müssen Ihren Kinder-Reise-Pass mitbringen.\nSie müssen Ihren Kinder-Reise-Pass mitbringen.\nSie müssen Ihren Kinder-Reise-Pass mitbringen.\nSie müssen Ihren Kinder-Reise-Pass mitbringen.\nSie müssen Ihren Kinder-Reise-Pass mitbringen.\nSie müssen Ihren Kinder-Reise-Pass mitbringen.\nSie müssen Ihren Kinder-Reise-Pass mitbringen.\nSie müssen Ihren Kinder-Reise-Pass mitbringen.\nSie müssen Ihren Kinder-Reise-Pass mitbringen.\nSie müssen Ihren Kinder-Reise-Pass mitbringen.\nSie müssen Ihren Kinder-Reise-Pass mitbringen.\nSie müssen Ihren Kinder-Reise-Pass mitbringen.\nSie müssen Ihren Kinder-Reise-Pass mitbringen.\nSie müssen Ihren Kinder-Reise-Pass mitbringen.\nSie müssen Ihren Kinder-Reise-Pass mitbringen.\nSie müssen Ihren Kinder-Reise-Pass mitbringen.\nSie müssen Ihren Kinder-Reise-Pass mitbringen.\nSie müssen Ihren Kinder-Reise-Pass mitbringen.\nSie müssen Ihren Kinder-Reise-Pass mitbringen.\nSie müssen Ihren Kinder-Reise-Pass mitbringen.\nSie müssen Ihren Kinder-Reise-Pass mitbringen.\nSie müssen Ihren Kinder-Reise-Pass mitbringen.\nSie müssen Ihren Kinder-Reise-Pass mitbringen.\nSie müssen Ihren Kinder-Reise-Pass mitbringen.\nSie müssen Ihren Kinder-Reise-Pass mitbringen.\nSie müssen Ihren Kinder-Reise-Pass mitbringen.\nSie müssen Ihren Kinder-Reise-Pass mitbringen.\nSie müssen Ihren Kinder-Reise-Pass mitbringen.\nSie müssen Ihren Kinder-Reise-Pass mitbringen.\nSie müssen Ihren Kinder-Reise-Pass mitbringen.\nSie müssen Ihren Kinder-Reise-Pass mitbringen.\nSie müssen Ihren Kinder-Reise-Pass mitbringen.\nSie müssen Ihren Kinder-Reise-Pass mitbringen.\nSie müssen Ihren Kinder-Reise-Pass mitbringen.\nSie müssen Ihren Kinder-Reise-Pass mitbringen.\nSie müssen Ihren Kinder-Reise-Pass mitbringen.\nSie müssen Ihren Kinder-Reise-Pass mitbringen.\nSie müssen Ihren Kinder-Reise-Pass mitbringen.\nSie müssen Ihren Kinder-Reise-Pass mitbringen.\nSie müssen Ihren Kinder-Reise-Pass mitbringen.\nSie müssen Ihren Kinder-Reise-Pass mitbringen.\nSie müssen Ihren Kinder-Reise-Pass mitbringen.\nSie müssen Ihren Kinder-Reise-Pass mitbringen.\nSie müssen Ihren Kinder-Reise-Pass mitbringen.\nSie müssen Ihren Kinder-Reise-Pass mitbringen.\nSie müssen Ihren Kinder-Reise-Pass mitbringen.\nSie müssen Ihren Kinder-Reise-Pass mitbringen.\nSie müssen Ihren Kinder-Reise-Pass mitbringen.\nSie müssen Ihren Kinder-Reise-Pass mitbringen.\nSie müssen Ihren Kinder-Reise-Pass mitbringen.\nSie müssen Ihren Kinder-Reise-Pass mitbringen.\nSie müssen Ihren Kinder-Reise-Pass mitbringen.\nSie müssen Ihren Kinder-Reise-Pass mitbringen.\nSie müssen Ihren Kinder-Reise-Pass mitbringen.\nSie müssen Ihren Kinder-Reise-Pass mitbringen.\nSie müssen Ihren Kinder-Reise-Pass mitbringen.\nSie müssen Ihren Kinder-Reise-Pass mitbringen.\nSie müssen Ihren Kinder-Reise-Pass mitbringen.\nSie müssen Ihren Kinder-Reise-Pass mitbringen.\nSie müssen Ihren Kinder-Reise-Pass mitbringen.\nSie müssen Ihren Kinder-Reise-Pass mitbringen.\nSie müssen Ihren Kinder-Reise-Pass mitbringen.\nSie müssen Ihren Kinder-Reise-Pass mitbringen.\nSie müssen Ihren Kinder-Reise-Pass mitbringen.\nSie müssen Ihren Kinder-Reise-Pass mitbringen.\nSie müssen Ihren Kinder-Reise-Pass mitbringen.\nSie müssen Ihren Kinder-Reise-Pass mitbringen.\nSie müssen Ihren Kinder-Reise-Pass mitbringen.\nSie müssen Ihren Kinder-Reise-Pass mitbringen.\nSie müssen Ihren Kinder-Reise-Pass mitbringen.\nSie müssen Ihren Kinder-Reise-Pass mitbringen.\nSie müssen Ihren Kinder-Reise-Pass mitbringen.\nSie müssen Ihren Kinder-Reise-Pass mitbringen.\nSie müssen Ihren Kinder-Reise-Pass mitbringen.\nSie müssen Ihren Kinder-Reise-Pass mitbringen.\nSie müssen Ihren Kinder-Reise-Pass mitbringen.\nSie müssen Ihren Kinder-Reise-Pass mitbringen.\nSie müssen Ihren Kinder-Reise-Pass mitbringen.\nSie müssen Ihren Kinder-Reise-Pass mitbringen.\nSie müssen Ihren Kinder-Reise-Pass mitbringen.\nSie müssen Ihren Kinder-Reise-Pass mitbringen.\nSie müssen Ihren Kinder-Reise-Pass mitbringen.\nSie müssen Ihren Kinder-Reise-Pass mitbringen.\nSie müssen Ihren Kinder-Reise-Pass mitbringen.\nSie müssen Ihren Kinder-Reise-Pass mitbringen.\nSie müssen Ihren Kinder-Reise-Pass mitbringen.\nSie müssen Ihren Kinder-Reise-Pass mitbringen.\nSie müssen Ihren Kinder-Reise-Pass mitbringen.\nSie müssen Ihren Kinder-Reise-Pass mitbringen.\nSie müssen Ihren Kinder-Reise-Pass mitbringen.\nSie müssen Ihren Kinder-Reise-Pass mitbringen.\nSie müssen Ihren Kinder-Reise-Pass mitbringen.\nSie müssen Ihren Kinder-Reise-Pass mitbringen.\nSie müssen Ihren Kinder-Reise-Pass mitbringen.\nSie müssen Ihren Kinder-Reise-Pass mitbringen.\nSie müssen Ihren Kinder-Reise-Pass mitbringen.\nSie müssen Ihren Kinder-Reise-Pass mitbringen.\nSie müssen Ihren Kinder-Reise-Pass mitbringen.\nSie müssen Ihren Kinder-Reise-Pass mitbringen.\nSie müssen Ihren Kinder-Reise-Pass mitbringen.\nSie müssen Ihren Kinder-Reise-Pass mitbringen.\nSie müssen Ihren Kinder-Reise-Pass mitbringen.\nSie müssen Ihren Kinder-Reise-Pass mitbringen.\nSie müssen Ihren Kinder-Reise-Pass mitbringen.\nSie müssen Ihren Kinder-Reise-Pass mitbringen.\nSie müssen Ihren Kinder-Reise-Pass mitbringen.\nSie müssen Ihren Kinder-Reise-Pass mitbringen.\nSie müssen Ihren Kinder-Reise-Pass mitbringen.\nSie müssen Ihren Kinder-Reise-Pass mitbringen.\nSie müssen Ihren Kinder-Reise-Pass mitbringen.\nSie müssen Ihren Kinder-Reise-Pass mitbringen.\nSie müssen Ihren Kinder-Reise-Pass mitbringen.\nSie müssen Ihren Kinder-Reise-Pass mitbringen.\nSie müssen Ihren Kinder-Reise-Pass mitbringen.\nSie müssen Ihren Kinder-Reise-Pass mitbringen.\nSie müssen Ihren Kinder-Reise-Pass mitbringen.\nSie müssen Ihren Kinder-Reise-Pass mitbringen.\nSie müssen Ihren Kinder-Reise-Pass mitbringen.\nSie müssen Ihren Kinder-Reise-Pass mitbringen.\nSie müssen Ihren Kinder-Reise-Pass mitbringen.\nSie müssen Ihren Kinder-Reise-Pass mitbringen.\nSie müssen Ihren Kinder-Reise-Pass mitbringen.\nSie müssen Ihren Kinder-Reise-Pass mitbringen.\nSie müssen Ihren Kinder-Reise-Pass mitbringen.\nSie müssen Ihren Kinder-Reise-Pass mitbringen.\nSie müssen Ihren Kinder-Reise-Pass mitbringen.\nSie müssen Ihren Kinder-Reise-Pass mitbringen.\nSie müssen Ihren Kinder-Reise-Pass mitbringen.\nSie müssen Ihren Kinder-Reise-Pass mitbringen.\nSie müssen Ihren Kinder-Reise-Pass mitbringen.\nSie müssen Ihren Kinder-Reise-Pass mitbringen.\nSie müssen Ihren Kinder-Reise-Pass mitbringen.\nSie müssen Ihren Kinder-Reise-Pass mitbringen.\nSie müssen Ihren Kinder-Reise-Pass mitbringen.\nSie müssen Ihren Kinder-Reise-Pass mitbringen.\nSie müssen Ihren Kinder-Reise-Pass mitbringen.\nSie müssen Ihren Kinder-Reise-Pass mitbringen.\nSie müssen Ihren Kinder-Reise-Pass mitbringen.\nSie müssen Ihren Kinder-Reise-Pass mitbringen.\nSie müssen Ihren Kinder-Reise-Pass mitbringen.\nSie müssen Ihren Kinder-Reise-Pass mitbringen.\nSie müssen Ihren Kinder-Reise-Pass mitbringen.\nSie müssen Ihren Kinder-Reise-Pass mitbringen.\nSie müssen Ihren Kinder-Reise-Pass mitbringen.\nSie müssen Ihren Kinder-Reise-Pass mitbringen.\nSie müssen Ihren Kinder-Reise-Pass mitbringen.\nSie müssen Ihren Kinder-Reise-Pass mitbringen.\nSie müssen Ihren Kinder-Reise-Pass mitbringen.\nSie müssen Ihren Kinder-Reise-Pass mitbringen.\nSie müssen Ihren Kinder-Reise-Pass mitbringen.\nSie müssen Ihren Kinder-Reise-Pass mitbringen.\nSie müssen Ihren Kinder-Reise-Pass mitbringen.\nSie müssen Ihren Kinder-Reise-Pass mitbringen.\nSie müssen Ihren Kinder-Reise-Pass mitbringen.\nSie müssen Ihren Kinder-Reise-Pass mitbringen.\nSie müssen Ihren Kinder-Reise-Pass mitbringen.\nSie müssen Ihren Kinder-Reise-Pass mitbringen.\nSie müssen Ihren Kinder-Reise-Pass mitbringen.\nSie müssen Ihren Kinder-Reise-Pass mitbringen.\nSie müssen Ihren Kinder-Reise-Pass mitbringen.\nSie müssen Ihren Kinder-Reise-Pass mitbringen.\nSie müssen Ihren Kinder-Reise-Pass mitbringen.\nSie müssen Ihren Kinder-Reise-Pass mitbringen.\nSie müssen Ihren Kinder-Reise-Pass mitbringen.\nSie müssen Ihren Kinder-Reise-Pass mitbringen.\nSie müssen Ihren Kinder-Reise-Pass mitbringen.\nSie müssen Ihren Kinder-Reise-Pass mitbringen.\nSie müssen Ihren Kinder-Reise-Pass mitbringen.\nSie müssen Ihren Kinder-Reise-Pass mitbringen.\nSie müssen Ihren Kinder-Reise-Pass mitbringen.\nSie müssen Ihren Kinder-Reise-Pass mitbringen.\nSie müssen Ihren Kinder-Reise-Pass mitbringen.\nSie müssen Ihren Kinder-Reise-Pass mitbringen.\nSie müssen Ihren Kinder-Reise-Pass mitbringen.\nSie müssen Ihren Kinder-Reise-Pass mitbringen.\nSie müssen Ihren Kinder-Reise-Pass mitbringen.\nSie müssen Ihren Kinder-Reise-Pass mitbringen.\nSie müssen Ihren Kinder-Reise-Pass mitbringen.\nSie müssen Ihren Kinder-Reise-Pass mitbringen.\nSie müssen Ihren Kinder-Reise-Pass mitbringen.\nSie müssen Ihren Kinder-Reise-Pass mitbringen.\nSie müssen Ihren Kinder-Reise-Pass mitbringen.\nSie müssen Ihren Kinder-Reise-Pass mitbringen.\nSie müssen Ihren Kinder-Reise-Pass mitbringen.\nSie müssen Ihren Kinder-Reise-Pass mitbringen.\nSie müssen Ihren Kinder-Reise-Pass mitbringen.\nSie müssen Ihren Kinder-Reise-Pass mitbringen.\nSie müssen Ihren Kinder-Reise-Pass mitbringen.\nSie müssen Ihren Kinder-Reise-Pass mitbringen.\nSie müssen Ihren Kinder-Reise-Pass mitbringen.\nSie müssen Ihren Kinder-Reise-Pass mitbringen.\nSie müssen Ihren Kinder-Reise-Pass mitbringen.\nSie müssen Ihren Kinder-Reise-Pass mitbringen.\nSie müssen Ihren Kinder-Reise-Pass mitbringen.\nSie müssen Ihren Kinder-Reise-Pass mitbringen.\nSie müssen Ihren Kinder-Reise-Pass mitbringen.\nSie müssen Ihren Kinder-Reise-Pass mitbringen.\nSie müssen Ihren Kinder-Reise-Pass mitbringen.\nSie müssen Ihren Kinder-Reise-Pass mitbringen.\nSie müssen Ihren Kinder-Reise-Pass mitbringen.\nSie müssen Ihren Kinder-Reise-Pass mitbringen.\nSie müssen Ihren Kinder-Reise-Pass mitbringen.\nSie müssen Ihren Kinder-Reise-Pass mitbringen.\nSie müssen Ihren Kinder-Reise-Pass mitbringen.\nSie müssen Ihren Kinder-Reise-Pass mitbringen.\nSie müssen Ihren Kinder-Reise-Pass mitbringen.\nSie müssen Ihren Kinder-Reise-Pass mitbringen.\nSie müssen Ihren Kinder-Reise-Pass mitbringen.\nSie müssen Ihren Kinder-Reise-Pass mitbringen.\nSie müssen Ihren Kinder-Reise-Pass mitbringen.\nSie müssen Ihren Kinder-Reise-Pass mitbringen.\nSie müssen Ihren Kinder-Reise-Pass mitbringen.\nSie müssen Ihren Kinder-Reise-Pass mitbringen.\nSie müssen Ihren Kinder-Reise-Pass mitbringen.\nSie müssen Ihren Kinder-Reise-Pass mitbringen.\nSie müssen Ihren Kinder-Reise-Pass mitbringen.\nSie müssen Ihren Kinder-Reise-Pass mitbringen.\nSie müssen Ihren Kinder-Reise-Pass mitbringen.\nSie müssen Ihren Kinder-Reise-Pass mitbringen.\nSie müssen Ihren Kinder-Reise-Pass mitbringen.\nSie müssen Ihren Kinder-Reise-Pass mitbringen.\nSie müssen Ihren Kinder-Reise-Pass mitbringen.\nSie müssen Ihren Kinder-Reise-Pass mitbringen.\nSie müssen Ihren Kinder-Reise-Pass mitbringen.\nSie müssen Ihren Kinder-Reise-Pass mitbringen.\nSie müssen Ihren Kinder-Reise-Pass mitbringen.\nSie müssen Ihren Kinder-Reise-Pass mitbringen.\nSie müssen Ihren Kinder-Reise-Pass mitbringen.\nSie müssen Ihren Kinder-Reise-Pass mitbringen.\nSie müssen Ihren Kinder-Reise-Pass mitbringen.\nSie müssen Ihren Kinder-Reise-Pass mitbringen.\nSie müssen Ihren Kinder-Reise-Pass mitbringen.\nSie müssen Ihren Kinder-Reise-Pass mitbringen.\nSie müssen Ihren Kinder-Reise-Pass mitbringen.\nSie müssen Ihren Kinder-Reise-Pass mitbringen.\nSie müssen Ihren Kinder-Reise-Pass mitbringen.\nSie müssen Ihren Kinder-Reise-Pass mitbringen.\nSie müssen Ihren Kinder-Reise-Pass mitbringen.\nSie müssen Ihren Kinder-Reise-Pass mitbringen.\nSie müssen Ihren Kinder-Reise-Pass mitbringen.\nSie müssen Ihren Kinder-Reise-Pass mitbringen.\nSie müssen Ihren Kinder-Reise-Pass mitbringen.\nSie müssen Ihren Kinder-Reise-Pass mitbringen.\nSie müssen Ihren Kinder-Reise-Pass mitbringen.\nSie müssen Ihren Kinder-Reise-Pass mitbringen.\nSie müssen Ihren Kinder-Reise-Pass mitbringen.\nSie müssen Ihren Kinder-Reise-Pass mitbringen.\nSie müssen Ihren Kinder-Reise-Pass mitbringen.\nSie müssen Ihren Kinder-Reise-Pass mitbringen.\nSie müssen Ihren Kinder-Reise-Pass mitbringen.\nSie müssen Ihren Kinder-Reise-Pass mitbringen.\nSie müssen Ihren Kinder-Reise-Pass mitbringen.\nSie müssen Ihren Kinder-Reise-Pass mitbringen.\nSie müssen Ihren Kinder-Reise-Pass mitbringen.\nSie müssen Ihren Kinder-Reise-Pass mitbringen.\nSie müssen Ihren Kinder-Reise-Pass mitbringen.\nSie müssen Ihren Kinder-Reise-Pass mitbringen.\nSie müssen Ihren Kinder-Reise-Pass mitbringen.\nSie müssen Ihren Kinder-Reise-Pass mitbringen.\nSie müssen Ihren Kinder-Reise-Pass mitbringen.\nSie müssen Ihren Kinder-Reise-Pass
Voraussetzungen\nDie Anträge können nur bearbeitet werden, wenn Sie in München gemeldet sind oder waren.;Sie wohnen in München?\nOder Sie haben früher in München gewohnt?\nDann können Sie einen Personal-Ausweis beantragen.
Benötigte Unterlagen\n* Identitätsnachweis: Pass oder Personalausweis des Antragstellenden und des Bevollmächtigten\n* gegebenenfalls ausgefüllter Antrag (inklusive Vollmacht)\n* Zahlungsnachweis (bei schriftlichen Anträgen)\n\nWenn Sie die Meldebescheinigung schriftlich beantragen, überweisen Sie vorab die Gebühr an das Kreisverwaltungsreferat:\n\nStadtsparkasse München\n\nIBAN: DE86 7015 0000 0000 2030 00\n\nBIC: SSKMDEMM\n\nVerwendungszweck: 92004301010121\n\nOhne Zahlungsnachweis können eingehende Anträge nicht bearbeitet werden.\n\nDurchschlag oder Kopie des Überweisungsträgers gelten nicht als Zahlungsnachweis.;Was müssen Sie mitbringen?\n* Ihren Personal-Ausweis oder Reise-Pass.\n* Wenn Sie für jemand anderen die Melde-Bescheinigung beantragen:\n  Dann brauchen wir eine Vollmacht.\n  Und den Personal-Ausweis oder Reise-Pass von der Person.\n  Die Person heißt: Bevollmächtigter.\n* Wenn Sie die Melde-Bescheinigung schriftlich beantragen:\n  Dann brauchen wir einen Zahlungs-Nachweis.\n  Das ist ein Beweis.\n  Dafür, dass Sie die Gebühr bezahlt haben.\n  Die Gebühr ist 10 Euro.\n  Sie können die Gebühr überweisen.\n  Überweisen Sie das Geld an die Stadt-Sparkasse München.\n  Die Bank-Konto-Nummer ist:\n  203 00 00\n  Die Bankleitzahl ist:\n  701 500 00\n  Der Verwendungszweck ist:\n  9200 4301 0101 21\n  Das Datum, an dem Sie die Melde-Bescheinigung beantragen.\n  Und Ihren Namen.\n  Und Ihre Adresse.\n  Und Ihre Telefon-Nummer.\n  Und Ihre E-Mail-Adresse.\n  Und die Adresse von der Person.\n  Für die Sie die Melde-Bescheinigung beantragen.\n  Und den Namen von der Person.\n  Für die Sie die Melde-Bescheinigung beantragen.\n  Und das Geburts-Datum von der Person.\n  Für die Sie die Melde-Bescheinigung beantragen.\n  Und den Grund.\n  Warum Sie die Melde-Bescheinigung brauchen.\n  Zum Beispiel:\n  Für die Heirat.\n  Oder für die Rente.\n  Oder für die Kranken-Kasse.\n  Oder für die Wohnung.\n  Oder für das Arbeits-Amt.\n  Oder für das Sozial-Amt.\n  Oder für das Versorgungs-Amt.\n  Oder für das Jugend-Amt.\n  Oder für das Schul-Amt.\n  Oder für das Hochschul-Amt.\n  Oder für das Ausländer-Amt.\n  Oder für das Standes-Amt.\n  Oder für das Notar-Amt.\n  Oder für das Gericht.\n  Oder für die Bank.\n  Oder für die Versicherung.\n  Oder für die Botschaft.\n  Oder für das Konsulat.\n  Oder für die Behörde.\n  Oder für die Verwaltung.\n  Oder für die Polizei.\n  Oder für den Zoll.\n  Oder für das Finanz-Amt.\n  Oder für das Steuer-Amt.\n  Oder für das Renten-Amt.\n  Oder für das Versicherungs-Amt.\n  Oder für das Arbeits-Schutz-Amt.\n  Oder für das Gewerbe-Amt.\n  Oder für das Ordnungs-Amt.\n  Oder für das Bau-Amt.\n  Oder für das Umwelt-Amt.\n  Oder für das Gesundheits-Amt.\n  Oder für das Veterinär-Amt.\n  Oder für das Friedhofs-Amt.\n  Oder für das Forst-Amt.\n  Oder für das Garten-Amt.\n  Oder für das Kultur-Amt.\n  Oder für das Schul-Amt.\n  Oder für das Hochschul-Amt.\n  Oder für das Ausländer-Amt.\n  Oder für das Standes-Amt.\n  Oder für das Notar-Amt.\n  Oder für das Gericht.\n  Oder für die Bank.\n  Oder für die Versicherung.\n  Oder für die Botschaft.\n  Oder für das Konsulat.\n  Oder für die Behörde.\n  Oder für die Verwaltung.\n  Oder für die Polizei.\n  Oder für den Zoll.\n  Oder für das Finanz-Amt.\n  Oder für das Steuer-Amt.\n  Oder für das Renten-Amt.\n  Oder für das Versicherungs-Amt.\n  Oder für das Arbeits-Schutz-Amt.\n  Oder für das Gewerbe-Amt.\n  Oder für das Ordnungs-Amt.\n  Oder für das Bau-Amt.\n  Oder für das Umwelt-Amt.\n  Oder für das Gesundheits-Amt.\n  Oder für das Veterinär-Amt.\n  Oder für das Friedhofs-Amt.\n  Oder für das Forst-Amt.\n  Oder für das Garten-Amt.\n  Oder für das Kultur-Amt.\n  Oder für das Schul-Amt.\n  Oder für das Hochschul-Amt.\n  Oder für das Ausländer-Amt.\n  Oder für das Standes-Amt.\n  Oder für das Notar-Amt.\n  Oder für das Gericht.\n  Oder für die Bank.\n  Oder für die Versicherung.\n  Oder für die Botschaft.\n  Oder für das Konsulat.\n  Oder für die Behörde.\n  Oder für die Verwaltung.\n  Oder für die Polizei.\n  Oder für den Zoll.\n  Oder für das Finanz-Amt.\n  Oder für das Steuer-Amt.\n  Oder für das Renten-Amt.\n  Oder für das Versicherungs-Amt.\n  Oder für das Arbeits-Schutz-Amt.\n  Oder für das Gewerbe-Amt.\n  Oder für das Ordnungs-Amt.\n  Oder für das Bau-Amt.\n  Oder für das Umwelt-Amt.\n  Oder für das Gesundheits-Amt.\n  Oder für das Veterinär-Amt.\n  Oder für das Friedhofs-Amt.\n  Oder für das Forst-Amt.\n  Oder für das Garten-Amt.\n  Oder für das Kultur-Amt.\n  Oder für das Schul-Amt.\n  Oder für das Hochschul-Amt.\n  Oder für das Ausländer-Amt.\n  Oder für das Standes-Amt.\n  Oder für das Notar-Amt.\n  Oder für das Gericht.\n  Oder für die Bank.\n  Oder für die Versicherung.\n  Oder für die Botschaft.\n  Oder für das Konsulat.\n  Oder für die Behörde.\n  Oder für die Verwaltung.\n  Oder für die Polizei.\n  Oder für den Zoll.\n  Oder für das Finanz-Amt.\n  Oder für das Steuer-Amt.\n  Oder für das Renten-Amt.\n  Oder für das Versicherungs-Amt.\n  Oder für das Arbeits-Schutz-Amt.\n  Oder für das Gewerbe-Amt.\n  Oder für das Ordnungs-Amt.\n  Oder für das Bau-Amt.\n  Oder für das Umwelt-Amt.\n  Oder für das Gesundheits-Amt.\n  Oder für das Veterinär-Amt.\n  Oder für das Friedhofs-Amt.\n  Oder für das Forst-Amt.\n  Oder für das Garten-Amt.\n  Oder für das Kultur-Amt.\n  Oder für das Schul-Amt.\n  Oder für das Hochschul-Amt.\n  Oder für das Ausländer-Amt.\n  Oder für das Standes-Amt.\n  Oder für das Notar-Amt.\n  Oder für das Gericht.\n  Oder für die Bank.\n  Oder für die Versicherung.\n  Oder für die Botschaft.\n  Oder für das Konsulat.\n  Oder für die Behörde.\n  Oder für die Verwaltung.\n  Oder für die Polizei.\n  Oder für den Zoll.\n  Oder für das Finanz-Amt.\n  Oder für das Steuer-Amt.\n  Oder für das Renten-Amt.\n  Oder für das Versicherungs-Amt.\n  Oder für das Arbeits-Schutz-Amt.\n  Oder für das Gewerbe-Amt.\n  Oder für das Ordnungs-Amt.\n  Oder für das Bau-Amt.\n  Oder für das Umwelt-Amt.\n  Oder für das Gesundheits-Amt.\n  Oder für das Veterinär-Amt.\n  Oder für das Friedhofs-Amt.\n  Oder für das Forst-Amt.\n  Oder für das Garten-Amt.\n  Oder für das Kultur-Amt.\n  Oder für das Schul-Amt.\n  Oder für das Hochschul-Amt.\n  Oder für das Ausländer-Amt.\n  Oder für das Standes-Amt.\n  Oder für das Notar-Amt.\n  Oder für das Gericht.\n  Oder für die Bank.\n  Oder für die Versicherung.\n  Oder für die Botschaft.\n  Oder für das Konsulat.\n  Oder für die Behörde.\n  Oder für die Verwaltung.\n  Oder für die Polizei.\n  Oder für den Zoll.\n  Oder für das Finanz-Amt.\n  Oder für das Steuer-Amt.\n  Oder für das Renten-Amt.\n  Oder für das Versicherungs-Amt.\n  Oder für das Arbeits-Schutz-Amt.\n  Oder für das Gewerbe-Amt.\n  Oder für das Ordnungs-Amt.\n  Oder für das Bau-Amt.\n  Oder für das Umwelt-Amt.\n  Oder für das Gesundheits-Amt.\n  Oder für das Veterinär-Amt.\n  Oder für das Friedhofs-Amt.\n  Oder für das Forst-Amt.\n  Oder für das Garten-Amt.\n  Oder für das Kultur-Amt.\n  Oder für das Schul-Amt.\n  Oder für das Hochschul-Amt.\n  Oder für das Ausländer-Amt.\n  Oder für das Standes-Amt.\n  Oder für das Notar-Amt.\n  Oder für das Gericht.\n  Oder für die Bank.\n  Oder für die Versicherung.\n  Oder für die Botschaft.\n  Oder für das Konsulat.\n  Oder für die Behörde.\n  Oder für die Verwaltung.\n  Oder für die Polizei.\n  Oder für den Zoll.\n  Oder für das Finanz-Amt.\n  Oder für das Steuer-Amt.\n  Oder für das Renten-Amt.\n  Oder für das Versicherungs-Amt.\n  Oder für das Arbeits-Schutz-Amt.\n  Oder für das Gewerbe-Amt.\n  Oder für das Ordnungs-Amt.\n  Oder für das Bau-Amt.\n  Oder für das Umwelt-Amt.\n  Oder für das Gesundheits-Amt.\n  Oder für das Veterinär-Amt.\n  Oder für das Friedhofs-Amt.\n  Oder für das Forst-Amt.\n  Oder für das Garten-Amt.\n  Oder für das Kultur-Amt.\n  Oder für das Schul-Amt.\n  Oder für das Hochschul-Amt.\n  Oder für das Ausländer-Amt.\n  Oder für das Standes-Amt.\n  Oder für das Notar-Amt.\n  Oder für das Gericht.\n  Oder für die Bank.\n  Oder für die Versicherung.\n  Oder für die Botschaft.\n  Oder für das Konsulat.\n  Oder für die Behörde.\n  Oder für die Verwaltung.\n  Oder für die Polizei.\n  Oder für den Zoll.\n  Oder für das Finanz-Amt.\n  Oder für das Steuer-Amt.\n  Oder für das Renten-Amt.\n  Oder für das Versicherungs-Amt.\n  Oder für das Arbeits-Schutz-Amt.\n  Oder für das Gewerbe-Amt.\n  Oder für das Ordnungs-Amt.\n  Oder für das Bau-Amt.\n  Oder für das Umwelt-Amt.\n  Oder für das Gesundheits-Amt.\n  Oder für das Veterinär-Amt.\n  Oder für das Friedhofs-Amt.\n  Oder für das Forst-Amt.\n  Oder für das Garten-Amt.\n  Oder für das Kultur-Amt.\n  Oder für das Schul-Amt.\n  Oder für das Hochschul-Amt.\n  Oder für das Ausländer-Amt.\n  Oder für das Standes-Amt.\n  Oder für das Notar-Amt.\n  Oder für das Gericht.\n  Oder für die Bank.\n  Oder für die Versicherung.\n  Oder für die Botschaft.\n  Oder für das Konsulat.\n  Oder für die Behörde.\n  Oder für die Verwaltung.\n  Oder für die Polizei.\n  Oder für den Zoll.\n  Oder für das Finanz-Amt.\n  Oder für das Steuer-Amt.\n  Oder für das Renten-Amt.\n  Oder für das Versicherungs-Amt.\n  Oder für das Arbeits-Schutz-Amt.\n  Oder für das Gewerbe-Amt.\n  Oder für das Ordnungs-Amt.\n  Oder für das Bau-Amt.\n  Oder für das Umwelt-Amt.\n  Oder für das Gesundheits-Amt.\n  Oder für das Veterinär-Amt.\n  Oder für das Friedhofs-Amt.\n  Oder für das Forst-Amt.\n  Oder für das Garten-Amt.\n  Oder für das Kultur-Amt.\n  Oder für das Schul-Amt.\n  Oder für das Hochschul-Amt.\n  Oder für das Ausländer-Amt.\n  Oder für das Standes-Amt.\n  Oder für das Notar-Amt.\n  Oder für das Gericht.\n  Oder für die Bank.\n  Oder für die Versicherung.\n  Oder für die Botschaft.\n  Oder für das Konsulat.\n  Oder für die Behörde.\n  Oder für die Verwaltung.\n  Oder für die Polizei.\n  Oder für den Zoll.\n  Oder für das Finanz-Amt.\n  Oder für das Steuer-Amt.\n  Oder für das Renten-Amt.\n  Oder für das Versicherungs-Amt.\n  Oder für das Arbeits-Schutz-Amt.\n  Oder für das Gewerbe-Amt.\n  Oder für das Ordnungs-Amt.\n  Oder für das Bau-Amt.\n  Oder für das Umwelt-Amt.\n  Oder für das Gesundheits-Amt.\n  Oder für das Veterinär-Amt.\n  Oder für das Friedhofs-Amt.\n  Oder für das Forst-Amt.\n  Oder für das Garten-Amt.\n  Oder für das Kultur-Amt.\n  Oder für das Schul-Amt.\n  Oder für das Hochschul-Amt.\n  Oder für das Ausländer-Amt.\n  Oder für das Standes-Amt.\n  Oder für das Notar-Amt.\n  Oder für das Gericht.\n  Oder für die Bank.\n  Oder für die Versicherung.\n  Oder für die Botschaft.\n  Oder für das Konsulat.\n  Oder für die Behörde.\n  Oder für die Verwaltung.\n  Oder für die Polizei.\n  Oder für den Zoll.\n  Oder für das Finanz-Amt.\n  Oder für das Steuer-Amt.\n  Oder für das Renten-Amt.\n  Oder für das Versicherungs-Amt.\n  Oder für das Arbeits-Schutz-Amt.\n  Oder für das Gewerbe-Amt.\n  Oder für das Ordnungs-Amt.\n  Oder für das Bau-Amt.\n  Oder für das Umwelt-Amt.\n  Oder für das Gesundheits-Amt.\n  Oder für das Veterinär-Amt.\n  Oder für das Friedhofs-Amt.\n  Oder für das Forst-Amt.\n  Oder für das Garten-Amt.\n  Oder für das Kultur-Amt.\n  Oder für das Schul-Amt.\n  Oder für das Hochschul-Amt.\n  Oder für das Ausländer-Amt.\n  Oder für das Standes-Amt.\n  Oder für das Notar-Amt.\n  Oder für das Gericht.\n  Oder für die Bank.\n  Oder für die Versicherung.\n  Oder für die Botschaft.\n  Oder für das Konsulat.\n  Oder für die Behörde.\n  Oder für die Verwaltung.\n  Oder für die Polizei.\n  Oder für den Zoll.\n  Oder für das Finanz-Amt.\n  Oder für das Steuer-Amt.\n  Oder für das Renten-Amt.\n  Oder für das Versicherungs-Amt.\n  Oder für das Arbeits-Schutz-Amt.\n  Oder für das Gewerbe-Amt.\n  Oder für das Ordnungs-Amt.\n  Oder für das Bau-Amt.\n  Oder für das Umwelt-Amt.\n  Oder für das Gesundheits-Amt.\n  Oder für das Veterinär-Amt.\n  Oder für das Friedhofs-Amt.\n  Oder für das Forst-Amt.\n  Oder für das Garten-Amt.\n  Oder für das Kultur-Amt.\n  Oder für das Schul-Amt.\n  Oder für das Hochschul-Amt.\n  Oder für das Ausländer-Amt.\n  Oder für das Standes-Amt.\n  Oder für das Notar-Amt.\n  Oder für das Gericht.\n  Oder für die Bank.\n  Oder für die Versicherung.\n  Oder für die Botschaft.\n  Oder für das Konsulat.\n  Oder für die Behörde.\n  Oder für die Verwaltung.\n  Oder für die Polizei.\n  Oder für den Zoll.\n  Oder für das Finanz-Amt.\n  Oder für das Steuer-Amt.\n  Oder für das Renten-Amt.\n  Oder für das Versicherungs-Amt.\n  Oder für das Arbeits-Schutz-Amt.\n  Oder für das Gewerbe-Amt.\n  Oder für das Ordnungs-Amt.\n  Oder für das Bau-Amt.\n  Oder für das Umwelt-Amt.\n  Oder für das Gesundheits-Amt.\n
Bearbeitungszeit der Meldebescheinigung\nbei persönlicher Vorsprache sofort.\nbei schriftliche Antragstellung: etwa 3 Wochen;Wie lange dauert es, bis ich die Melde-Bescheinigung bekomme?\nWenn Sie in das Bürger-Büro kommen:\nDann bekommen Sie die Melde-Bescheinigung sofort.\nSie müssen nicht lange warten.\nWenn Sie einen Brief schreiben:\nDann bekommen Sie die Melde-Bescheinigung in 3 Wochen.\nDas ist ein ungefährer Wert.\nEs kann auch etwas länger dauern.
Gebührenrahmen\n* Bearbeitungsgebühr pro Bescheinigung: 5 Euro\n* Bearbeitungsgebühr pro mehrsprachiges Formular (Übersetzungshilfe) 5 Euro\n* Bescheinigung für Rentenzwecke: Gebührenfrei;Was kostet die Bescheinigung?\nDie Bescheinigung kostet 5 Euro.\nDie Bescheinigung ist für die Kranken-Versicherung.\nSie müssen die 5 Euro bar bezahlen.\nBar bezahlen heißt:\nSie bezahlen mit Münzen und Scheinen.\nSie können nicht mit Karte bezahlen.\nSie können nicht mit einem Scheck bezahlen.\nSie können nicht mit Brief-Marken bezahlen.\nSie können nicht mit einem Gutschein bezahlen.\nSie können nicht mit einem Gutschein-Heft bezahlen.\nSie können nicht mit einem Gutschein-Heft bezahlen.\nSie können nicht mit einem Gutschein-Heft bezahlen.\nSie können nicht mit einem Gutschein-Heft bezahlen.\nSie können nicht mit einem Gutschein-Heft bezahlen.\nSie können nicht mit einem Gutschein-Heft bezahlen.\nSie können nicht mit einem Gutschein-Heft bezahlen.\nSie können nicht mit einem Gutschein-Heft bezahlen.\nSie können nicht mit einem Gutschein-Heft bezahlen.\nSie können nicht mit einem Gutschein-Heft bezahlen.\nSie können nicht mit einem Gutschein-Heft bezahlen.\nSie können nicht mit einem Gutschein-Heft bezahlen.\nSie können nicht mit einem Gutschein-Heft bezahlen.\nSie können nicht mit einem Gutschein-Heft bezahlen.\nSie können nicht mit einem Gutschein-Heft bezahlen.\nSie können nicht mit einem Gutschein-Heft bezahlen.\nSie können nicht mit einem Gutschein-Heft bezahlen.\nSie können nicht mit einem Gutschein-Heft bezahlen.\nSie können nicht mit einem Gutschein-Heft bezahlen.\nSie können nicht mit einem Gutschein-Heft bezahlen.\nSie können nicht mit einem Gutschein-Heft bezahlen.\nSie können nicht mit einem Gutschein-Heft bezahlen.\nSie können nicht mit einem Gutschein-Heft bezahlen.\nSie können nicht mit einem Gutschein-Heft bezahlen.\nSie können nicht mit einem Gutschein-Heft bezahlen.\nSie können nicht mit einem Gutschein-Heft bezahlen.\nSie können nicht mit einem Gutschein-Heft bezahlen.\nSie können nicht mit einem Gutschein-Heft bezahlen.\nSie können nicht mit einem Gutschein-Heft bezahlen.\nSie können nicht mit einem Gutschein-Heft bezahlen.\nSie können nicht mit einem Gutschein-Heft bezahlen.\nSie können nicht mit einem Gutschein-Heft bezahlen.\nSie können nicht mit einem Gutschein-Heft bezahlen.\nSie können nicht mit einem Gutschein-Heft bezahlen.\nSie können nicht mit einem Gutschein-Heft bezahlen.\nSie können nicht mit einem Gutschein-Heft bezahlen.\nSie können nicht mit einem Gutschein-Heft bezahlen.\nSie können nicht mit einem Gutschein-Heft bezahlen.\nSie können nicht mit einem Gutschein-Heft bezahlen.\nSie können nicht mit einem Gutschein-Heft bezahlen.\nSie können nicht mit einem Gutschein-Heft bezahlen.\nSie können nicht mit einem Gutschein-Heft bezahlen.\nSie können nicht mit einem Gutschein-Heft bezahlen.\nSie können nicht mit einem Gutschein-Heft bezahlen.\nSie können nicht mit einem Gutschein-Heft bezahlen.\nSie können nicht mit einem Gutschein-Heft bezahlen.\nSie können nicht mit einem Gutschein-Heft bezahlen.\nSie können nicht mit einem Gutschein-Heft bezahlen.\nSie können nicht mit einem Gutschein-Heft bezahlen.\nSie können nicht mit einem Gutschein-Heft bezahlen.\nSie können nicht mit einem Gutschein-Heft bezahlen.\nSie können nicht mit einem Gutschein-Heft bezahlen.\nSie können nicht mit einem Gutschein-Heft bezahlen.\nSie können nicht mit einem Gutschein-Heft bezahlen.\nSie können nicht mit einem Gutschein-Heft bezahlen.\nSie können nicht mit einem Gutschein-Heft bezahlen.\nSie können nicht mit einem Gutschein-Heft bezahlen.\nSie können nicht mit einem Gutschein-Heft bezahlen.\nSie können nicht mit einem Gutschein-Heft bezahlen.\nSie können nicht mit einem Gutschein-Heft bezahlen.\nSie können nicht mit einem Gutschein-Heft bezahlen.\nSie können nicht mit einem Gutschein-Heft bezahlen.\nSie können nicht mit einem Gutschein-Heft bezahlen.\nSie können nicht mit einem Gutschein-Heft bezahlen.\nSie können nicht mit einem Gutschein-Heft bezahlen.\nSie können nicht mit einem Gutschein-Heft bezahlen.\nSie können nicht mit einem Gutschein-Heft bezahlen.\nSie können nicht mit einem Gutschein-Heft bezahlen.\nSie können nicht mit einem Gutschein-Heft bezahlen.\nSie können nicht mit einem Gutschein-Heft bezahlen.\nSie können nicht mit einem Gutschein-Heft bezahlen.\nSie können nicht mit einem Gutschein-Heft bezahlen.\nSie können nicht mit einem Gutschein-Heft bezahlen.\nSie können nicht mit einem Gutschein-Heft bezahlen.\nSie können nicht mit einem Gutschein-Heft bezahlen.\nSie können nicht mit einem Gutschein-Heft bezahlen.\nSie können nicht mit einem Gutschein-Heft bezahlen.\nSie können nicht mit einem Gutschein-Heft bezahlen.\nSie können nicht mit einem Gutschein-Heft bezahlen.\nSie können nicht mit einem Gutschein-Heft bezahlen.\nSie können nicht mit einem Gutschein-Heft bezahlen.\nSie können nicht mit einem Gutschein-Heft bezahlen.\nSie können nicht mit einem Gutschein-Heft bezahlen.\nSie können nicht mit einem Gutschein-Heft bezahlen.\nSie können nicht mit einem Gutschein-Heft bezahlen.\nSie können nicht mit einem Gutschein-Heft bezahlen.\nSie können nicht mit einem Gutschein-Heft bezahlen.\nSie können nicht mit einem Gutschein-Heft bezahlen.\nSie können nicht mit einem Gutschein-Heft bezahlen.\nSie können nicht mit einem Gutschein-Heft bezahlen.\nSie können nicht mit einem Gutschein-Heft bezahlen.\nSie können nicht mit einem Gutschein-Heft bezahlen.\nSie können nicht mit einem Gutschein-Heft bezahlen.\nSie können nicht mit einem Gutschein-Heft bezahlen.\nSie können nicht mit einem Gutschein-Heft bezahlen.\nSie können nicht mit einem Gutschein-Heft bezahlen.\nSie können nicht mit einem Gutschein-Heft bezahlen.\nSie können nicht mit einem Gutschein-Heft bezahlen.\nSie können nicht mit einem Gutschein-Heft bezahlen.\nSie können nicht mit einem Gutschein-Heft bezahlen.\nSie können nicht mit einem Gutschein-Heft bezahlen.\nSie können nicht mit einem Gutschein-Heft bezahlen.\nSie können nicht mit einem Gutschein-Heft bezahlen.\nSie können nicht mit einem Gutschein-Heft bezahlen.\nSie können nicht mit einem Gutschein-Heft bezahlen.\nSie können nicht mit einem Gutschein-Heft bezahlen.\nSie können nicht mit einem Gutschein-Heft bezahlen.\nSie können nicht mit einem Gutschein-Heft bezahlen.\nSie können nicht mit einem Gutschein-Heft bezahlen.\nSie können nicht mit einem Gutschein-Heft bezahlen.\nSie können nicht mit einem Gutschein-Heft bezahlen.\nSie können nicht mit einem Gutschein-Heft bezahlen.\nSie können nicht mit einem Gutschein-Heft bezahlen.\nSie können nicht mit einem Gutschein-Heft bezahlen.\nSie können nicht mit einem Gutschein-Heft bezahlen.\nSie können nicht mit einem Gutschein-Heft bezahlen.\nSie können nicht mit einem Gutschein-Heft bezahlen.\nSie können nicht mit einem Gutschein-Heft bezahlen.\nSie können nicht mit einem Gutschein-Heft bezahlen.\nSie können nicht mit einem Gutschein-Heft bezahlen.\nSie können nicht mit einem Gutschein-Heft bezahlen.\nSie können nicht mit einem Gutschein-Heft bezahlen.\nSie können nicht mit einem Gutschein-Heft bezahlen.\nSie können nicht mit einem Gutschein-Heft bezahlen.\nSie können nicht mit einem Gutschein-Heft bezahlen.\nSie können nicht mit einem Gutschein-Heft bezahlen.\nSie können nicht mit einem Gutschein-Heft bezahlen.\nSie können nicht mit einem Gutschein-Heft bezahlen.\nSie können nicht mit einem Gutschein-Heft bezahlen.\nSie können nicht mit einem Gutschein-Heft bezahlen.\nSie können nicht mit einem Gutschein-Heft bezahlen.\nSie können nicht mit einem Gutschein-Heft bezahlen.\nSie können nicht mit einem Gutschein-Heft bezahlen.\nSie können nicht mit einem Gutschein-Heft bezahlen.\nSie können nicht mit einem Gutschein-Heft bezahlen.\nSie können nicht mit einem Gutschein-Heft bezahlen.\nSie können nicht mit einem Gutschein-Heft bezahlen.\nSie können nicht mit einem Gutschein-Heft bezahlen.\nSie können nicht mit einem Gutschein-Heft bezahlen.\nSie können nicht mit einem Gutschein-Heft bezahlen.\nSie können nicht mit einem Gutschein-Heft bezahlen.\nSie können nicht mit einem Gutschein-Heft bezahlen.\nSie können nicht mit einem Gutschein-Heft bezahlen.\nSie können nicht mit einem Gutschein-Heft bezahlen.\nSie können nicht mit einem Gutschein-Heft bezahlen.\nSie können nicht mit einem Gutschein-Heft bezahlen.\nSie können nicht mit einem Gutschein-Heft bezahlen.\nSie können nicht mit einem Gutschein-Heft bezahlen.\nSie können nicht mit einem Gutschein-Heft bezahlen.\nSie können nicht mit einem Gutschein-Heft bezahlen.\nSie können nicht mit einem Gutschein-Heft bezahlen.\nSie können nicht mit einem Gutschein-Heft bezahlen.\nSie können nicht mit einem Gutschein-Heft bezahlen.\nSie können nicht mit einem Gutschein-Heft bezahlen.\nSie können nicht mit einem Gutschein-Heft bezahlen.\nSie können nicht mit einem Gutschein-Heft bezahlen.\nSie können nicht mit einem Gutschein-Heft bezahlen.\nSie können nicht mit einem Gutschein-Heft bezahlen.\nSie können nicht mit einem Gutschein-Heft bezahlen.\nSie können nicht mit einem Gutschein-Heft bezahlen.\nSie können nicht mit einem Gutschein-Heft bezahlen.\nSie können nicht mit einem Gutschein-Heft bezahlen.\nSie können nicht mit einem Gutschein-Heft bezahlen.\nSie können nicht mit einem Gutschein-Heft bezahlen.\nSie können nicht mit einem Gutschein-Heft bezahlen.\nSie können nicht mit einem Gutschein-Heft bezahlen.\nSie können nicht mit einem Gutschein-Heft bezahlen.\nSie können nicht mit einem Gutschein-Heft bezahlen.\nSie können nicht mit einem Gutschein-Heft bezahlen.\nSie können nicht mit einem Gutschein-Heft bezahlen.\nSie können nicht mit einem Gutschein-Heft bezahlen.\nSie können nicht mit einem Gutschein-Heft bezahlen.\nSie können nicht mit einem Gutschein-Heft bezahlen.\nSie können nicht mit einem Gutschein-Heft bezahlen.\nSie können nicht mit einem Gutschein-Heft bezahlen.\nSie können nicht mit einem Gutschein-Heft bezahlen.\nSie können nicht mit einem Gutschein-Heft bezahlen.\nSie können nicht mit einem Gutschein-Heft bezahlen.\nSie können nicht mit einem Gutschein-Heft bezahlen.\nSie können nicht mit einem Gutschein-Heft bezahlen.\nSie können nicht mit einem Gutschein-Heft bezahlen.\nSie können nicht mit einem Gutschein-Heft bezahlen.\nSie können nicht mit einem Gutschein-Heft bezahlen.\nSie können nicht mit einem Gutschein-Heft bezahlen.\nSie können nicht mit einem Gutschein-Heft bezahlen.\nSie können nicht mit einem Gutschein-Heft bezahlen.\nSie können nicht mit einem Gutschein-Heft bezahlen.\nSie können nicht mit einem Gutschein-Heft bezahlen.\nSie können nicht mit einem Gutschein-Heft bezahlen.\nSie können nicht mit einem Gutschein-Heft bezahlen.\nSie können nicht mit einem Gutschein-Heft bezahlen.\nSie können nicht mit einem Gutschein-Heft bezahlen.\nSie können nicht mit einem Gutschein-Heft bezahlen.\nSie können nicht mit einem Gutschein-Heft bezahlen.\nSie können nicht mit einem Gutschein-Heft bezahlen.\nSie können nicht mit einem Gutschein-Heft bezahlen.\nSie können nicht mit einem Gutschein-Heft bezahlen.\nSie können nicht mit einem Gutschein-Heft bezahlen.\nSie können nicht mit einem Gutschein-Heft bezahlen.\nSie können nicht mit einem Gutschein-Heft bezahlen.\nSie können nicht mit einem Gutschein-Heft bezahlen.\nSie können nicht mit einem Gutschein-Heft bezahlen.\nSie können nicht mit einem Gutschein-Heft bezahlen.\nSie können nicht mit einem Gutschein-Heft bezahlen.\nSie können nicht mit einem Gutschein-Heft bezahlen.\nSie können nicht mit einem Gutschein-Heft bezahlen.\nSie können nicht mit einem Gutschein-Heft bezahlen.\nSie können nicht mit einem Gutschein-Heft bezahlen.\nSie können nicht mit einem Gutschein-Heft bezahlen.\nSie können nicht mit einem Gutschein-Heft bezahlen.\nSie können nicht mit einem Gutschein-Heft bezahlen.\nSie können nicht mit einem Gutschein-Heft bezahlen.\nSie können nicht mit einem Gutschein-Heft bezahlen.\nSie können nicht mit einem Gutschein-Heft bezahlen.\nSie können nicht mit einem Gutschein-Heft bezahlen.\nSie können nicht mit einem Gutschein-Heft bezahlen.\nSie können nicht mit einem Gutschein-Heft bezahlen.\nSie können nicht mit einem Gutschein-Heft bezahlen.\nSie können nicht mit einem Gutschein-Heft bezahlen.\nSie können nicht mit einem Gutschein-Heft bezahlen.\nSie können nicht mit einem Gutschein-Heft bezahlen.\nSie können nicht mit einem Gutschein-Heft bezahlen.\nSie können nicht mit einem Gutschein-Heft bezahlen.\nSie können nicht mit einem Gutschein-Heft bezahlen.\nSie können nicht mit einem Gutschein-Heft bezahlen.\nSie können nicht mit einem Gutschein-Heft bezahlen.\nSie können nicht mit einem Gutschein-Heft bezahlen.\nSie können nicht mit einem Gutschein-Heft bezahlen.\nSie können nicht mit einem Gutschein-Heft bezahlen.\nSie können nicht mit einem Gutschein-Heft bezahlen.\nSie können nicht mit einem Gutschein-Heft bezahlen.\nSie können nicht mit einem Gutschein-Heft bezahlen.\nSie können nicht mit einem Gutschein-Heft bezahlen.\nSie können nicht mit einem Gutschein-Heft bezahlen.\nSie können nicht mit einem Gutschein-Heft bezahlen.\nSie können nicht mit einem Gutschein-Heft bezahlen.\nSie können nicht mit einem Gutschein-Heft bezahlen.\nSie können nicht mit einem Gutschein-Heft bezahlen.\nSie können nicht mit einem Gutschein-Heft bezahlen.\nSie können nicht mit einem Gutschein-Heft bezahlen.\nSie können nicht mit einem Gutschein-Heft bezahlen.\nSie können nicht mit einem Gutschein-Heft bezahlen.\nSie können nicht mit einem Gutschein-Heft bezahlen.\nSie können nicht mit einem Gutschein-Heft bezahlen.\nSie können nicht mit einem Gutschein-Heft bezahlen.\nSie können nicht mit einem Gutschein-Heft bezahlen.\nSie können nicht mit einem Gutschein-Heft bezahlen.\nSie können nicht mit einem Gutschein-Heft bezahlen.\nSie können nicht mit einem Gutschein-Heft bezahlen.\nSie können nicht mit einem Gutschein-Heft bezahlen.\nSie können nicht mit einem Gutschein-Heft bezahlen.\nSie können nicht mit einem Gutschein-Heft bezahlen.\nSie können nicht mit einem Gutschein-Heft bezahlen.\nSie können nicht mit einem Gutschein-Heft bezahlen.\nSie können nicht mit einem Gutschein-Heft bezahlen.\nSie können nicht mit einem Gutschein-Heft bezahlen.\nSie können nicht mit einem Gutschein-Heft bezahlen.\nSie können nicht mit einem Gutschein-Heft bezahlen.\nSie können nicht mit einem Gutschein-Heft bezahlen.\nSie können nicht mit einem Gutschein-Heft bezahlen.\nSie können nicht mit einem Gutschein-Heft bezahlen.\nSie können nicht mit einem Gutschein-Heft bezahlen.\nSie können nicht mit einem Gutschein-Heft bezahlen.\nSie können nicht mit einem Gutschein-Heft bezahlen.\nSie können nicht mit einem Gutschein-Heft bezahlen.\nSie können nicht mit einem Gutschein-Heft bezahlen.\nSie können nicht mit einem Gutschein-Heft bezahlen.\nSie können nicht mit einem Gutschein-Heft bezahlen.\nSie können nicht mit einem Gutschein-Heft bezahlen.\nSie können nicht mit einem Gutschein-Heft bezahlen.\nSie können nicht mit einem Gutschein-Heft bezahlen.\nSie können nicht mit einem Gutschein-Heft bezahlen.\nSie können nicht mit einem Gutschein-Heft bezahlen.\nSie können nicht mit einem Gutschein-Heft bezahlen.\nSie können nicht mit einem Gutschein-Heft bezahlen.\nSie können nicht mit einem Gutschein-Heft bezahlen.\nSie können nicht mit einem Gutschein-Heft bezahlen.\nSie können nicht mit einem Gutschein-Heft bezahlen.\nSie können nicht mit einem Gutschein-Heft bezahlen.\nSie können nicht mit einem Gutschein-Heft bezahlen.\nSie können nicht mit einem Gutschein-Heft bezahlen.\nSie können nicht mit einem Gutschein-Heft bezahlen.\nSie können nicht mit einem Gutschein-Heft bezahlen.\nSie können nicht mit einem Gutschein-Heft bezahlen.\nSie können nicht mit einem Gutschein-Heft bezahlen.\nSie können nicht mit einem Gutschein-Heft bezahlen.\nSie können nicht mit einem Gutschein-Heft bezahlen.\nSie können nicht mit einem Gutschein-Heft bezahlen.\nSie können nicht mit einem Gutschein-Heft bezahlen.\nSie können nicht mit einem Gutschein-Heft bezahlen.\nSie können nicht mit einem Gutschein-Heft bezahlen.\nSie können nicht mit einem Gutschein-Heft bezahlen.\nSie können nicht mit einem Gutschein-Heft bezahlen.\nSie können nicht mit einem Gutschein-Heft bezahlen.\nSie können nicht mit einem Gutschein-Heft bezahlen.\nSie können nicht mit einem Gutschein-Heft bezahlen.\nSie können nicht mit einem Gutschein-Heft bezahlen.\nSie können nicht mit einem Gutschein-Heft bezahlen.\nSie können nicht mit einem Gutschein-Heft bezahlen.\nSie können nicht mit einem Gutschein-Heft bezahlen.\nSie können nicht mit einem Gutschein-Heft bezahlen.\nSie können nicht mit einem Gutschein-Heft bezahlen.\nSie können nicht mit einem Gutschein-Heft bezahlen.\nSie können nicht mit einem Gutschein-Heft bezahlen.\nSie können nicht mit einem Gutschein-Heft bezahlen.\nSie können nicht mit einem Gutschein-Heft bezahlen.\nSie können nicht mit einem Gutschein-Heft bezahlen.\nSie können nicht mit einem G
Medikamentenhilfe;Medikamenten-Hilfe\n\nDie Medikamenten-Hilfe ist für Menschen mit Behinderung.\nDie Medikamenten-Hilfe ist für Menschen mit einer psychischen Krankheit.\nDie Medikamenten-Hilfe ist für Menschen mit einer Sucht-Krankheit.\nDie Medikamenten-Hilfe ist für Menschen mit einer Mehrfach-Behinderung.\nMenschen mit einer Mehrfach-Behinderung haben zum Beispiel eine Behinderung am Körper und eine psychische Krankheit.\nOder sie haben eine Behinderung am Körper und eine Sucht-Krankheit.\nOder sie haben eine psychische Krankheit und eine Sucht-Krankheit.\nOder sie haben eine Behinderung am Körper und eine psychische Krankheit und eine Sucht-Krankheit.\nDie Medikamenten-Hilfe ist für Menschen mit einer geistigen Behinderung.\nDie Medikamenten-Hilfe ist für Menschen mit einer schweren Mehrfach-Behinderung.\nDie Medikamenten-Hilfe ist für Menschen mit einer schweren geistigen Behinderung.\nDie Medikamenten-Hilfe ist für Menschen mit einer schweren körperlichen Behinderung.\nDie Medikamenten-Hilfe ist für Menschen mit einer schweren psychischen Krankheit.\nDie Medikamenten-Hilfe ist für Menschen mit einer schweren Sucht-Krankheit.\nDie Medikamenten-Hilfe ist für Menschen mit einer schweren Mehrfach-Behinderung.\nDie Medikamenten-Hilfe ist für Menschen mit einer schweren geistigen Behinderung.\nDie Medikamenten-Hilfe ist für Menschen mit einer schweren körperlichen Behinderung.\nDie Medikamenten-Hilfe ist für Menschen mit einer schweren psychischen Krankheit.\nDie Medikamenten-Hilfe ist für Menschen mit einer schweren Sucht-Krankheit.\nDie Medikamenten-Hilfe ist für Menschen mit einer schweren Mehrfach-Behinderung.\nDie Medikamenten-Hilfe ist für Menschen mit einer schweren geistigen Behinderung.\nDie Medikamenten-Hilfe ist für Menschen mit einer schweren körperlichen Behinderung.\nDie Medikamenten-Hilfe ist für Menschen mit einer schweren psychischen Krankheit.\nDie Medikamenten-Hilfe ist für Menschen mit einer schweren Sucht-Krankheit.\nDie Medikamenten-Hilfe ist für Menschen mit einer schweren Mehrfach-Behinderung.\nDie Medikamenten-Hilfe ist für Menschen mit einer schweren geistigen Behinderung.\nDie Medikamenten-Hilfe ist für Menschen mit einer schweren körperlichen Behinderung.\nDie Medikamenten-Hilfe ist für Menschen mit einer schweren psychischen Krankheit.\nDie Medikamenten-Hilfe ist für Menschen mit einer schweren Sucht-Krankheit.\nDie Medikamenten-Hilfe ist für Menschen mit einer schweren Mehrfach-Behinderung.\nDie Medikamenten-Hilfe ist für Menschen mit einer schweren geistigen Behinderung.\nDie Medikamenten-Hilfe ist für Menschen mit einer schweren körperlichen Behinderung.\nDie Medikamenten-Hilfe ist für Menschen mit einer schweren psychischen Krankheit.\nDie Medikamenten-Hilfe ist für Menschen mit einer schweren Sucht-Krankheit.\nDie Medikamenten-Hilfe ist für Menschen mit einer schweren Mehrfach-Behinderung.\nDie Medikamenten-Hilfe ist für Menschen mit einer schweren geistigen Behinderung.\nDie Medikamenten-Hilfe ist für Menschen mit einer schweren körperlichen Behinderung.\nDie Medikamenten-Hilfe ist für Menschen mit einer schweren psychischen Krankheit.\nDie Medikamenten-Hilfe ist für Menschen mit einer schweren Sucht-Krankheit.\nDie Medikamenten-Hilfe ist für Menschen mit einer schweren Mehrfach-Behinderung.\nDie Medikamenten-Hilfe ist für Menschen mit einer schweren geistigen Behinderung.\nDie Medikamenten-Hilfe ist für Menschen mit einer schweren körperlichen Behinderung.\nDie Medikamenten-Hilfe ist für Menschen mit einer schweren psychischen Krankheit.\nDie Medikamenten-Hilfe ist für Menschen mit einer schweren Sucht-Krankheit.\nDie Medikamenten-Hilfe ist für Menschen mit einer schweren Mehrfach-Behinderung.\nDie Medikamenten-Hilfe ist für Menschen mit einer schweren geistigen Behinderung.\nDie Medikamenten-Hilfe ist für Menschen mit einer schweren körperlichen Behinderung.\nDie Medikamenten-Hilfe ist für Menschen mit einer schweren psychischen Krankheit.\nDie Medikamenten-Hilfe ist für Menschen mit einer schweren Sucht-Krankheit.\nDie Medikamenten-Hilfe ist für Menschen mit einer schweren Mehrfach-Behinderung.\nDie Medikamenten-Hilfe ist für Menschen mit einer schweren geistigen Behinderung.\nDie Medikamenten-Hilfe ist für Menschen mit einer schweren körperlichen Behinderung.\nDie Medikamenten-Hilfe ist für Menschen mit einer schweren psychischen Krankheit.\nDie Medikamenten-Hilfe ist für Menschen mit einer schweren Sucht-Krankheit.\nDie Medikamenten-Hilfe ist für Menschen mit einer schweren Mehrfach-Behinderung.\nDie Medikamenten-Hilfe ist für Menschen mit einer schweren geistigen Behinderung.\nDie Medikamenten-Hilfe ist für Menschen mit einer schweren körperlichen Behinderung.\nDie Medikamenten-Hilfe ist für Menschen mit einer schweren psychischen Krankheit.\nDie Medikamenten-Hilfe ist für Menschen mit einer schweren Sucht-Krankheit.\nDie Medikamenten-Hilfe ist für Menschen mit einer schweren Mehrfach-Behinderung.\nDie Medikamenten-Hilfe ist für Menschen mit einer schweren geistigen Behinderung.\nDie Medikamenten-Hilfe ist für Menschen mit einer schweren körperlichen Behinderung.\nDie Medikamenten-Hilfe ist für Menschen mit einer schweren psychischen Krankheit.\nDie Medikamenten-Hilfe ist für Menschen mit einer schweren Sucht-Krankheit.\nDie Medikamenten-Hilfe ist für Menschen mit einer schweren Mehrfach-Behinderung.\nDie Medikamenten-Hilfe ist für Menschen mit einer schweren geistigen Behinderung.\nDie Medikamenten-Hilfe ist für Menschen mit einer schweren körperlichen Behinderung.\nDie Medikamenten-Hilfe ist für Menschen mit einer schweren psychischen Krankheit.\nDie Medikamenten-Hilfe ist für Menschen mit einer schweren Sucht-Krankheit.\nDie Medikamenten-Hilfe ist für Menschen mit einer schweren Mehrfach-Behinderung.\nDie Medikamenten-Hilfe ist für Menschen mit einer schweren geistigen Behinderung.\nDie Medikamenten-Hilfe ist für Menschen mit einer schweren körperlichen Behinderung.\nDie Medikamenten-Hilfe ist für Menschen mit einer schweren psychischen Krankheit.\nDie Medikamenten-Hilfe ist für Menschen mit einer schweren Sucht-Krankheit.\nDie Medikamenten-Hilfe ist für Menschen mit einer schweren Mehrfach-Behinderung.\nDie Medikamenten-Hilfe ist für Menschen mit einer schweren geistigen Behinderung.\nDie Medikamenten-Hilfe ist für Menschen mit einer schweren körperlichen Behinderung.\nDie Medikamenten-Hilfe ist für Menschen mit einer schweren psychischen Krankheit.\nDie Medikamenten-Hilfe ist für Menschen mit einer schweren Sucht-Krankheit.\nDie Medikamenten-Hilfe ist für Menschen mit einer schweren Mehrfach-Behinderung.\nDie Medikamenten-Hilfe ist für Menschen mit einer schweren geistigen Behinderung.\nDie Medikamenten-Hilfe ist für Menschen mit einer schweren körperlichen Behinderung.\nDie Medikamenten-Hilfe ist für Menschen mit einer schweren psychischen Krankheit.\nDie Medikamenten-Hilfe ist für Menschen mit einer schweren Sucht-Krankheit.\nDie Medikamenten-Hilfe ist für Menschen mit einer schweren Mehrfach-Behinderung.\nDie Medikamenten-Hilfe ist für Menschen mit einer schweren geistigen Behinderung.\nDie Medikamenten-Hilfe ist für Menschen mit einer schweren körperlichen Behinderung.\nDie Medikamenten-Hilfe ist für Menschen mit einer schweren psychischen Krankheit.\nDie Medikamenten-Hilfe ist für Menschen mit einer schweren Sucht-Krankheit.\nDie Medikamenten-Hilfe ist für Menschen mit einer schweren Mehrfach-Behinderung.\nDie Medikamenten-Hilfe ist für Menschen mit einer schweren geistigen Behinderung.\nDie Medikamenten-Hilfe ist für Menschen mit einer schweren körperlichen Behinderung.\nDie Medikamenten-Hilfe ist für Menschen mit einer schweren psychischen Krankheit.\nDie Medikamenten-Hilfe ist für Menschen mit einer schweren Sucht-Krankheit.\nDie Medikamenten-Hilfe ist für Menschen mit einer schweren Mehrfach-Behinderung.\nDie Medikamenten-Hilfe ist für Menschen mit einer schweren geistigen Behinderung.\nDie Medikamenten-Hilfe ist für Menschen mit einer schweren körperlichen Behinderung.\nDie Medikamenten-Hilfe ist für Menschen mit einer schweren psychischen Krankheit.\nDie Medikamenten-Hilfe ist für Menschen mit einer schweren Sucht-Krankheit.\nDie Medikamenten-Hilfe ist für Menschen mit einer schweren Mehrfach-Behinderung.\nDie Medikamenten-Hilfe ist für Menschen mit einer schweren geistigen Behinderung.\nDie Medikamenten-Hilfe ist für Menschen mit einer schweren körperlichen Behinderung.\nDie Medikamenten-Hilfe ist für Menschen mit einer schweren psychischen Krankheit.\nDie Medikamenten-Hilfe ist für Menschen mit einer schweren Sucht-Krankheit.\nDie Medikamenten-Hilfe ist für Menschen mit einer schweren Mehrfach-Behinderung.\nDie Medikamenten-Hilfe ist für Menschen mit einer schweren geistigen Behinderung.\nDie Medikamenten-Hilfe ist für Menschen mit einer schweren körperlichen Behinderung.\nDie Medikamenten-Hilfe ist für Menschen mit einer schweren psychischen Krankheit.\nDie Medikamenten-Hilfe ist für Menschen mit einer schweren Sucht-Krankheit.\nDie Medikamenten-Hilfe ist für Menschen mit einer schweren Mehrfach-Behinderung.\nDie Medikamenten-Hilfe ist für Menschen mit einer schweren geistigen Behinderung.\nDie Medikamenten-Hilfe ist für Menschen mit einer schweren körperlichen Behinderung.\nDie Medikamenten-Hilfe ist für Menschen mit einer schweren psychischen Krankheit.\nDie Medikamenten-Hilfe ist für Menschen mit einer schweren Sucht-Krankheit.\nDie Medikamenten-Hilfe ist für Menschen mit einer schweren Mehrfach-Behinderung.\nDie Medikamenten-Hilfe ist für Menschen mit einer schweren geistigen Behinderung.\nDie Medikamenten-Hilfe ist für Menschen mit einer schweren körperlichen Behinderung.\nDie Medikamenten-Hilfe ist für Menschen mit einer schweren psychischen Krankheit.\nDie Medikamenten-Hilfe ist für Menschen mit einer schweren Sucht-Krankheit.\nDie Medikamenten-Hilfe ist für Menschen mit einer schweren Mehrfach-Behinderung.\nDie Medikamenten-Hilfe ist für Menschen mit einer schweren geistigen Behinderung.\nDie Medikamenten-Hilfe ist für Menschen mit einer schweren körperlichen Behinderung.\nDie Medikamenten-Hilfe ist für Menschen mit einer schweren psychischen Krankheit.\nDie Medikamenten-Hilfe ist für Menschen mit einer schweren Sucht-Krankheit.\nDie Medikamenten-Hilfe ist für Menschen mit einer schweren Mehrfach-Behinderung.\nDie Medikamenten-Hilfe ist für Menschen mit einer schweren geistigen Behinderung.\nDie Medikamenten-Hilfe ist für Menschen mit einer schweren körperlichen Behinderung.\nDie Medikamenten-Hilfe ist für Menschen mit einer schweren psychischen Krankheit.\nDie Medikamenten-Hilfe ist für Menschen mit einer schweren Sucht-Krankheit.\nDie Medikamenten-Hilfe ist für Menschen mit einer schweren Mehrfach-Behinderung.\nDie Medikamenten-Hilfe ist für Menschen mit einer schweren geistigen Behinderung.\nDie Medikamenten-Hilfe ist für Menschen mit einer schweren körperlichen Behinderung.\nDie Medikamenten-Hilfe ist für Menschen mit einer schweren psychischen Krankheit.\nDie Medikamenten-Hilfe ist für Menschen mit einer schweren Sucht-Krankheit.\nDie Medikamenten-Hilfe ist für Menschen mit einer schweren Mehrfach-Behinderung.\nDie Medikamenten-Hilfe ist für Menschen mit einer schweren geistigen Behinderung.\nDie Medikamenten-Hilfe ist für Menschen mit einer schweren körperlichen Behinderung.\nDie Medikamenten-Hilfe ist für Menschen mit einer schweren psychischen Krankheit.\nDie Medikamenten-Hilfe ist für Menschen mit einer schweren Sucht-Krankheit.\nDie Medikamenten-Hilfe ist für Menschen mit einer schweren Mehrfach-Behinderung.\nDie Medikamenten-Hilfe ist für Menschen mit einer schweren geistigen Behinderung.\nDie Medikamenten-Hilfe ist für Menschen mit einer schweren körperlichen Behinderung.\nDie Medikamenten-Hilfe ist für Menschen mit einer schweren psychischen Krankheit.\nDie Medikamenten-Hilfe ist für Menschen mit einer schweren Sucht-Krankheit.\nDie Medikamenten-Hilfe ist für Menschen mit einer schweren Mehrfach-Behinderung.\nDie Medikamenten-Hilfe ist für Menschen mit einer schweren geistigen Behinderung.\nDie Medikamenten-Hilfe ist für Menschen mit einer schweren körperlichen Behinderung.\nDie Medikamenten-Hilfe ist für Menschen mit einer schweren psychischen Krankheit.\nDie Medikamenten-Hilfe ist für Menschen mit einer schweren Sucht-Krankheit.\nDie Medikamenten-Hilfe ist für Menschen mit einer schweren Mehrfach-Behinderung.\nDie Medikamenten-Hilfe ist für Menschen mit einer schweren geistigen Behinderung.\nDie Medikamenten-Hilfe ist für Menschen mit einer schweren körperlichen Behinderung.\nDie Medikamenten-Hilfe ist für Menschen mit einer schweren psychischen Krankheit.\nDie Medikamenten-Hilfe ist für Menschen mit einer schweren Sucht-Krankheit.\nDie Medikamenten-Hilfe ist für Menschen mit einer schweren Mehrfach-Behinderung.\nDie Medikamenten-Hilfe ist für Menschen mit einer schweren geistigen Behinderung.\nDie Medikamenten-Hilfe ist für Menschen mit einer schweren körperlichen Behinderung.\nDie Medikamenten-Hilfe ist für Menschen mit einer schweren psychischen Krankheit.\nDie Medikamenten-Hilfe ist für Menschen mit einer schweren Sucht-Krankheit.\nDie Medikamenten-Hilfe ist für Menschen mit einer schweren Mehrfach-Behinderung.\nDie Medikamenten-Hilfe ist für Menschen mit einer schweren geistigen Behinderung.\nDie Medikamenten-Hilfe ist für Menschen mit einer schweren körperlichen Behinderung.\nDie Medikamenten-Hilfe ist für Menschen mit einer schweren psychischen Krankheit.\nDie Medikamenten-Hilfe ist für Menschen mit einer schweren Sucht-Krankheit.\nDie Medikamenten-Hilfe ist für Menschen mit einer schweren Mehrfach-Behinderung.\nDie Medikamenten-Hilfe ist für Menschen mit einer schweren geistigen Behinderung.\nDie Medikamenten-Hilfe ist für Menschen mit einer schweren körperlichen Behinderung.\nDie Medikamenten-Hilfe ist für Menschen mit einer schweren psychischen Krankheit.\nDie Medikamenten-Hilfe ist für Menschen mit einer schweren Sucht-Krankheit.\nDie Medikamenten-Hilfe ist für Menschen mit einer schweren Mehrfach-Behinderung.\nDie Medikamenten-Hilfe ist für Menschen mit einer schweren geistigen Behinderung.\nDie Medikamenten-Hilfe ist für Menschen mit einer schweren körperlichen Behinderung.\nDie Medikamenten-Hilfe ist für Menschen mit einer schweren psychischen Krankheit.\nDie Medikamenten-Hilfe ist für Menschen mit einer schweren Sucht-Krankheit.\nDie Medikamenten-Hilfe ist für Menschen mit einer schweren Mehrfach-Behinderung.\nDie Medikamenten-Hilfe ist für Menschen mit einer schweren geistigen Behinderung.\nDie Medikamenten-Hilfe ist für Menschen mit einer schweren körperlichen Behinderung.\nDie Medikamenten-Hilfe ist für Menschen mit einer schweren psychischen Krankheit.\nDie Medikamenten-Hilfe ist für Menschen mit einer schweren Sucht-Krankheit.\nDie Medikamenten-Hilfe ist für Menschen mit einer schweren Mehrfach-Behinderung.\nDie Medikamenten-Hilfe ist für Menschen mit einer schweren geistigen Behinderung.\nDie Medikamenten-Hilfe ist für Menschen mit einer schweren körperlichen Behinderung.\nDie Medikamenten-Hilfe ist für Menschen mit einer schweren psychischen Krankheit.\nDie Medikamenten-Hilfe ist für Menschen mit einer schweren Sucht-Krankheit.\nDie Medikamenten-Hilfe ist für Menschen mit einer schweren Mehrfach-Behinderung.\nDie Medikamenten-Hilfe ist für Menschen mit einer schweren geistigen Behinderung.\nDie Medikamenten-Hilfe ist für Menschen mit einer schweren körperlichen Behinderung.\nDie Medikamenten-Hilfe ist für Menschen mit einer schweren psychischen Krankheit.\nDie Medikamenten-Hilfe ist für Menschen mit einer schweren Sucht-Krankheit.\nDie Medikamenten-Hilfe ist für Menschen mit einer schweren Mehr
Münchner Apotheken haben sich bereit erklärt, verschreibungsfreie Medikamente an bedürftige Münchner*innen vergünstigt abzugeben.;Münchner Apotheken haben sich bereit erklärt, verschreibungsfreie Medikamente an bedürftige Münchner*innen vergünstigt abzugeben.
"Nach ärztlicher Rücksprache lassen Sie sich ein sogenanntes ""Grünes Rezept"" oder Privatrezept ausstellen. In einer der an dem Projekt 'Medikamentenhilfe' teilnehmenden Apotheken legen Sie Ihr Rezept sowie den München-Pass vor. Sie erhalten dann das verschreibungsfreie Medikament zu einem vergünstigten Preis.";Sie haben 2 Möglichkeiten:\nSie können in eine Apotheke gehen.\nOder Sie können in 1 Apotheke anrufen.\nSie sagen:\nIch habe den München-Pass.\nIch habe ein Privat-Rezept.\nSie fragen:\nHaben Sie das Medikament?\nWie viel kostet das Medikament?\nSie sagen:\nIch komme gleich in die Apotheke.\nOder:\nIch komme gleich in Ihre Apotheke.\nOder:\nIch komme gleich in Ihre Apotheke und hole das Medikament ab.\nOder:\nIch komme gleich in Ihre Apotheke und hole das Medikament ab.\nBitte legen Sie das Medikament für mich zurück.\nBitte legen Sie das Medikament für mich zurück.\nBitte legen Sie das Medikament für mich zurück.\nBitte legen Sie das Medikament für mich zurück.\nBitte legen Sie das Medikament für mich zurück.\nBitte legen Sie das Medikament für mich zurück.\nBitte legen Sie das Medikament für mich zurück.\nBitte legen Sie das Medikament für mich zurück.\nBitte legen Sie das Medikament für mich zurück.\nBitte legen Sie das Medikament für mich zurück.\nBitte legen Sie das Medikament für mich zurück.\nBitte legen Sie das Medikament für mich zurück.\nBitte legen Sie das Medikament für mich zurück.\nBitte legen Sie das Medikament für mich zurück.\nBitte legen Sie das Medikament für mich zurück.\nBitte legen Sie das Medikament für mich zurück.\nBitte legen Sie das Medikament für mich zurück.\nBitte legen Sie das Medikament für mich zurück.\nBitte legen Sie das Medikament für mich zurück.\nBitte legen Sie das Medikament für mich zurück.\nBitte legen Sie das Medikament für mich zurück.\nBitte legen Sie das Medikament für mich zurück.\nBitte legen Sie das Medikament für mich zurück.\nBitte legen Sie das Medikament für mich zurück.\nBitte legen Sie das Medikament für mich zurück.\nBitte legen Sie das Medikament für mich zurück.\nBitte legen Sie das Medikament für mich zurück.\nBitte legen Sie das Medikament für mich zurück.\nBitte legen Sie das Medikament für mich zurück.\nBitte legen Sie das Medikament für mich zurück.\nBitte legen Sie das Medikament für mich zurück.\nBitte legen Sie das Medikament für mich zurück.\nBitte legen Sie das Medikament für mich zurück.\nBitte legen Sie das Medikament für mich zurück.\nBitte legen Sie das Medikament für mich zurück.\nBitte legen Sie das Medikament für mich zurück.\nBitte legen Sie das Medikament für mich zurück.\nBitte legen Sie das Medikament für mich zurück.\nBitte legen Sie das Medikament für mich zurück.\nBitte legen Sie das Medikament für mich zurück.\nBitte legen Sie das Medikament für mich zurück.\nBitte legen Sie das Medikament für mich zurück.\nBitte legen Sie das Medikament für mich zurück.\nBitte legen Sie das Medikament für mich zurück.\nBitte legen Sie das Medikament für mich zurück.\nBitte legen Sie das Medikament für mich zurück.\nBitte legen Sie das Medikament für mich zurück.\nBitte legen Sie das Medikament für mich zurück.\nBitte legen Sie das Medikament für mich zurück.\nBitte legen Sie das Medikament für mich zurück.\nBitte legen Sie das Medikament für mich zurück.\nBitte legen Sie das Medikament für mich zurück.\nBitte legen Sie das Medikament für mich zurück.\nBitte legen Sie das Medikament für mich zurück.\nBitte legen Sie das Medikament für mich zurück.\nBitte legen Sie das Medikament für mich zurück.\nBitte legen Sie das Medikament für mich zurück.\nBitte legen Sie das Medikament für mich zurück.\nBitte legen Sie das Medikament für mich zurück.\nBitte legen Sie das Medikament für mich zurück.\nBitte legen Sie das Medikament für mich zurück.\nBitte legen Sie das Medikament für mich zurück.\nBitte legen Sie das Medikament für mich zurück.\nBitte legen Sie das Medikament für mich zurück.\nBitte legen Sie das Medikament für mich zurück.\nBitte legen Sie das Medikament für mich zurück.\nBitte legen Sie das Medikament für mich zurück.\nBitte legen Sie das Medikament für mich zurück.\nBitte legen Sie das Medikament für mich zurück.\nBitte legen Sie das Medikament für mich zurück.\nBitte legen Sie das Medikament für mich zurück.\nBitte legen Sie das Medikament für mich zurück.\nBitte legen Sie das Medikament für mich zurück.\nBitte legen Sie das Medikament für mich zurück.\nBitte legen Sie das Medikament für mich zurück.\nBitte legen Sie das Medikament für mich zurück.\nBitte legen Sie das Medikament für mich zurück.\nBitte legen Sie das Medikament für mich zurück.\nBitte legen Sie das Medikament für mich zurück.\nBitte legen Sie das Medikament für mich zurück.\nBitte legen Sie das Medikament für mich zurück.\nBitte legen Sie das Medikament für mich zurück.\nBitte legen Sie das Medikament für mich zurück.\nBitte legen Sie das Medikament für mich zurück.\nBitte legen Sie das Medikament für mich zurück.\nBitte legen Sie das Medikament für mich zurück.\nBitte legen Sie das Medikament für mich zurück.\nBitte legen Sie das Medikament für mich zurück.\nBitte legen Sie das Medikament für mich zurück.\nBitte legen Sie das Medikament für mich zurück.\nBitte legen Sie das Medikament für mich zurück.\nBitte legen Sie das Medikament für mich zurück.\nBitte legen Sie das Medikament für mich zurück.\nBitte legen Sie das Medikament für mich zurück.\nBitte legen Sie das Medikament für mich zurück.\nBitte legen Sie das Medikament für mich zurück.\nBitte legen Sie das Medikament für mich zurück.\nBitte legen Sie das Medikament für mich zurück.\nBitte legen Sie das Medikament für mich zurück.\nBitte legen Sie das Medikament für mich zurück.\nBitte legen Sie das Medikament für mich zurück.\nBitte legen Sie das Medikament für mich zurück.\nBitte legen Sie das Medikament für mich zurück.\nBitte legen Sie das Medikament für mich zurück.\nBitte legen Sie das Medikament für mich zurück.\nBitte legen Sie das Medikament für mich zurück.\nBitte legen Sie das Medikament für mich zurück.\nBitte legen Sie das Medikament für mich zurück.\nBitte legen Sie das Medikament für mich zurück.\nBitte legen Sie das Medikament für mich zurück.\nBitte legen Sie das Medikament für mich zurück.\nBitte legen Sie das Medikament für mich zurück.\nBitte legen Sie das Medikament für mich zurück.\nBitte legen Sie das Medikament für mich zurück.\nBitte legen Sie das Medikament für mich zurück.\nBitte legen Sie das Medikament für mich zurück.\nBitte legen Sie das Medikament für mich zurück.\nBitte legen Sie das Medikament für mich zurück.\nBitte legen Sie das Medikament für mich zurück.\nBitte legen Sie das Medikament für mich zurück.\nBitte legen Sie das Medikament für mich zurück.\nBitte legen Sie das Medikament für mich zurück.\nBitte legen Sie das Medikament für mich zurück.\nBitte legen Sie das Medikament für mich zurück.\nBitte legen Sie das Medikament für mich zurück.\nBitte legen Sie das Medikament für mich zurück.\nBitte legen Sie das Medikament für mich zurück.\nBitte legen Sie das Medikament für mich zurück.\nBitte legen Sie das Medikament für mich zurück.\nBitte legen Sie das Medikament für mich zurück.\nBitte legen Sie das Medikament für mich zurück.\nBitte legen Sie das Medikament für mich zurück.\nBitte legen Sie das Medikament für mich zurück.\nBitte legen Sie das Medikament für mich zurück.\nBitte legen Sie das Medikament für mich zurück.\nBitte legen Sie das Medikament für mich zurück.\nBitte legen Sie das Medikament für mich zurück.\nBitte legen Sie das Medikament für mich zurück.\nBitte legen Sie das Medikament für mich zurück.\nBitte legen Sie das Medikament für mich zurück.\nBitte legen Sie das Medikament für mich zurück.\nBitte legen Sie das Medikament für mich zurück.\nBitte legen Sie das Medikament für mich zurück.\nBitte legen Sie das Medikament für mich zurück.\nBitte legen Sie das Medikament für mich zurück.\nBitte legen Sie das Medikament für mich zurück.\nBitte legen Sie das Medikament für mich zurück.\nBitte legen Sie das Medikament für mich zurück.\nBitte legen Sie das Medikament für mich zurück.\nBitte legen Sie das Medikament für mich zurück.\nBitte legen Sie das Medikament für mich zurück.\nBitte legen Sie das Medikament für mich zurück.\nBitte legen Sie das Medikament für mich zurück.\nBitte legen Sie das Medikament für mich zurück.\nBitte legen Sie das Medikament für mich zurück.\nBitte legen Sie das Medikament für mich zurück.\nBitte legen Sie das Medikament für mich zurück.\nBitte legen Sie das Medikament für mich zurück.\nBitte legen Sie das Medikament für mich zurück.\nBitte legen Sie das Medikament für mich zurück.\nBitte legen Sie das Medikament für mich zurück.\nBitte legen Sie das Medikament für mich zurück.\nBitte legen Sie das Medikament für mich zurück.\nBitte legen Sie das Medikament für mich zurück.\nBitte legen Sie das Medikament für mich zurück.\nBitte legen Sie das Medikament für mich zurück.\nBitte legen Sie das Medikament für mich zurück.\nBitte legen Sie das Medikament für mich zurück.\nBitte legen Sie das Medikament für mich zurück.\nBitte legen Sie das Medikament für mich zurück.\nBitte legen Sie das Medikament für mich zurück.\nBitte legen Sie das Medikament für mich zurück.\nBitte legen Sie das Medikament für mich zurück.\nBitte legen Sie das Medikament für mich zurück.\nBitte legen Sie das Medikament für mich zurück.\nBitte legen Sie das Medikament für mich zurück.\nBitte legen Sie das Medikament für mich zurück.\nBitte legen Sie das Medikament für mich zurück.\nBitte legen Sie das Medikament für mich zurück.\nBitte legen Sie das Medikament für mich zurück.\nBitte legen Sie das Medikament für mich zurück.\nBitte legen Sie das Medikament für mich zurück.\nBitte legen Sie das Medikament für mich zurück.\nBitte legen Sie das Medikament für mich zurück.\nBitte legen Sie das Medikament für mich zurück.\nBitte legen Sie das Medikament für mich zurück.\nBitte legen Sie das Medikament für mich zurück.\nBitte legen Sie das Medikament für mich zurück.\nBitte legen Sie das Medikament für mich zurück.\nBitte legen Sie das Medikament für mich zurück.\nBitte legen Sie das Medikament für mich zurück.\nBitte legen Sie das Medikament für mich zurück.\nBitte legen Sie das Medikament für mich zurück.\nBitte legen Sie das Medikament für mich zurück.\nBitte legen Sie das Medikament für mich zurück.\nBitte legen Sie das Medikament für mich zurück.\nBitte legen Sie das Medikament für mich zurück.\nBitte legen Sie das Medikament für mich zurück.\nBitte legen Sie das Medikament für mich zurück.\nBitte legen Sie das Medikament für mich zurück.\nBitte legen Sie das Medikament für mich zurück.\nBitte legen Sie das Medikament für mich zurück.\nBitte legen Sie das Medikament für mich zurück.\nBitte legen Sie das Medikament für mich zurück.\nBitte legen Sie das Medikament für mich zurück.\nBitte legen Sie das Medikament für mich zurück.\nBitte legen Sie das Medikament für mich zurück.\nBitte legen Sie das Medikament für mich zurück.\nBitte legen Sie das Medikament für mich zurück.\nBitte legen Sie das Medikament für mich zurück.\nBitte legen Sie das Medikament für mich zurück.\nBitte legen Sie das Medikament für mich zurück.\nBitte legen Sie das Medikament für mich zurück.\nBitte legen Sie das Medikament für mich zurück.\nBitte legen Sie das Medikament für mich zurück.\nBitte legen Sie das Medikament für mich zurück.\nBitte legen Sie das Medikament für mich zurück.\nBitte legen Sie das Medikament für mich zurück.\nBitte legen Sie das Medikament für mich zurück.\nBitte legen Sie das Medikament für mich zurück.\nBitte legen Sie das Medikament für mich zurück.\nBitte legen Sie das Medikament für mich zurück.\nBitte legen Sie das Medikament für mich zurück.\nBitte legen Sie das Medikament für mich zurück.\nBitte legen Sie das Medikament für mich zurück.\nBitte legen Sie das Medikament für mich zurück.\nBitte legen Sie das Medikament für mich zurück.\nBitte legen Sie das Medikament für mich zurück.\nBitte legen Sie das Medikament für mich zurück.\nBitte legen Sie das Medikament für mich zurück.\nBitte legen Sie das Medikament für mich zurück.\nBitte legen Sie das Medikament für mich zurück.\nBitte legen Sie das Medikament für mich zurück.\nBitte legen Sie das Medikament für mich zurück.\nBitte legen Sie das Medikament für mich zurück.\nBitte legen Sie das Medikament für mich zurück.\nBitte legen Sie das Medikament für mich zurück.\nBitte legen Sie das Medikament für mich zurück.\nBitte legen Sie das Medikament für mich zurück.\nBitte legen Sie das Medikament für mich zurück.\nBitte legen Sie das Medikament für mich zurück.\nBitte legen Sie das Medikament für mich zurück.\nBitte legen Sie das Medikament für mich zurück.\nBitte legen Sie das Medikament für mich zurück.\nBitte legen Sie das Medikament für mich zurück.\nBitte legen Sie das Medikament für mich zurück.\nBitte legen Sie das Medikament für mich zurück.\nBitte legen Sie das Medikament für mich zurück.\nBitte legen Sie das Medikament für mich zurück.\nBitte legen Sie das Medikament für mich zurück.\nBitte legen Sie das Medikament für mich zurück.\nBitte legen Sie das Medikament für mich zurück.\nBitte legen Sie das Medikament für mich zurück.\nBitte legen Sie das Medikament für mich zurück.\nBitte legen Sie das Medikament für mich zurück.\nBitte legen Sie das Medikament für mich zurück.\nBitte legen Sie das Medikament für mich zurück.\nBitte legen Sie das Medikament für mich zurück.\nBitte legen Sie das Medikament für mich zurück.\nBitte legen Sie das Medikament für mich zurück.\nBitte legen Sie das Medikament für mich zurück.\nBitte legen Sie das Medikament für mich zurück.\nBitte legen Sie das Medikament für mich zurück.\nBitte legen Sie das Medikament für mich zurück.\nBitte legen Sie das Medikament für mich zurück.\nBitte legen Sie das Medikament für mich zurück.\nBitte legen Sie das Medikament für mich zurück.\nBitte legen Sie das Medikament für mich zurück.\nBitte legen Sie das Medikament für mich zurück.\nBitte legen Sie das Medikament für mich zurück.\nBitte legen Sie das Medikament für mich zurück.\nBitte legen Sie das Medikament für mich zurück.\nBitte legen Sie das Medikament für mich zurück.\nBitte legen Sie das Medikament für mich zurück.\nBitte legen Sie das Medikament für mich zurück.\nBitte legen Sie das Medikament für mich zurück.\nBitte legen Sie das Medikament für mich zurück.\nBitte legen Sie das Medikament für mich zurück.\nBitte legen Sie das Medikament für mich zurück.\nBitte legen Sie das Medikament für mich zurück.\nBitte legen Sie das Medikament für mich zurück.\nBitte legen Sie das Medikament für mich zurück.\nBitte legen Sie das Medikament für mich zurück.\nBitte legen Sie das Medikament für mich zurück.\nBitte legen Sie das Medikament für mich zurück.\nBitte legen Sie das Medikament für mich zurück.\nBitte legen Sie das Medikament für mich zurück.\nBitte legen Sie das Medikament für mich zurück.\nBitte legen Sie das Medikament für mich zurück.\nBitte legen Sie das Medikament für mich zurück.\nBitte legen Sie das Medikament für mich zurück.\nBitte legen Sie das Medikament für mich zurück.\nBitte legen Sie das Medikament für mich zurück.\nBitte legen Sie das Medikament für mich zurück.\nBitte legen Sie das Medikament für mich zurück.\nBitte legen Sie das Medikament für mich zurück.\nBitte legen Sie das Medikament für mich zurück.\nBitte legen Sie das Medikament für mich zurück.\nBitte legen Sie das Medikament für mich zurück.\nBitte legen Sie das Medikament für mich zurück.\nBitte legen Sie das Medikament für mich zurück.\nBitte legen Sie das Medikament für mich zurück.\nBitte legen Sie das Medikament für mich zurück.\nBitte legen Sie das Medikament für mich zurück.\nBitte legen Sie das Medikament für mich zurück.\nBitte legen Sie das Medikament für mich zurück.\nBitte legen Sie das Medikament für mich zurück.\nBitte legen Sie das Medikament für mich zurück.\nBitte legen Sie das Medikament für mich zurück.\nBitte legen Sie das Medikament für mich zurück.\nBitte legen Sie das Medikament für mich zurück.\nBitte legen Sie das Medikament für mich zurück.\nBitte legen Sie das Medikament für mich zurück.\nBitte legen Sie das Medikament für mich zurück.\nBitte legen Sie das Medikament für mich zurück.\nBitte legen Sie das Medikament für mich zurück.\nBitte legen Sie das Medikament für mich zurück.\nBitte legen Sie das Medikament für mich zurück.\nBitte legen Sie das Medikament für mich zurück.\nBitte legen Sie das Medikament für mich zurück.\nBitte legen Sie das Medikament für mich zurück.\nBitte legen Sie das Medikament für mich zurück.\nBitte legen Sie das Medikament für mich zurück.\nBitte legen Sie das Medikament für mich zurück.\nBitte legen Sie das Medikament für mich zurück.\nBitte legen Sie das Medikament für mich zurück.\nBitte legen Sie das Medikament für mich zurück.\nBitte legen Sie das Medikament für mich zurück.\nBitte legen Sie das Medikament für mich zurück.\nBitte legen Sie das Medik
Benötigte Unterlagen\nSie benötigen\n* nach ärztlicher Rücksprache ein 'Grünes Rezept' oder ein Privatrezept\n* einen München-Pass;Was müssen Sie mitbringen?\n* Sie müssen ein Rezept mitbringen.\n  Das Rezept muss von einem Arzt sein.\n  Sie können ein grünes Rezept mitbringen.\n  Oder ein Privat-Rezept.\n* Sie müssen Ihren München-Pass mitbringen.
Frauen-Nacht-Taxi;Frauen-Nacht-Taxi\n\nSie sind eine Frau?\nSie fühlen sich nachts nicht sicher?\nDann können Sie das Frauen-Nacht-Taxi anrufen.\nDas Frauen-Nacht-Taxi fährt Sie nach Hause.\nDas Frauen-Nacht-Taxi fährt nur Frauen.\nDas Frauen-Nacht-Taxi fährt nur nachts.\nDas Frauen-Nacht-Taxi fährt nur in München.\nSie müssen vorher anrufen.\nSie müssen vorher einen Termin ausmachen.\nSie müssen vorher sagen:\nWo Sie abgeholt werden.\nUnd wohin Sie gefahren werden wollen.\nSie müssen vorher sagen:\nWann Sie abgeholt werden wollen.\nSie müssen vorher sagen:\nWie viele Frauen mitfahren.\nSie müssen vorher sagen:\nOb Sie einen Kinder-Sitz brauchen.\nDer Kinder-Sitz ist für ein Kind.\nDas Kind muss leichter als 36 Kilo sein.\nDas Kind muss kleiner als 1,50 Meter sein.\nDer Kinder-Sitz ist kostenlos.\nSie müssen vorher sagen:\nOb Sie einen Rollstuhl mitnehmen.\nDer Rollstuhl ist kostenlos.\nSie müssen vorher sagen:\nOb Sie einen Rollator mitnehmen.\nDer Rollator ist kostenlos.\nDer Rollator ist ein Geh-Hilfe.\nDer Rollator ist für Menschen.\nDie nicht gut gehen können.\nDer Rollator ist kostenlos.\nSie müssen vorher sagen:\nOb Sie einen Blinden-Hund mitnehmen.\nDer Blinden-Hund ist kostenlos.\nDer Blinden-Hund ist ein Assistenz-Hund.\nDer Assistenz-Hund ist für Menschen.\nDie nicht gut sehen können.\nDer Assistenz-Hund ist für Menschen.\nDie nicht gut hören können.\nDer Assistenz-Hund ist für Menschen.\nDie nicht gut gehen können.\nDer Assistenz-Hund ist für Menschen.\nDie nicht gut greifen können.\nDer Assistenz-Hund ist für Menschen.\nDie nicht gut sprechen können.\nDer Assistenz-Hund ist für Menschen.\nDie nicht gut denken können.\nDer Assistenz-Hund ist für Menschen.\nDie nicht gut fühlen können.\nDer Assistenz-Hund ist für Menschen.\nDie nicht gut riechen können.\nDer Assistenz-Hund ist für Menschen.\nDie nicht gut schmecken können.\nDer Assistenz-Hund ist für Menschen.\nDie nicht gut riechen können.\nDer Assistenz-Hund ist für Menschen.\nDie nicht gut schmecken können.\nDer Assistenz-Hund ist für Menschen.\nDie nicht gut riechen können.\nDer Assistenz-Hund ist für Menschen.\nDie nicht gut schmecken können.\nDer Assistenz-Hund ist für Menschen.\nDie nicht gut riechen können.\nDer Assistenz-Hund ist für Menschen.\nDie nicht gut schmecken können.\nDer Assistenz-Hund ist für Menschen.\nDie nicht gut riechen können.\nDer Assistenz-Hund ist für Menschen.\nDie nicht gut schmecken können.\nDer Assistenz-Hund ist für Menschen.\nDie nicht gut riechen können.\nDer Assistenz-Hund ist für Menschen.\nDie nicht gut schmecken können.\nDer Assistenz-Hund ist für Menschen.\nDie nicht gut riechen können.\nDer Assistenz-Hund ist für Menschen.\nDie nicht gut schmecken können.\nDer Assistenz-Hund ist für Menschen.\nDie nicht gut riechen können.\nDer Assistenz-Hund ist für Menschen.\nDie nicht gut schmecken können.\nDer Assistenz-Hund ist für Menschen.\nDie nicht gut riechen können.\nDer Assistenz-Hund ist für Menschen.\nDie nicht gut schmecken können.\nDer Assistenz-Hund ist für Menschen.\nDie nicht gut riechen können.\nDer Assistenz-Hund ist für Menschen.\nDie nicht gut schmecken können.\nDer Assistenz-Hund ist für Menschen.\nDie nicht gut riechen können.\nDer Assistenz-Hund ist für Menschen.\nDie nicht gut schmecken können.\nDer Assistenz-Hund ist für Menschen.\nDie nicht gut riechen können.\nDer Assistenz-Hund ist für Menschen.\nDie nicht gut schmecken können.\nDer Assistenz-Hund ist für Menschen.\nDie nicht gut riechen können.\nDer Assistenz-Hund ist für Menschen.\nDie nicht gut schmecken können.\nDer Assistenz-Hund ist für Menschen.\nDie nicht gut riechen können.\nDer Assistenz-Hund ist für Menschen.\nDie nicht gut schmecken können.\nDer Assistenz-Hund ist für Menschen.\nDie nicht gut riechen können.\nDer Assistenz-Hund ist für Menschen.\nDie nicht gut schmecken können.\nDer Assistenz-Hund ist für Menschen.\nDie nicht gut riechen können.\nDer Assistenz-Hund ist für Menschen.\nDie nicht gut schmecken können.\nDer Assistenz-Hund ist für Menschen.\nDie nicht gut riechen können.\nDer Assistenz-Hund ist für Menschen.\nDie nicht gut schmecken können.\nDer Assistenz-Hund ist für Menschen.\nDie nicht gut riechen können.\nDer Assistenz-Hund ist für Menschen.\nDie nicht gut schmecken können.\nDer Assistenz-Hund ist für Menschen.\nDie nicht gut riechen können.\nDer Assistenz-Hund ist für Menschen.\nDie nicht gut schmecken können.\nDer Assistenz-Hund ist für Menschen.\nDie nicht gut riechen können.\nDer Assistenz-Hund ist für Menschen.\nDie nicht gut schmecken können.\nDer Assistenz-Hund ist für Menschen.\nDie nicht gut riechen können.\nDer Assistenz-Hund ist für Menschen.\nDie nicht gut schmecken können.\nDer Assistenz-Hund ist für Menschen.\nDie nicht gut riechen können.\nDer Assistenz-Hund ist für Menschen.\nDie nicht gut schmecken können.\nDer Assistenz-Hund ist für Menschen.\nDie nicht gut riechen können.\nDer Assistenz-Hund ist für Menschen.\nDie nicht gut schmecken können.\nDer Assistenz-Hund ist für Menschen.\nDie nicht gut riechen können.\nDer Assistenz-Hund ist für Menschen.\nDie nicht gut schmecken können.\nDer Assistenz-Hund ist für Menschen.\nDie nicht gut riechen können.\nDer Assistenz-Hund ist für Menschen.\nDie nicht gut schmecken können.\nDer Assistenz-Hund ist für Menschen.\nDie nicht gut riechen können.\nDer Assistenz-Hund ist für Menschen.\nDie nicht gut schmecken können.\nDer Assistenz-Hund ist für Menschen.\nDie nicht gut riechen können.\nDer Assistenz-Hund ist für Menschen.\nDie nicht gut schmecken können.\nDer Assistenz-Hund ist für Menschen.\nDie nicht gut riechen können.\nDer Assistenz-Hund ist für Menschen.\nDie nicht gut schmecken können.\nDer Assistenz-Hund ist für Menschen.\nDie nicht gut riechen können.\nDer Assistenz-Hund ist für Menschen.\nDie nicht gut schmecken können.\nDer Assistenz-Hund ist für Menschen.\nDie nicht gut riechen können.\nDer Assistenz-Hund ist für Menschen.\nDie nicht gut schmecken können.\nDer Assistenz-Hund ist für Menschen.\nDie nicht gut riechen können.\nDer Assistenz-Hund ist für Menschen.\nDie nicht gut schmecken können.\nDer Assistenz-Hund ist für Menschen.\nDie nicht gut riechen können.\nDer Assistenz-Hund ist für Menschen.\nDie nicht gut schmecken können.\nDer Assistenz-Hund ist für Menschen.\nDie nicht gut riechen können.\nDer Assistenz-Hund ist für Menschen.\nDie nicht gut schmecken können.\nDer Assistenz-Hund ist für Menschen.\nDie nicht gut riechen können.\nDer Assistenz-Hund ist für Menschen.\nDie nicht gut schmecken können.\nDer Assistenz-Hund ist für Menschen.\nDie nicht gut riechen können.\nDer Assistenz-Hund ist für Menschen.\nDie nicht gut schmecken können.\nDer Assistenz-Hund ist für Menschen.\nDie nicht gut riechen können.\nDer Assistenz-Hund ist für Menschen.\nDie nicht gut schmecken können.\nDer Assistenz-Hund ist für Menschen.\nDie nicht gut riechen können.\nDer Assistenz-Hund ist für Menschen.\nDie nicht gut schmecken können.\nDer Assistenz-Hund ist für Menschen.\nDie nicht gut riechen können.\nDer Assistenz-Hund ist für Menschen.\nDie nicht gut schmecken können.\nDer Assistenz-Hund ist für Menschen.\nDie nicht gut riechen können.\nDer Assistenz-Hund ist für Menschen.\nDie nicht gut schmecken können.\nDer Assistenz-Hund ist für Menschen.\nDie nicht gut riechen können.\nDer Assistenz-Hund ist für Menschen.\nDie nicht gut schmecken können.\nDer Assistenz-Hund ist für Menschen.\nDie nicht gut riechen können.\nDer Assistenz-Hund ist für Menschen.\nDie nicht gut schmecken können.\nDer Assistenz-Hund ist für Menschen.\nDie nicht gut riechen können.\nDer Assistenz-Hund ist für Menschen.\nDie nicht gut schmecken können.\nDer Assistenz-Hund ist für Menschen.\nDie nicht gut riechen können.\nDer Assistenz-Hund ist für Menschen.\nDie nicht gut schmecken können.\nDer Assistenz-Hund ist für Menschen.\nDie nicht gut riechen können.\nDer Assistenz-Hund ist für Menschen.\nDie nicht gut schmecken können.\nDer Assistenz-Hund ist für Menschen.\nDie nicht gut riechen können.\nDer Assistenz-Hund ist für Menschen.\nDie nicht gut schmecken können.\nDer Assistenz-Hund ist für Menschen.\nDie nicht gut riechen können.\nDer Assistenz-Hund ist für Menschen.\nDie nicht gut schmecken können.\nDer Assistenz-Hund ist für Menschen.\nDie nicht gut riechen können.\nDer Assistenz-Hund ist für Menschen.\nDie nicht gut schmecken können.\nDer Assistenz-Hund ist für Menschen.\nDie nicht gut riechen können.\nDer Assistenz-Hund ist für Menschen.\nDie nicht gut schmecken können.\nDer Assistenz-Hund ist für Menschen.\nDie nicht gut riechen können.\nDer Assistenz-Hund ist für Menschen.\nDie nicht gut schmecken können.\nDer Assistenz-Hund ist für Menschen.\nDie nicht gut riechen können.\nDer Assistenz-Hund ist für Menschen.\nDie nicht gut schmecken können.\nDer Assistenz-Hund ist für Menschen.\nDie nicht gut riechen können.\nDer Assistenz-Hund ist für Menschen.\nDie nicht gut schmecken können.\nDer Assistenz-Hund ist für Menschen.\nDie nicht gut riechen können.\nDer Assistenz-Hund ist für Menschen.\nDie nicht gut schmecken können.\nDer Assistenz-Hund ist für Menschen.\nDie nicht gut riechen können.\nDer Assistenz-Hund ist für Menschen.\nDie nicht gut schmecken können.\nDer Assistenz-Hund ist für Menschen.\nDie nicht gut riechen können.\nDer Assistenz-Hund ist für Menschen.\nDie nicht gut schmecken können.\nDer Assistenz-Hund ist für Menschen.\nDie nicht gut riechen können.\nDer Assistenz-Hund ist für Menschen.\nDie nicht gut schmecken können.\nDer Assistenz-Hund ist für Menschen.\nDie nicht gut riechen können.\nDer Assistenz-Hund ist für Menschen.\nDie nicht gut schmecken können.\nDer Assistenz-Hund ist für Menschen.\nDie nicht gut riechen können.\nDer Assistenz-Hund ist für Menschen.\nDie nicht gut schmecken können.\nDer Assistenz-Hund ist für Menschen.\nDie nicht gut riechen können.\nDer Assistenz-Hund ist für Menschen.\nDie nicht gut schmecken können.\nDer Assistenz-Hund ist für Menschen.\nDie nicht gut riechen können.\nDer Assistenz-Hund ist für Menschen.\nDie nicht gut schmecken können.\nDer Assistenz-Hund ist für Menschen.\nDie nicht gut riechen können.\nDer Assistenz-Hund ist für Menschen.\nDie nicht gut schmecken können.\nDer Assistenz-Hund ist für Menschen.\nDie nicht gut riechen können.\nDer Assistenz-Hund ist für Menschen.\nDie nicht gut schmecken können.\nDer Assistenz-Hund ist für Menschen.\nDie nicht gut riechen können.\nDer Assistenz-Hund ist für Menschen.\nDie nicht gut schmecken können.\nDer Assistenz-Hund ist für Menschen.\nDie nicht gut riechen können.\nDer Assistenz-Hund ist für Menschen.\nDie nicht gut schmecken können.\nDer Assistenz-Hund ist für Menschen.\nDie nicht gut riechen können.\nDer Assistenz-Hund ist für Menschen.\nDie nicht gut schmecken können.\nDer Assistenz-Hund ist für Menschen.\nDie nicht gut riechen können.\nDer Assistenz-Hund ist für Menschen.\nDie nicht gut schmecken können.\nDer Assistenz-Hund ist für Menschen.\nDie nicht gut riechen können.\nDer Assistenz-Hund ist für Menschen.\nDie nicht gut schmecken können.\nDer Assistenz-Hund ist für Menschen.\nDie nicht gut riechen können.\nDer Assistenz-Hund ist für Menschen.\nDie nicht gut schmecken können.\nDer Assistenz-Hund ist für Menschen.\nDie nicht gut riechen können.\nDer Assistenz-Hund ist für Menschen.\nDie nicht gut schmecken können.\nDer Assistenz-Hund ist für Menschen.\nDie nicht gut riechen können.\nDer Assistenz-Hund ist für Menschen.\nDie nicht gut schmecken können.\nDer Assistenz-Hund ist für Menschen.\nDie nicht gut riechen können.\nDer Assistenz-Hund ist für Menschen.\nDie nicht gut schmecken können.\nDer Assistenz-Hund ist für Menschen.\nDie nicht gut riechen können.\nDer Assistenz-Hund ist für Menschen.\nDie nicht gut schmecken können.\nDer Assistenz-Hund ist für Menschen.\nDie nicht gut riechen können.\nDer Assistenz-Hund ist für Menschen.\nDie nicht gut schmecken können.\nDer Assistenz-Hund ist für Menschen.\nDie nicht gut riechen können.\nDer Assistenz-Hund ist für Menschen.\nDie nicht gut schmecken können.\nDer Assistenz-Hund ist für Menschen.\nDie nicht gut riechen können.\nDer Assistenz-Hund ist für Menschen.\nDie nicht gut schmecken können.\nDer Assistenz-Hund ist für Menschen.\nDie nicht gut riechen können.\nDer Assistenz-Hund ist für Menschen.\nDie nicht gut schmecken können.\nDer Assistenz-Hund ist für Menschen.\nDie nicht gut riechen können.\nDer Assistenz-Hund ist für Menschen.\nDie nicht gut schmecken können.\nDer Assistenz-Hund ist für Menschen.\nDie nicht gut riechen können.\nDer Assistenz-Hund ist für Menschen.\nDie nicht gut schmecken können.\nDer Assistenz-Hund ist für Menschen.\nDie nicht gut riechen können.\nDer Assistenz-Hund ist für Menschen.\nDie nicht gut schmecken können.\nDer Assistenz-Hund ist für Menschen.\nDie nicht gut riechen können.\nDer Assistenz-Hund ist für Menschen.\nDie nicht gut schmecken können.\nDer Assistenz-Hund ist für Menschen.\nDie nicht gut riechen können.\nDer Assistenz-Hund ist für Menschen.\nDie nicht gut schmecken können.\nDer Assistenz-Hund ist für Menschen.\nDie nicht gut riechen können.\nDer Assistenz-Hund ist für Menschen.\nDie nicht gut schmecken können.\nDer Assistenz-Hund ist für Menschen.\nDie nicht gut riechen können.\nDer Assistenz-Hund ist für Menschen.\nDie nicht gut schmecken können.\nDer Assistenz-Hund ist für Menschen.\nDie nicht gut riechen können.\nDer Assistenz-Hund ist für Menschen.\nDie nicht gut schmecken können.\nDer Assistenz-Hund ist für Menschen.\nDie nicht gut riechen können.\nDer Assistenz-Hund ist für Menschen.\nDie nicht gut schmecken können.\nDer Assistenz-Hund ist für Menschen.\nDie nicht gut riechen können.\nDer Assistenz-Hund ist für Menschen.\nDie nicht gut schmecken können.\nDer Assistenz-Hund ist für Menschen.\nDie nicht gut riechen können.\nDer Assistenz-Hund ist für Menschen.\nDie nicht gut schmecken können.\nDer Assistenz-Hund ist für Menschen.\nDie nicht gut riechen können.\nDer Assistenz-Hund ist für Menschen.\nDie nicht gut schmecken können.\nDer Assistenz-Hund ist für Menschen.\nDie nicht gut riechen können.\nDer Assistenz-Hund ist für Menschen.\nDie nicht gut schmecken können.\nDer Assistenz-Hund ist für Menschen.\nDie nicht gut riechen können.\nDer Assistenz-Hund ist für Menschen.\nDie nicht gut schmecken können.\nDer Assistenz-Hund ist für Menschen.\nDie nicht gut riechen können.\nDer Assistenz-Hund ist für Menschen.\nDie nicht gut schmecken können.\nDer Assistenz-Hund ist für Menschen.\nDie nicht gut riechen können.\nDer Assistenz-Hund ist für Menschen.\nDie nicht gut schmecken können.\nDer Assistenz-Hund ist für Menschen.\nDie nicht gut riechen können.\nDer Assistenz-Hund ist für Menschen.\nDie nicht gut schmecken können.\nDer Assistenz-Hund ist für Menschen.\nDie nicht gut riechen können.\nDer Assistenz-Hund ist für Menschen.\nDie nicht gut schmecken können.\nDer Assistenz-Hund ist für Menschen.\nDie nicht gut riechen können.\nDer Assistenz-Hund ist für Menschen.\nDie nicht gut schmecken können.\nDer Assistenz-Hund ist für Menschen.\nDie nicht gut riechen können.\nDer Assistenz-Hund ist für Menschen.\nDie nicht gut schmecken können.\nDer Assistenz-Hund ist für Menschen.\nDie nicht gut riechen können.\nDer Assistenz-Hund ist für Menschen.\nDie nicht gut schmecken können.\nDer Assistenz-Hund ist für Menschen.\nDie nicht gut riechen können.\nDer Assistenz-Hund ist für Menschen.\nDie nicht gut schmecken können.\nDer Assistenz-Hund ist für Menschen.\nDie nicht gut riechen können.\nDer Assistenz-Hund ist für Menschen.\nDie nicht gut schmecken können.\nDer Assistenz-Hund ist für Menschen.\nDie nicht gut riechen können.\nDer Assistenz-Hund ist für Menschen.\nDie nicht gut schmecken können.\nDer Assistenz-Hund ist für Menschen.\nDie nicht gut riechen können.\nDer Assistenz-Hund ist für Menschen.\nDie nicht gut schmecken können.\nDer Assistenz-Hund ist für Menschen.\nDie nicht gut riechen können.\nDer Assistenz-Hund ist für Menschen.\nDie nicht gut schmecken können.\nDer Assistenz-Hund ist für Menschen.\nDie nicht gut riechen können.\nDer Assistenz-Hund ist für Menschen.\nDie nicht gut schmecken können.\nDer Assistenz-Hund ist für Menschen.\nDie nicht gut riechen können.\nDer Assistenz-Hund ist für Menschen.\nDie nicht gut schmecken können.\nDer Assistenz-Hund ist für Menschen.\nDie nicht gut riechen können.\nDer Assistenz-Hund ist für Menschen.\nDie nicht gut schmecken können.\nDer Assistenz-Hund ist für Menschen.\nDie nicht gut riechen können.\nDer Assistenz-Hund ist für Menschen.\nDie nicht gut schmecken können.\nDer Assistenz-Hund ist für Menschen.\nDie nicht gut riechen können.\nDer Assistenz-Hund ist für Menschen.\nDie nicht gut schmecken können.\nDer Assistenz-Hund ist für Menschen.\nDie nicht gut riechen können.\nDer Assistenz-Hund ist für Menschen.\nDie nicht gut schmecken können.\nDer Assistenz-Hund ist für Menschen.\nDie nicht gut riechen können.\nDer Assistenz-Hund ist für
Frauen werden bei Taxifahrten zwischen 22 Uhr und 6 Uhr in München durch ein Gutscheinsystem finanziell unterstützt.;Frauen bekommen in München nachts Hilfe bei Taxi-Fahrten.\nDas heißt:\nWenn eine Frau nachts ein Taxi braucht,\ndann bekommt sie Geld von der Stadt München.\nDas Geld ist ein Zuschuss.\nDer Zuschuss ist für die Taxi-Fahrt.\nDer Zuschuss ist für Frauen ab 16 Jahren.\nDer Zuschuss ist für Frauen mit wenig Geld.\nDer Zuschuss ist für Frauen mit Behinderung.\nDer Zuschuss ist für Frauen mit einer Krankheit.\nDer Zuschuss ist für Frauen mit einer Schwangerschaft.\nDer Zuschuss ist für Frauen mit einem kleinen Kind.\nDer Zuschuss ist für Frauen mit einem kleinen Kind.\nDer Zuschuss ist für Frauen mit einem kleinen Kind.\nDer Zuschuss ist für Frauen mit einem kleinen Kind.\nDer Zuschuss ist für Frauen mit einem kleinen Kind.\nDer Zuschuss ist für Frauen mit einem kleinen Kind.\nDer Zuschuss ist für Frauen mit einem kleinen Kind.\nDer Zuschuss ist für Frauen mit einem kleinen Kind.\nDer Zuschuss ist für Frauen mit einem kleinen Kind.\nDer Zuschuss ist für Frauen mit einem kleinen Kind.\nDer Zuschuss ist für Frauen mit einem kleinen Kind.\nDer Zuschuss ist für Frauen mit einem kleinen Kind.\nDer Zuschuss ist für Frauen mit einem kleinen Kind.\nDer Zuschuss ist für Frauen mit einem kleinen Kind.\nDer Zuschuss ist für Frauen mit einem kleinen Kind.\nDer Zuschuss ist für Frauen mit einem kleinen Kind.\nDer Zuschuss ist für Frauen mit einem kleinen Kind.\nDer Zuschuss ist für Frauen mit einem kleinen Kind.\nDer Zuschuss ist für Frauen mit einem kleinen Kind.\nDer Zuschuss ist für Frauen mit einem kleinen Kind.\nDer Zuschuss ist für Frauen mit einem kleinen Kind.\nDer Zuschuss ist für Frauen mit einem kleinen Kind.\nDer Zuschuss ist für Frauen mit einem kleinen Kind.\nDer Zuschuss ist für Frauen mit einem kleinen Kind.\nDer Zuschuss ist für Frauen mit einem kleinen Kind.\nDer Zuschuss ist für Frauen mit einem kleinen Kind.\nDer Zuschuss ist für Frauen mit einem kleinen Kind.\nDer Zuschuss ist für Frauen mit einem kleinen Kind.\nDer Zuschuss ist für Frauen mit einem kleinen Kind.\nDer Zuschuss ist für Frauen mit einem kleinen Kind.\nDer Zuschuss ist für Frauen mit einem kleinen Kind.\nDer Zuschuss ist für Frauen mit einem kleinen Kind.\nDer Zuschuss ist für Frauen mit einem kleinen Kind.\nDer Zuschuss ist für Frauen mit einem kleinen Kind.\nDer Zuschuss ist für Frauen mit einem kleinen Kind.\nDer Zuschuss ist für Frauen mit einem kleinen Kind.\nDer Zuschuss ist für Frauen mit einem kleinen Kind.\nDer Zuschuss ist für Frauen mit einem kleinen Kind.\nDer Zuschuss ist für Frauen mit einem kleinen Kind.\nDer Zuschuss ist für Frauen mit einem kleinen Kind.\nDer Zuschuss ist für Frauen mit einem kleinen Kind.\nDer Zuschuss ist für Frauen mit einem kleinen Kind.\nDer Zuschuss ist für Frauen mit einem kleinen Kind.\nDer Zuschuss ist für Frauen mit einem kleinen Kind.\nDer Zuschuss ist für Frauen mit einem kleinen Kind.\nDer Zuschuss ist für Frauen mit einem kleinen Kind.\nDer Zuschuss ist für Frauen mit einem kleinen Kind.\nDer Zuschuss ist für Frauen mit einem kleinen Kind.\nDer Zuschuss ist für Frauen mit einem kleinen Kind.\nDer Zuschuss ist für Frauen mit einem kleinen Kind.\nDer Zuschuss ist für Frauen mit einem kleinen Kind.\nDer Zuschuss ist für Frauen mit einem kleinen Kind.\nDer Zuschuss ist für Frauen mit einem kleinen Kind.\nDer Zuschuss ist für Frauen mit einem kleinen Kind.\nDer Zuschuss ist für Frauen mit einem kleinen Kind.\nDer Zuschuss ist für Frauen mit einem kleinen Kind.\nDer Zuschuss ist für Frauen mit einem kleinen Kind.\nDer Zuschuss ist für Frauen mit einem kleinen Kind.\nDer Zuschuss ist für Frauen mit einem kleinen Kind.\nDer Zuschuss ist für Frauen mit einem kleinen Kind.\nDer Zuschuss ist für Frauen mit einem kleinen Kind.\nDer Zuschuss ist für Frauen mit einem kleinen Kind.\nDer Zuschuss ist für Frauen mit einem kleinen Kind.\nDer Zuschuss ist für Frauen mit einem kleinen Kind.\nDer Zuschuss ist für Frauen mit einem kleinen Kind.\nDer Zuschuss ist für Frauen mit einem kleinen Kind.\nDer Zuschuss ist für Frauen mit einem kleinen Kind.\nDer Zuschuss ist für Frauen mit einem kleinen Kind.\nDer Zuschuss ist für Frauen mit einem kleinen Kind.\nDer Zuschuss ist für Frauen mit einem kleinen Kind.\nDer Zuschuss ist für Frauen mit einem kleinen Kind.\nDer Zuschuss ist für Frauen mit einem kleinen Kind.\nDer Zuschuss ist für Frauen mit einem kleinen Kind.\nDer Zuschuss ist für Frauen mit einem kleinen Kind.\nDer Zuschuss ist für Frauen mit einem kleinen Kind.\nDer Zuschuss ist für Frauen mit einem kleinen Kind.\nDer Zuschuss ist für Frauen mit einem kleinen Kind.\nDer Zuschuss ist für Frauen mit einem kleinen Kind.\nDer Zuschuss ist für Frauen mit einem kleinen Kind.\nDer Zuschuss ist für Frauen mit einem kleinen Kind.\nDer Zuschuss ist für Frauen mit einem kleinen Kind.\nDer Zuschuss ist für Frauen mit einem kleinen Kind.\nDer Zuschuss ist für Frauen mit einem kleinen Kind.\nDer Zuschuss ist für Frauen mit einem kleinen Kind.\nDer Zuschuss ist für Frauen mit einem kleinen Kind.\nDer Zuschuss ist für Frauen mit einem kleinen Kind.\nDer Zuschuss ist für Frauen mit einem kleinen Kind.\nDer Zuschuss ist für Frauen mit einem kleinen Kind.\nDer Zuschuss ist für Frauen mit einem kleinen Kind.\nDer Zuschuss ist für Frauen mit einem kleinen Kind.\nDer Zuschuss ist für Frauen mit einem kleinen Kind.\nDer Zuschuss ist für Frauen mit einem kleinen Kind.\nDer Zuschuss ist für Frauen mit einem kleinen Kind.\nDer Zuschuss ist für Frauen mit einem kleinen Kind.\nDer Zuschuss ist für Frauen mit einem kleinen Kind.\nDer Zuschuss ist für Frauen mit einem kleinen Kind.\nDer Zuschuss ist für Frauen mit einem kleinen Kind.\nDer Zuschuss ist für Frauen mit einem kleinen Kind.\nDer Zuschuss ist für Frauen mit einem kleinen Kind.\nDer Zuschuss ist für Frauen mit einem kleinen Kind.\nDer Zuschuss ist für Frauen mit einem kleinen Kind.\nDer Zuschuss ist für Frauen mit einem kleinen Kind.\nDer Zuschuss ist für Frauen mit einem kleinen Kind.\nDer Zuschuss ist für Frauen mit einem kleinen Kind.\nDer Zuschuss ist für Frauen mit einem kleinen Kind.\nDer Zuschuss ist für Frauen mit einem kleinen Kind.\nDer Zuschuss ist für Frauen mit einem kleinen Kind.\nDer Zuschuss ist für Frauen mit einem kleinen Kind.\nDer Zuschuss ist für Frauen mit einem kleinen Kind.\nDer Zuschuss ist für Frauen mit einem kleinen Kind.\nDer Zuschuss ist für Frauen mit einem kleinen Kind.\nDer Zuschuss ist für Frauen mit einem kleinen Kind.\nDer Zuschuss ist für Frauen mit einem kleinen Kind.\nDer Zuschuss ist für Frauen mit einem kleinen Kind.\nDer Zuschuss ist für Frauen mit einem kleinen Kind.\nDer Zuschuss ist für Frauen mit einem kleinen Kind.\nDer Zuschuss ist für Frauen mit einem kleinen Kind.\nDer Zuschuss ist für Frauen mit einem kleinen Kind.\nDer Zuschuss ist für Frauen mit einem kleinen Kind.\nDer Zuschuss ist für Frauen mit einem kleinen Kind.\nDer Zuschuss ist für Frauen mit einem kleinen Kind.\nDer Zuschuss ist für Frauen mit einem kleinen Kind.\nDer Zuschuss ist für Frauen mit einem kleinen Kind.\nDer Zuschuss ist für Frauen mit einem kleinen Kind.\nDer Zuschuss ist für Frauen mit einem kleinen Kind.\nDer Zuschuss ist für Frauen mit einem kleinen Kind.\nDer Zuschuss ist für Frauen mit einem kleinen Kind.\nDer Zuschuss ist für Frauen mit einem kleinen Kind.\nDer Zuschuss ist für Frauen mit einem kleinen Kind.\nDer Zuschuss ist für Frauen mit einem kleinen Kind.\nDer Zuschuss ist für Frauen mit einem kleinen Kind.\nDer Zuschuss ist für Frauen mit einem kleinen Kind.\nDer Zuschuss ist für Frauen mit einem kleinen Kind.\nDer Zuschuss ist für Frauen mit einem kleinen Kind.\nDer Zuschuss ist für Frauen mit einem kleinen Kind.\nDer Zuschuss ist für Frauen mit einem kleinen Kind.\nDer Zuschuss ist für Frauen mit einem kleinen Kind.\nDer Zuschuss ist für Frauen mit einem kleinen Kind.\nDer Zuschuss ist für Frauen mit einem kleinen Kind.\nDer Zuschuss ist für Frauen mit einem kleinen Kind.\nDer Zuschuss ist für Frauen mit einem kleinen Kind.\nDer Zuschuss ist für Frauen mit einem kleinen Kind.\nDer Zuschuss ist für Frauen mit einem kleinen Kind.\nDer Zuschuss ist für Frauen mit einem kleinen Kind.\nDer Zuschuss ist für Frauen mit einem kleinen Kind.\nDer Zuschuss ist für Frauen mit einem kleinen Kind.\nDer Zuschuss ist für Frauen mit einem kleinen Kind.\nDer Zuschuss ist für Frauen mit einem kleinen Kind.\nDer Zuschuss ist für Frauen mit einem kleinen Kind.\nDer Zuschuss ist für Frauen mit einem kleinen Kind.\nDer Zuschuss ist für Frauen mit einem kleinen Kind.\nDer Zuschuss ist für Frauen mit einem kleinen Kind.\nDer Zuschuss ist für Frauen mit einem kleinen Kind.\nDer Zuschuss ist für Frauen mit einem kleinen Kind.\nDer Zuschuss ist für Frauen mit einem kleinen Kind.\nDer Zuschuss ist für Frauen mit einem kleinen Kind.\nDer Zuschuss ist für Frauen mit einem kleinen Kind.\nDer Zuschuss ist für Frauen mit einem kleinen Kind.\nDer Zuschuss ist für Frauen mit einem kleinen Kind.\nDer Zuschuss ist für Frauen mit einem kleinen Kind.\nDer Zuschuss ist für Frauen mit einem kleinen Kind.\nDer Zuschuss ist für Frauen mit einem kleinen Kind.\nDer Zuschuss ist für Frauen mit einem kleinen Kind.\nDer Zuschuss ist für Frauen mit einem kleinen Kind.\nDer Zuschuss ist für Frauen mit einem kleinen Kind.\nDer Zuschuss ist für Frauen mit einem kleinen Kind.\nDer Zuschuss ist für Frauen mit einem kleinen Kind.\nDer Zuschuss ist für Frauen mit einem kleinen Kind.\nDer Zuschuss ist für Frauen mit einem kleinen Kind.\nDer Zuschuss ist für Frauen mit einem kleinen Kind.\nDer Zuschuss ist für Frauen mit einem kleinen Kind.\nDer Zuschuss ist für Frauen mit einem kleinen Kind.\nDer Zuschuss ist für Frauen mit einem kleinen Kind.\nDer Zuschuss ist für Frauen mit einem kleinen Kind.\nDer Zuschuss ist für Frauen mit einem kleinen Kind.\nDer Zuschuss ist für Frauen mit einem kleinen Kind.\nDer Zuschuss ist für Frauen mit einem kleinen Kind.\nDer Zuschuss ist für Frauen mit einem kleinen Kind.\nDer Zuschuss ist für Frauen mit einem kleinen Kind.\nDer Zuschuss ist für Frauen mit einem kleinen Kind.\nDer Zuschuss ist für Frauen mit einem kleinen Kind.\nDer Zuschuss ist für Frauen mit einem kleinen Kind.\nDer Zuschuss ist für Frauen mit einem kleinen Kind.\nDer Zuschuss ist für Frauen mit einem kleinen Kind.\nDer Zuschuss ist für Frauen mit einem kleinen Kind.\nDer Zuschuss ist für Frauen mit einem kleinen Kind.\nDer Zuschuss ist für Frauen mit einem kleinen Kind.\nDer Zuschuss ist für Frauen mit einem kleinen Kind.\nDer Zuschuss ist für Frauen mit einem kleinen Kind.\nDer Zuschuss ist für Frauen mit einem kleinen Kind.\nDer Zuschuss ist für Frauen mit einem kleinen Kind.\nDer Zuschuss ist für Frauen mit einem kleinen Kind.\nDer Zuschuss ist für Frauen mit einem kleinen Kind.\nDer Zuschuss ist für Frauen mit einem kleinen Kind.\nDer Zuschuss ist für Frauen mit einem kleinen Kind.\nDer Zuschuss ist für Frauen mit einem kleinen Kind.\nDer Zuschuss ist für Frauen mit einem kleinen Kind.\nDer Zuschuss ist für Frauen mit einem kleinen Kind.\nDer Zuschuss ist für Frauen mit einem kleinen Kind.\nDer Zuschuss ist für Frauen mit einem kleinen Kind.\nDer Zuschuss ist für Frauen mit einem kleinen Kind.\nDer Zuschuss ist für Frauen mit einem kleinen Kind.\nDer Zuschuss ist für Frauen mit einem kleinen Kind.\nDer Zuschuss ist für Frauen mit einem kleinen Kind.\nDer Zuschuss ist für Frauen mit einem kleinen Kind.\nDer Zuschuss ist für Frauen mit einem kleinen Kind.\nDer Zuschuss ist für Frauen mit einem kleinen Kind.\nDer Zuschuss ist für Frauen mit einem kleinen Kind.\nDer Zuschuss ist für Frauen mit einem kleinen Kind.\nDer Zuschuss ist für Frauen mit einem kleinen Kind.\nDer Zuschuss ist für Frauen mit einem kleinen Kind.\nDer Zuschuss ist für Frauen mit einem kleinen Kind.\nDer Zuschuss ist für Frauen mit einem kleinen Kind.\nDer Zuschuss ist für Frauen mit einem kleinen Kind.\nDer Zuschuss ist für Frauen mit einem kleinen Kind.\nDer Zuschuss ist für Frauen mit einem kleinen Kind.\nDer Zuschuss ist für Frauen mit einem kleinen Kind.\nDer Zuschuss ist für Frauen mit einem kleinen Kind.\nDer Zuschuss ist für Frauen mit einem kleinen Kind.\nDer Zuschuss ist für Frauen mit einem kleinen Kind.\nDer Zuschuss ist für Frauen mit einem kleinen Kind.\nDer Zuschuss ist für Frauen mit einem kleinen Kind.\nDer Zuschuss ist für Frauen mit einem kleinen Kind.\nDer Zuschuss ist für Frauen mit einem kleinen Kind.\nDer Zuschuss ist für Frauen mit einem kleinen Kind.\nDer Zuschuss ist für Frauen mit einem kleinen Kind.\nDer Zuschuss ist für Frauen mit einem kleinen Kind.\nDer Zuschuss ist für Frauen mit einem kleinen Kind.\nDer Zuschuss ist für Frauen mit einem kleinen Kind.\nDer Zuschuss ist für Frauen mit einem kleinen Kind.\nDer Zuschuss ist für Frauen mit einem kleinen Kind.\nDer Zuschuss ist für Frauen mit einem kleinen Kind.\nDer Zuschuss ist für Frauen mit einem kleinen Kind.\nDer Zuschuss ist für Frauen mit einem kleinen Kind.\nDer Zuschuss ist für Frauen mit einem kleinen Kind.\nDer Zuschuss ist für Frauen mit einem kleinen Kind.\nDer Zuschuss ist für Frauen mit einem kleinen Kind.\nDer Zuschuss ist für Frauen mit einem kleinen Kind.\nDer Zuschuss ist für Frauen mit einem kleinen Kind.\nDer Zuschuss ist für Frauen mit einem kleinen Kind.\nDer Zuschuss ist für Frauen mit einem kleinen Kind.\nDer Zuschuss ist für Frauen mit einem kleinen Kind.\nDer Zuschuss ist für Frauen mit einem kleinen Kind.\nDer Zuschuss ist für Frauen mit einem kleinen Kind.\nDer Zuschuss ist für Frauen mit einem kleinen Kind.\nDer Zuschuss ist für Frauen mit einem kleinen Kind.\nDer Zuschuss ist für Frauen mit einem kleinen Kind.\nDer Zuschuss ist für Frauen mit einem kleinen Kind.\nDer Zuschuss ist für Frauen mit einem kleinen Kind.\nDer Zuschuss ist für Frauen mit einem kleinen Kind.\nDer Zuschuss ist für Frauen mit einem kleinen Kind.\nDer Zuschuss ist für Frauen mit einem kleinen Kind.\nDer Zuschuss ist für Frauen mit einem kleinen Kind.\nDer Zuschuss ist für Frauen mit einem kleinen Kind.\nDer Zuschuss ist für Frauen mit einem kleinen Kind.\nDer Zuschuss ist für Frauen mit einem kleinen Kind.\nDer Zuschuss ist für Frauen mit einem kleinen Kind.\nDer Zuschuss ist für Frauen mit einem kleinen Kind.\nDer Zuschuss ist für Frauen mit einem kleinen Kind.\nDer Zuschuss ist für Frauen mit einem kleinen Kind.\nDer Zuschuss ist für Frauen mit einem kleinen Kind.\nDer Zuschuss ist für Frauen mit einem kleinen Kind.\nDer Zuschuss ist für Frauen mit einem kleinen Kind.\nDer Zuschuss ist für Frauen mit einem kleinen Kind.\nDer Zuschuss ist für Frauen mit einem kleinen Kind.\nDer Zuschuss ist für Frauen mit einem kleinen Kind.\nDer Zuschuss ist für Frauen mit einem kleinen Kind.\nDer Zuschuss ist für Frauen mit einem kleinen Kind.\nDer Zuschuss ist für Frauen mit einem kleinen Kind.\nDer Zuschuss ist für Frauen mit einem kleinen Kind.\nDer Zuschuss ist für Frauen mit einem kleinen Kind.\nDer Zuschuss ist für Frauen mit einem kleinen Kind.\nDer Zuschuss ist für Frauen mit einem kleinen Kind.\nDer Zuschuss ist für Frauen mit einem kleinen Kind.\nDer Zuschuss ist für Frauen mit einem kleinen Kind.\nDer Zuschuss ist für Frauen mit einem kleinen Kind.\nDer Zuschuss ist für Frauen mit einem kleinen Kind.\nDer Zuschuss ist für Frauen mit einem kleinen Kind.\nDer Zuschuss ist für Frauen mit einem kleinen Kind.\nDer Zuschuss ist für Frauen mit einem kleinen Kind.\nDer Zuschuss ist für Frauen mit einem kleinen Kind.\nDer Zuschuss ist für Frauen mit einem kleinen Kind.\nDer Zuschuss ist für Frauen mit einem kleinen Kind.\nDer Zuschuss ist für Frauen mit einem kleinen Kind.\nDer Zuschuss ist für Frauen mit einem kleinen Kind.\nDer Zuschuss ist für Frauen mit einem kleinen Kind.\nDer Zuschuss ist für Frauen mit einem kleinen Kind.\nDer Zuschuss ist für Frauen mit einem kleinen Kind.\nDer Zuschuss ist für Frauen mit einem kleinen Kind.\nDer Zuschuss ist für Frauen mit einem kleinen Kind.\nDer Zuschuss ist für Frauen mit einem kleinen Kind.\nDer Zuschuss ist für Frauen mit einem kleinen Kind.\nDer Zuschuss ist für Frauen mit einem kleinen Kind.\nDer Zuschuss ist für Frauen mit einem kleinen Kind.\nDer Zuschuss ist für Frauen mit einem kleinen Kind.\nDer Zuschuss ist für Frauen mit einem kleinen Kind.\nDer Zuschuss ist für Frauen mit einem kleinen Kind.\nDer Zuschuss ist für Frauen mit einem kleinen Kind.\nDer Zuschuss ist für Frauen mit einem kleinen Kind.\nDer Zuschuss ist für Frauen mit einem kleinen Kind.\nDer Zuschuss ist für Frauen mit einem kleinen Kind.\nDer Zuschuss ist für Frauen mit einem kleinen Kind.\nDer Zuschuss ist für Frauen mit einem kleinen Kind.\nDer Zuschuss ist für Frauen mit einem kleinen Kind.\nDer Zuschuss ist für Frauen mit einem kleinen Kind.\nDer Zuschuss ist für Frauen mit einem kleinen Kind.\nDer Zuschuss ist für Frauen mit einem kleinen Kind.\nDer Zuschuss ist für Frauen mit einem kleinen Kind.\nDer Zuschuss ist für Frauen mit einem kleinen Kind.\nDer Zuschuss ist für Frauen mit einem kleinen Kind.\nDer Zuschuss ist für Frauen mit einem kleinen Kind.\nDer Zuschuss ist für Frauen mit einem kleinen Kind.\nDer Zuschuss ist für Frauen mit einem kleinen Kind.\nDer Zuschuss ist für Frauen mit einem kleinen Kind.\nDer Zuschuss ist für Frauen mit einem kleinen Kind.\nDer Zuschuss ist für Frauen mit einem kleinen Kind.\nDer Zuschuss ist für Frauen mit einem kleinen Kind.\nDer Zuschuss ist für Frauen mit einem kleinen Kind.\nDer Zuschuss ist für Frauen mit einem kleinen Kind.\nDer Zuschuss ist für Frauen mit einem kleinen Kind.\nDer Zuschuss ist für Frauen mit einem kleinen Kind.\nDer Zuschuss ist für Frauen mit einem kleinen Kind.\nDer Zuschuss ist für Frauen mit einem kleinen Kind.\nDer Zuschuss ist für Frauen mit einem kleinen Kind.\nDer Zuschuss ist für Frauen mit einem kleinen Kind.\nDer Zuschuss ist für Frauen mit einem kleinen Kind.\nDer Zuschuss ist für Frauen mit einem kleinen Kind.\nDer Zuschuss ist für Frauen mit einem kleinen Kind.\nDer Zuschuss ist für Frauen mit einem kleinen Kind.\nDer Zuschuss ist für Frauen mit einem kleinen Kind.\nDer Zuschuss ist für Frauen mit einem kleinen Kind.\nDer Zuschuss ist
Das Gutscheinsystem unterstützt Frauen finanziell bei einer nächtlichen Taxifahrt in München. Zwischen 22 Uhr und 6 Uhr können Frauen pro Autofahrt einen Wertgutschein in Höhe von fünf Euro einlösen, wenn sie sich zu einer Wohnadresse fahren. Pro Fahrt kann ein Gutschein eingereicht werden, dies gilt auch wenn mehrere Frauen gemeinsam ein Taxi nutzen.;Das Frauen-Taxi ist ein Taxi nur für Frauen.\nDas Frauen-Taxi fährt Sie nach Hause.\nDas Frauen-Taxi fährt Sie nur nachts.\nDas Frauen-Taxi fährt Sie nur in München.\nNachts ist es zwischen 22 Uhr abends und 6 Uhr morgens.\nSie können das Frauen-Taxi anrufen.\nSie können das Frauen-Taxi vorher bestellen.\nSie können das Frauen-Taxi nicht an der Straße anhalten.\nSie können das Frauen-Taxi nicht mit einer Taxi-Zentrale bestellen.\nSie können das Frauen-Taxi nur mit einem Taxi-Gutschein benutzen.\nSie können den Taxi-Gutschein nur für eine Fahrt benutzen.\nSie können den Taxi-Gutschein nur für eine Fahrt benutzen.\nSie können den Taxi-Gutschein nur für eine Fahrt benutzen.\nSie können den Taxi-Gutschein nur für eine Fahrt benutzen.\nSie können den Taxi-Gutschein nur für eine Fahrt benutzen.\nSie können den Taxi-Gutschein nur für eine Fahrt benutzen.\nSie können den Taxi-Gutschein nur für eine Fahrt benutzen.\nSie können den Taxi-Gutschein nur für eine Fahrt benutzen.\nSie können den Taxi-Gutschein nur für eine Fahrt benutzen.\nSie können den Taxi-Gutschein nur für eine Fahrt benutzen.\nSie können den Taxi-Gutschein nur für eine Fahrt benutzen.\nSie können den Taxi-Gutschein nur für eine Fahrt benutzen.\nSie können den Taxi-Gutschein nur für eine Fahrt benutzen.\nSie können den Taxi-Gutschein nur für eine Fahrt benutzen.\nSie können den Taxi-Gutschein nur für eine Fahrt benutzen.\nSie können den Taxi-Gutschein nur für eine Fahrt benutzen.\nSie können den Taxi-Gutschein nur für eine Fahrt benutzen.\nSie können den Taxi-Gutschein nur für eine Fahrt benutzen.\nSie können den Taxi-Gutschein nur für eine Fahrt benutzen.\nSie können den Taxi-Gutschein nur für eine Fahrt benutzen.\nSie können den Taxi-Gutschein nur für eine Fahrt benutzen.\nSie können den Taxi-Gutschein nur für eine Fahrt benutzen.\nSie können den Taxi-Gutschein nur für eine Fahrt benutzen.\nSie können den Taxi-Gutschein nur für eine Fahrt benutzen.\nSie können den Taxi-Gutschein nur für eine Fahrt benutzen.\nSie können den Taxi-Gutschein nur für eine Fahrt benutzen.\nSie können den Taxi-Gutschein nur für eine Fahrt benutzen.\nSie können den Taxi-Gutschein nur für eine Fahrt benutzen.\nSie können den Taxi-Gutschein nur für eine Fahrt benutzen.\nSie können den Taxi-Gutschein nur für eine Fahrt benutzen.\nSie können den Taxi-Gutschein nur für eine Fahrt benutzen.\nSie können den Taxi-Gutschein nur für eine Fahrt benutzen.\nSie können den Taxi-Gutschein nur für eine Fahrt benutzen.\nSie können den Taxi-Gutschein nur für eine Fahrt benutzen.\nSie können den Taxi-Gutschein nur für eine Fahrt benutzen.\nSie können den Taxi-Gutschein nur für eine Fahrt benutzen.\nSie können den Taxi-Gutschein nur für eine Fahrt benutzen.\nSie können den Taxi-Gutschein nur für eine Fahrt benutzen.\nSie können den Taxi-Gutschein nur für eine Fahrt benutzen.\nSie können den Taxi-Gutschein nur für eine Fahrt benutzen.\nSie können den Taxi-Gutschein nur für eine Fahrt benutzen.\nSie können den Taxi-Gutschein nur für eine Fahrt benutzen.\nSie können den Taxi-Gutschein nur für eine Fahrt benutzen.\nSie können den Taxi-Gutschein nur für eine Fahrt benutzen.\nSie können den Taxi-Gutschein nur für eine Fahrt benutzen.\nSie können den Taxi-Gutschein nur für eine Fahrt benutzen.\nSie können den Taxi-Gutschein nur für eine Fahrt benutzen.\nSie können den Taxi-Gutschein nur für eine Fahrt benutzen.\nSie können den Taxi-Gutschein nur für eine Fahrt benutzen.\nSie können den Taxi-Gutschein nur für eine Fahrt benutzen.\nSie können den Taxi-Gutschein nur für eine Fahrt benutzen.\nSie können den Taxi-Gutschein nur für eine Fahrt benutzen.\nSie können den Taxi-Gutschein nur für eine Fahrt benutzen.\nSie können den Taxi-Gutschein nur für eine Fahrt benutzen.\nSie können den Taxi-Gutschein nur für eine Fahrt benutzen.\nSie können den Taxi-Gutschein nur für eine Fahrt benutzen.\nSie können den Taxi-Gutschein nur für eine Fahrt benutzen.\nSie können den Taxi-Gutschein nur für eine Fahrt benutzen.\nSie können den Taxi-Gutschein nur für eine Fahrt benutzen.\nSie können den Taxi-Gutschein nur für eine Fahrt benutzen.\nSie können den Taxi-Gutschein nur für eine Fahrt benutzen.\nSie können den Taxi-Gutschein nur für eine Fahrt benutzen.\nSie können den Taxi-Gutschein nur für eine Fahrt benutzen.\nSie können den Taxi-Gutschein nur für eine Fahrt benutzen.\nSie können den Taxi-Gutschein nur für eine Fahrt benutzen.\nSie können den Taxi-Gutschein nur für eine Fahrt benutzen.\nSie können den Taxi-Gutschein nur für eine Fahrt benutzen.\nSie können den Taxi-Gutschein nur für eine Fahrt benutzen.\nSie können den Taxi-Gutschein nur für eine Fahrt benutzen.\nSie können den Taxi-Gutschein nur für eine Fahrt benutzen.\nSie können den Taxi-Gutschein nur für eine Fahrt benutzen.\nSie können den Taxi-Gutschein nur für eine Fahrt benutzen.\nSie können den Taxi-Gutschein nur für eine Fahrt benutzen.\nSie können den Taxi-Gutschein nur für eine Fahrt benutzen.\nSie können den Taxi-Gutschein nur für eine Fahrt benutzen.\nSie können den Taxi-Gutschein nur für eine Fahrt benutzen.\nSie können den Taxi-Gutschein nur für eine Fahrt benutzen.\nSie können den Taxi-Gutschein nur für eine Fahrt benutzen.\nSie können den Taxi-Gutschein nur für eine Fahrt benutzen.\nSie können den Taxi-Gutschein nur für eine Fahrt benutzen.\nSie können den Taxi-Gutschein nur für eine Fahrt benutzen.\nSie können den Taxi-Gutschein nur für eine Fahrt benutzen.\nSie können den Taxi-Gutschein nur für eine Fahrt benutzen.\nSie können den Taxi-Gutschein nur für eine Fahrt benutzen.\nSie können den Taxi-Gutschein nur für eine Fahrt benutzen.\nSie können den Taxi-Gutschein nur für eine Fahrt benutzen.\nSie können den Taxi-Gutschein nur für eine Fahrt benutzen.\nSie können den Taxi-Gutschein nur für eine Fahrt benutzen.\nSie können den Taxi-Gutschein nur für eine Fahrt benutzen.\nSie können den Taxi-Gutschein nur für eine Fahrt benutzen.\nSie können den Taxi-Gutschein nur für eine Fahrt benutzen.\nSie können den Taxi-Gutschein nur für eine Fahrt benutzen.\nSie können den Taxi-Gutschein nur für eine Fahrt benutzen.\nSie können den Taxi-Gutschein nur für eine Fahrt benutzen.\nSie können den Taxi-Gutschein nur für eine Fahrt benutzen.\nSie können den Taxi-Gutschein nur für eine Fahrt benutzen.\nSie können den Taxi-Gutschein nur für eine Fahrt benutzen.\nSie können den Taxi-Gutschein nur für eine Fahrt benutzen.\nSie können den Taxi-Gutschein nur für eine Fahrt benutzen.\nSie können den Taxi-Gutschein nur für eine Fahrt benutzen.\nSie können den Taxi-Gutschein nur für eine Fahrt benutzen.\nSie können den Taxi-Gutschein nur für eine Fahrt benutzen.\nSie können den Taxi-Gutschein nur für eine Fahrt benutzen.\nSie können den Taxi-Gutschein nur für eine Fahrt benutzen.\nSie können den Taxi-Gutschein nur für eine Fahrt benutzen.\nSie können den Taxi-Gutschein nur für eine Fahrt benutzen.\nSie können den Taxi-Gutschein nur für eine Fahrt benutzen.\nSie können den Taxi-Gutschein nur für eine Fahrt benutzen.\nSie können den Taxi-Gutschein nur für eine Fahrt benutzen.\nSie können den Taxi-Gutschein nur für eine Fahrt benutzen.\nSie können den Taxi-Gutschein nur für eine Fahrt benutzen.\nSie können den Taxi-Gutschein nur für eine Fahrt benutzen.\nSie können den Taxi-Gutschein nur für eine Fahrt benutzen.\nSie können den Taxi-Gutschein nur für eine Fahrt benutzen.\nSie können den Taxi-Gutschein nur für eine Fahrt benutzen.\nSie können den Taxi-Gutschein nur für eine Fahrt benutzen.\nSie können den Taxi-Gutschein nur für eine Fahrt benutzen.\nSie können den Taxi-Gutschein nur für eine Fahrt benutzen.\nSie können den Taxi-Gutschein nur für eine Fahrt benutzen.\nSie können den Taxi-Gutschein nur für eine Fahrt benutzen.\nSie können den Taxi-Gutschein nur für eine Fahrt benutzen.\nSie können den Taxi-Gutschein nur für eine Fahrt benutzen.\nSie können den Taxi-Gutschein nur für eine Fahrt benutzen.\nSie können den Taxi-Gutschein nur für eine Fahrt benutzen.\nSie können den Taxi-Gutschein nur für eine Fahrt benutzen.\nSie können den Taxi-Gutschein nur für eine Fahrt benutzen.\nSie können den Taxi-Gutschein nur für eine Fahrt benutzen.\nSie können den Taxi-Gutschein nur für eine Fahrt benutzen.\nSie können den Taxi-Gutschein nur für eine Fahrt benutzen.\nSie können den Taxi-Gutschein nur für eine Fahrt benutzen.\nSie können den Taxi-Gutschein nur für eine Fahrt benutzen.\nSie können den Taxi-Gutschein nur für eine Fahrt benutzen.\nSie können den Taxi-Gutschein nur für eine Fahrt benutzen.\nSie können den Taxi-Gutschein nur für eine Fahrt benutzen.\nSie können den Taxi-Gutschein nur für eine Fahrt benutzen.\nSie können den Taxi-Gutschein nur für eine Fahrt benutzen.\nSie können den Taxi-Gutschein nur für eine Fahrt benutzen.\nSie können den Taxi-Gutschein nur für eine Fahrt benutzen.\nSie können den Taxi-Gutschein nur für eine Fahrt benutzen.\nSie können den Taxi-Gutschein nur für eine Fahrt benutzen.\nSie können den Taxi-Gutschein nur für eine Fahrt benutzen.\nSie können den Taxi-Gutschein nur für eine Fahrt benutzen.\nSie können den Taxi-Gutschein nur für eine Fahrt benutzen.\nSie können den Taxi-Gutschein nur für eine Fahrt benutzen.\nSie können den Taxi-Gutschein nur für eine Fahrt benutzen.\nSie können den Taxi-Gutschein nur für eine Fahrt benutzen.\nSie können den Taxi-Gutschein nur für eine Fahrt benutzen.\nSie können den Taxi-Gutschein nur für eine Fahrt benutzen.\nSie können den Taxi-Gutschein nur für eine Fahrt benutzen.\nSie können den Taxi-Gutschein nur für eine Fahrt benutzen.\nSie können den Taxi-Gutschein nur für eine Fahrt benutzen.\nSie können den Taxi-Gutschein nur für eine Fahrt benutzen.\nSie können den Taxi-Gutschein nur für eine Fahrt benutzen.\nSie können den Taxi-Gutschein nur für eine Fahrt benutzen.\nSie können den Taxi-Gutschein nur für eine Fahrt benutzen.\nSie können den Taxi-Gutschein nur für eine Fahrt benutzen.\nSie können den Taxi-Gutschein nur für eine Fahrt benutzen.\nSie können den Taxi-Gutschein nur für eine Fahrt benutzen.\nSie können den Taxi-Gutschein nur für eine Fahrt benutzen.\nSie können den Taxi-Gutschein nur für eine Fahrt benutzen.\nSie können den Taxi-Gutschein nur für eine Fahrt benutzen.\nSie können den Taxi-Gutschein nur für eine Fahrt benutzen.\nSie können den Taxi-Gutschein nur für eine Fahrt benutzen.\nSie können den Taxi-Gutschein nur für eine Fahrt benutzen.\nSie können den Taxi-Gutschein nur für eine Fahrt benutzen.\nSie können den Taxi-Gutschein nur für eine Fahrt benutzen.\nSie können den Taxi-Gutschein nur für eine Fahrt benutzen.\nSie können den Taxi-Gutschein nur für eine Fahrt benutzen.\nSie können den Taxi-Gutschein nur für eine Fahrt benutzen.\nSie können den Taxi-Gutschein nur für eine Fahrt benutzen.\nSie können den Taxi-Gutschein nur für eine Fahrt benutzen.\nSie können den Taxi-Gutschein nur für eine Fahrt benutzen.\nSie können den Taxi-Gutschein nur für eine Fahrt benutzen.\nSie können den Taxi-Gutschein nur für eine Fahrt benutzen.\nSie können den Taxi-Gutschein nur für eine Fahrt benutzen.\nSie können den Taxi-Gutschein nur für eine Fahrt benutzen.\nSie können den Taxi-Gutschein nur für eine Fahrt benutzen.\nSie können den Taxi-Gutschein nur für eine Fahrt benutzen.\nSie können den Taxi-Gutschein nur für eine Fahrt benutzen.\nSie können den Taxi-Gutschein nur für eine Fahrt benutzen.\nSie können den Taxi-Gutschein nur für eine Fahrt benutzen.\nSie können den Taxi-Gutschein nur für eine Fahrt benutzen.\nSie können den Taxi-Gutschein nur für eine Fahrt benutzen.\nSie können den Taxi-Gutschein nur für eine Fahrt benutzen.\nSie können den Taxi-Gutschein nur für eine Fahrt benutzen.\nSie können den Taxi-Gutschein nur für eine Fahrt benutzen.\nSie können den Taxi-Gutschein nur für eine Fahrt benutzen.\nSie können den Taxi-Gutschein nur für eine Fahrt benutzen.\nSie können den Taxi-Gutschein nur für eine Fahrt benutzen.\nSie können den Taxi-Gutschein nur für eine Fahrt benutzen.\nSie können den Taxi-Gutschein nur für eine Fahrt benutzen.\nSie können den Taxi-Gutschein nur für eine Fahrt benutzen.\nSie können den Taxi-Gutschein nur für eine Fahrt benutzen.\nSie können den Taxi-Gutschein nur für eine Fahrt benutzen.\nSie können den Taxi-Gutschein nur für eine Fahrt benutzen.\nSie können den Taxi-Gutschein nur für eine Fahrt benutzen.\nSie können den Taxi-Gutschein nur für eine Fahrt benutzen.\nSie können den Taxi-Gutschein nur für eine Fahrt benutzen.\nSie können den Taxi-Gutschein nur für eine Fahrt benutzen.\nSie können den Taxi-Gutschein nur für eine Fahrt benutzen.\nSie können den Taxi-Gutschein nur für eine Fahrt benutzen.\nSie können den Taxi-Gutschein nur für eine Fahrt benutzen.\nSie können den Taxi-Gutschein nur für eine Fahrt benutzen.\nSie können den Taxi-Gutschein nur für eine Fahrt benutzen.\nSie können den Taxi-Gutschein nur für eine Fahrt benutzen.\nSie können den Taxi-Gutschein nur für eine Fahrt benutzen.\nSie können den Taxi-Gutschein nur für eine Fahrt benutzen.\nSie können den Taxi-Gutschein nur für eine Fahrt benutzen.\nSie können den Taxi-Gutschein nur für eine Fahrt benutzen.\nSie können den Taxi-Gutschein nur für eine Fahrt benutzen.\nSie können den Taxi-Gutschein nur für eine Fahrt benutzen.\nSie können den Taxi-Gutschein nur für eine Fahrt benutzen.\nSie können den Taxi-Gutschein nur für eine Fahrt benutzen.\nSie können den Taxi-Gutschein nur für eine Fahrt benutzen.\nSie können den Taxi-Gutschein nur für eine Fahrt benutzen.\nSie können den Taxi-Gutschein nur für eine Fahrt benutzen.\nSie können den Taxi-Gutschein nur für eine Fahrt benutzen.\nSie können den Taxi-Gutschein nur für eine Fahrt benutzen.\nSie können den Taxi-Gutschein nur für eine Fahrt benutzen.\nSie können den Taxi-Gutschein nur für eine Fahrt benutzen.\nSie können den Taxi-Gutschein nur für eine Fahrt benutzen.\nSie können den Taxi-Gutschein nur für eine Fahrt benutzen.\nSie können den Taxi-Gutschein nur für eine Fahrt benutzen.\nSie können den Taxi-Gutschein nur für eine Fahrt benutzen.\nSie können den Taxi-Gutschein nur für eine Fahrt benutzen.\nSie können den Taxi-Gutschein nur für eine Fahrt benutzen.\nSie können den Taxi-Gutschein nur für eine Fahrt benutzen.\nSie können den Taxi-Gutschein nur für eine Fahrt benutzen.\nSie können den Taxi-Gutschein nur für eine Fahrt benutzen.\nSie können den Taxi-Gutschein nur für eine Fahrt benutzen.\nSie können den Taxi-Gutschein nur für eine Fahrt benutzen.\nSie können den Taxi-Gutschein nur für eine Fahrt benutzen.\nSie können den Taxi-Gutschein nur für eine Fahrt benutzen.\nSie können den Taxi-Gutschein nur für eine Fahrt benutzen.\nSie können den Taxi-Gutschein nur für eine Fahrt benutzen.\nSie können den Taxi-Gutschein nur für eine Fahrt benutzen.\nSie können den Taxi-Gutschein nur für eine Fahrt benutzen.\nSie können den Taxi-Gutschein nur für eine Fahrt benutzen.\nSie können den Taxi-Gutschein nur für eine Fahrt benutzen.\nSie können den Taxi-Gutschein nur für eine Fahrt benutzen.\nSie können den Taxi-Gutschein nur für eine Fahrt benutzen.\nSie können den Taxi-Gutschein nur für eine Fahrt benutzen.\nSie können den Taxi-Gutschein nur für eine Fahrt benutzen.\nSie können den Taxi-Gutschein nur für eine Fahrt benutzen.\nSie können den Taxi-Gutschein nur für eine Fahrt benutzen.\nSie können den Taxi-Gutschein nur für eine Fahrt benutzen.\nSie können den Taxi-Gutschein nur für eine Fahrt benutzen.\nSie können den Taxi-Gutschein nur für eine Fahrt benutzen.\nSie können den Taxi-Gutschein nur für eine Fahrt benutzen.\nSie können den Taxi-Gutschein nur für eine Fahrt benutzen.\nSie können den Taxi-Gutschein nur für eine Fahrt benutzen.\nSie können den Taxi-Gutschein nur für eine Fahrt benutzen.\nSie können den Taxi-Gutschein nur für eine Fahrt benutzen.\nSie können den Taxi-Gutschein nur für eine Fahrt benutzen.\nSie können den Taxi-Gutschein nur für eine Fahrt benutzen.\nSie können den Taxi-Gutschein nur für eine Fahrt benutzen.\nSie können den Taxi-Gutschein nur für eine Fahrt benutzen.\nSie können den Taxi-Gutschein nur für eine Fahrt benutzen.\nSie können den Taxi-Gutschein nur für eine Fahrt benutzen.\nSie können den Taxi-Gutschein nur für eine Fahrt benutzen.\nSie können den Taxi-Gutschein nur für eine Fahrt benutzen.\nSie können den Taxi-Gutschein nur für eine Fahrt benutzen.\nSie können den Taxi-Gutschein nur für eine Fahrt benutzen.\nSie können den Taxi-Gutschein nur für eine Fahrt ben
Die Gutscheine können von dem berechtigten Personenkreis bei den Bürgerbüros und Sozialbürgerhäusern, der Gleichstellungsstelle für Frauen sowie der Stadtinformation abgeholt werden. Pro Vorsprache können drei Gutscheine von einer Frau abgeholt werden. Die Anzahl der Vorsprachen ist nicht begrenzt.;Die Gutscheine können Sie in diesen Stellen bekommen:\n* In den Bürger-Büros.\n* In den Sozial-Bürger-Häusern.\n* In der Stadt-Information.\n* In der Gleichstellungs-Stelle für Frauen.\n\nSie müssen die Gutscheine selber abholen.\nSie müssen Ihren Personal-Ausweis mitbringen.\nOder Ihren Reise-Pass.\nOder Ihren Kinder-Reise-Pass.\nOder Ihren Pass-Ersatz.\nOder Ihren Ausweis für Staaten-Lose.\nOder Ihren Ausweis für Flüchtlinge.\nOder Ihren Ausweis für Asyl-Berechtigte.\nOder Ihren Ausweis für Asyl-Bewerber.\nOder Ihren Ausweis für Personen mit unklarem Aufenthalts-Status.\nOder Ihren Ausweis für Personen mit Duldung.\nOder Ihren Ausweis für Personen mit Aufenthalts-Gestattung.\nOder Ihren Ausweis für Personen mit subsidiärem Schutz.\nOder Ihren Ausweis für Personen mit Abschiebe-Verbot.\nOder Ihren Ausweis für Personen mit Abschiebe-Hindernis.\nOder Ihren Ausweis für Personen mit Abschiebe-Anordnung.\nOder Ihren Ausweis für Personen mit Abschiebe-Duldung.\nOder Ihren Ausweis für Personen mit Abschiebe-Frist.\nOder Ihren Ausweis für Personen mit Abschiebe-Verhinderung.\nOder Ihren Ausweis für Personen mit Abschiebe-Absicht.\nOder Ihren Ausweis für Personen mit Abschiebe-Befehl.\nOder Ihren Ausweis für Personen mit Abschiebe-Verfügung.\nOder Ihren Ausweis für Personen mit Abschiebe-Ankündigung.\nOder Ihren Ausweis für Personen mit Abschiebe-Versuch.\nOder Ihren Ausweis für Personen mit Abschiebe-Verbot-Hindernis.\nOder Ihren Ausweis für Personen mit Abschiebe-Verbot-Verhinderung.\nOder Ihren Ausweis für Personen mit Abschiebe-Verbot-Verhinderungs-Ankündigung.\nOder Ihren Ausweis für Personen mit Abschiebe-Verbot-Verhinderungs-Versuch.\nOder Ihren Ausweis für Personen mit Abschiebe-Verbot-Verhinderungs-Befehl.\nOder Ihren Ausweis für Personen mit Abschiebe-Verbot-Verhinderungs-Verfügung.\nOder Ihren Ausweis für Personen mit Abschiebe-Verbot-Verhinderungs-Ankündigungs-Versuch.\nOder Ihren Ausweis für Personen mit Abschiebe-Verbot-Verhinderungs-Ankündigungs-Befehl.\nOder Ihren Ausweis für Personen mit Abschiebe-Verbot-Verhinderungs-Ankündigungs-Verfügung.\nOder Ihren Ausweis für Personen mit Abschiebe-Verbot-Verhinderungs-Ankündigungs-Ankündigung.\nOder Ihren Ausweis für Personen mit Abschiebe-Verbot-Verhinderungs-Ankündigungs-Versuch.\nOder Ihren Ausweis für Personen mit Abschiebe-Verbot-Verhinderungs-Ankündigungs-Befehl.\nOder Ihren Ausweis für Personen mit Abschiebe-Verbot-Verhinderungs-Ankündigungs-Verfügung.\nOder Ihren Ausweis für Personen mit Abschiebe-Verbot-Verhinderungs-Ankündigungs-Ankündigungs-Versuch.\nOder Ihren Ausweis für Personen mit Abschiebe-Verbot-Verhinderungs-Ankündigungs-Ankündigungs-Befehl.\nOder Ihren Ausweis für Personen mit Abschiebe-Verbot-Verhinderungs-Ankündigungs-Ankündigungs-Verfügung.\nOder Ihren Ausweis für Personen mit Abschiebe-Verbot-Verhinderungs-Ankündigungs-Ankündigungs-Ankündigung.\nOder Ihren Ausweis für Personen mit Abschiebe-Verbot-Verhinderungs-Ankündigungs-Ankündigungs-Versuch.\nOder Ihren Ausweis für Personen mit Abschiebe-Verbot-Verhinderungs-Ankündigungs-Ankündigungs-Befehl.\nOder Ihren Ausweis für Personen mit Abschiebe-Verbot-Verhinderungs-Ankündigungs-Ankündigungs-Verfügung.\nOder Ihren Ausweis für Personen mit Abschiebe-Verbot-Verhinderungs-Ankündigungs-Ankündigungs-Ankündigungs-Versuch.\nOder Ihren Ausweis für Personen mit Abschiebe-Verbot-Verhinderungs-Ankündigungs-Ankündigungs-Ankündigungs-Befehl.\nOder Ihren Ausweis für Personen mit Abschiebe-Verbot-Verhinderungs-Ankündigungs-Ankündigungs-Ankündigungs-Verfügung.\nOder Ihren Ausweis für Personen mit Abschiebe-Verbot-Verhinderungs-Ankündigungs-Ankündigungs-Ankündigungs-Ankündigungs-Versuch.\nOder Ihren Ausweis für Personen mit Abschiebe-Verbot-Verhinderungs-Ankündigungs-Ankündigungs-Ankündigungs-Befehl.\nOder Ihren Ausweis für Personen mit Abschiebe-Verbot-Verhinderungs-Ankündigungs-Ankündigungs-Ankündigungs-Verfügung.\nOder Ihren Ausweis für Personen mit Abschiebe-Verbot-Verhinderungs-Ankündigungs-Ankündigungs-Ankündigungs-Ankündigungs-Ankündigungs-Versuch.\nOder Ihren Ausweis für Personen mit Abschiebe-Verbot-Verhinderungs-Ankündigungs-Ankündigungs-Ankündigungs-Ankündigungs-Befehl.\nOder Ihren Ausweis für Personen mit Abschiebe-Verbot-Verhinderungs-Ankündigungs-Ankündigungs-Ankündigungs-Ankündigungs-Verfügung.\nOder Ihren Ausweis für Personen mit Abschiebe-Verbot-Verhinderungs-Ankündigungs-Ankündigungs-Ankündigungs-Ankündigungs-Ankündigungs-Ankündigungs-Versuch.\nOder Ihren Ausweis für Personen mit Abschiebe-Verbot-Verhinderungs-Ankündigungs-Ankündigungs-Ankündigungs-Ankündigungs-Ankündigungs-Befehl.\nOder Ihren Ausweis für Personen mit Abschiebe-Verbot-Verhinderungs-Ankündigungs-Ankündigungs-Ankündigungs-Ankündigungs-Ankündigungs-Verfügung.\nOder Ihren Ausweis für Personen mit Abschiebe-Verbot-Verhinderungs-Ankündigungs-Ankündigungs-Ankündigungs-Ankündigungs-Ankündigungs-Ankündigungs-Ankündigungs-Versuch.\nOder Ihren Ausweis für Personen mit Abschiebe-Verbot-Verhinderungs-Ankündigungs-Ankündigungs-Ankündigungs-Ankündigungs-Ankündigungs-Ankündigungs-Befehl.\nOder Ihren Ausweis für Personen mit Abschiebe-Verbot-Verhinderungs-Ankündigungs-Ankündigungs-Ankündigungs-Ankündigungs-Ankündigungs-Ankündigungs-Verfügung.\nOder Ihren Ausweis für Personen mit Abschiebe-Verbot-Verhinderungs-Ankündigungs-Ankündigungs-Ankündigungs-Ankündigungs-Ankündigungs-Ankündigungs-Ankündigungs-Ankündigungs-Versuch.\nOder Ihren Ausweis für Personen mit Abschiebe-Verbot-Verhinderungs-Ankündigungs-Ankündigungs-Ankündigungs-Ankündigungs-Ankündigungs-Ankündigungs-Ankündigungs-Befehl.\nOder Ihren Ausweis für Personen mit Abschiebe-Verbot-Verhinderungs-Ankündigungs-Ankündigungs-Ankündigungs-Ankündigungs-Ankündigungs-Ankündigungs-Ankündigungs-Verfügung.\nOder Ihren Ausweis für Personen mit Abschiebe-Verbot-Verhinderungs-Ankündigungs-Ankündigungs-Ankündigungs-Ankündigungs-Ankündigungs-Ankündigungs-Ankündigungs-Ankündigungs-Ankündigungs-Versuch.\nOder Ihren Ausweis für Personen mit Abschiebe-Verbot-Verhinderungs-Ankündigungs-Ankündigungs-Ankündigungs-Ankündigungs-Ankündigungs-Ankündigungs-Ankündigungs-Ankündigungs-Befehl.\nOder Ihren Ausweis für Personen mit Abschiebe-Verbot-Verhinderungs-Ankündigungs-Ankündigungs-Ankündigungs-Ankündigungs-Ankündigungs-Ankündigungs-Ankündigungs-Ankündigungs-Verfügung.\nOder Ihren Ausweis für Personen mit Abschiebe-Verbot-Verhinderungs-Ankündigungs-Ankündigungs-Ankündigungs-Ankündigungs-Ankündigungs-Ankündigungs-Ankündigungs-Ankündigungs-Ankündigungs-Ankündigungs-Versuch.\nOder Ihren Ausweis für Personen mit Abschiebe-Verbot-Verhinderungs-Ankündigungs-Ankündigungs-Ankündigungs-Ankündigungs-Ankündigungs-Ankündigungs-Ankündigungs-Ankündigungs-Ankündigungs-Befehl.\nOder Ihren Ausweis für Personen mit Abschiebe-Verbot-Verhinderungs-Ankündigungs-Ankündigungs-Ankündigungs-Ankündigungs-Ankündigungs-Ankündigungs-Ankündigungs-Ankündigungs-Ankündigungs-Verfügung.\nOder Ihren Ausweis für Personen mit Abschiebe-Verbot-Verhinderungs-Ankündigungs-Ankündigungs-Ankündigungs-Ankündigungs-Ankündigungs-Ankündigungs-Ankündigungs-Ankündigungs-Ankündigungs-Ankündigungs-Ankündigungs-Versuch.\nOder Ihren Ausweis für Personen mit Abschiebe-Verbot-Verhinderungs-Ankündigungs-Ankündigungs-Ankündigungs-Ankündigungs-Ankündigungs-Ankündigungs-Ankündigungs-Ankündigungs-Ankündigungs-Ankündigungs-Befehl.\nOder Ihren Ausweis für Personen mit Abschiebe-Verbot-Verhinderungs-Ankündigungs-Ankündigungs-Ankündigungs-Ankündigungs-Ankündigungs-Ankündigungs-Ankündigungs-Ankündigungs-Ankündigungs-Ankündigungs-Verfügung.\nOder Ihren Ausweis für Personen mit Abschiebe-Verbot-Verhinderungs-Ankündigungs-Ankündigungs-Ankündigungs-Ankündigungs-Ankündigungs-Ankündigungs-Ankündigungs-Ankündigungs-Ankündigungs-Ankündigungs-Ankündigungs-Versuch.\nOder Ihren Ausweis für Personen mit Abschiebe-Verbot-Verhinderungs-Ankündigungs-Ankündigungs-Ankündigungs-Ankündigungs-Ankündigungs-Ankündigungs-Ankündigungs-Ankündigungs-Ankündigungs-Ankündigungs-Befehl.\nOder Ihren Ausweis für Personen mit Abschiebe-Verbot-Verhinderungs-Ankündigungs-Ankündigungs-Ankündigungs-Ankündigungs-Ankündigungs-Ankündigungs-Ankündigungs-Ankündigungs-Ankündigungs-Ankündigungs-Verfügung.\nOder Ihren Ausweis für Personen mit Abschiebe-Verbot-Verhinderungs-Ankündigungs-Ankündigungs-Ankündigungs-Ankündigungs-Ankündigungs-Ankündigungs-Ankündigungs-Ankündigungs-Ankündigungs-Ankündigungs-Befehl.\nOder Ihren Ausweis für Personen mit Abschiebe-Verbot-Verhinderungs-Ankündigungs-Ankündigungs-Ankündigungs-Ankündigungs-Ankündigungs-Ankündigungs-Ankündigungs-Ankündigungs-Ankündigungs-Ankündigungs-Verfügung.\nOder Ihren Ausweis für Personen mit Abschiebe-Verbot-Verhinderungs-Ankündigungs-Ankündigungs-Ankündigungs-Ankündigungs-Ankündigungs-Ankündigungs-Ankündigungs-Ankündigungs-Ankündigungs-Ankündigungs-Befehl.\nOder Ihren Ausweis für Personen mit Abschiebe-Verbot-Verhinderungs-Ankündigungs-Ankündigungs-Ankündigungs-Ankündigungs-Ankündigungs-Ankündigungs-Ankündigungs-Ankündigungs-Ankündigungs-Ankündigungs-Verfügung.\nOder Ihren Ausweis für Personen mit Abschiebe-Verbot-Verhinderungs-Ankündigungs-Ankündigungs-Ankündigungs-Ankündigungs-Ankündigungs-Ankündigungs-Ankündigungs-Ankündigungs-Ankündigungs-Ankündigungs-Befehl.\nOder Ihren Ausweis für Personen mit Abschiebe-Verbot-Verhinderungs-Ankündigungs-Ankündigungs-Ankündigungs-Ankündigungs-Ankündigungs-Ankündigungs-Ankündigungs-Ankündigungs-Ankündigungs-Ankündigungs-Verfügung.\nOder Ihren Ausweis für Personen mit Abschiebe-Verbot-Verhinderungs-Ankündigungs-Ankündigungs-Ankündigungs-Ankündigungs-Ankündigungs-Ankündigungs-Ankündigungs-Ankündigungs-Ankündigungs-Ankündigungs-Befehl.\nOder Ihren Ausweis für Personen mit Abschiebe-Verbot-Verhinderungs-Ankündigungs-Ankündigungs-Ankündigungs-Ankündigungs-Ankündigungs-Ankündigungs-Ankündigungs-Ankündigungs-Ankündigungs-Ankündigungs-Verfügung.\nOder Ihren Ausweis für Personen mit Abschiebe-Verbot-Verhinderungs-Ankündigungs-Ankündigungs-Ankündigungs-Ankündigungs-Ankündigungs-Ankündigungs-Ankündigungs-Ankündigungs-Ankündigungs-Ankündigungs-Befehl.\nOder Ihren Ausweis für Personen mit Abschiebe-Verbot-Verhinderungs-Ankündigungs-Ankündigungs-Ankündigungs-Ankündigungs-Ankündigungs-Ankündigungs-Ankündigungs-Ankündigungs-Ankündigungs-Ankündigungs-Verfügung.\nOder Ihren Ausweis für Personen mit Abschiebe-Verbot-Verhinderungs-Ankündigungs-Ankündigungs-Ankündigungs-Ankündigungs-Ankündigungs-Ankündigungs-Ankündigungs-Ankündigungs-Ankündigungs-Ankündigungs-Befehl.\nOder Ihren Ausweis für Personen mit Abschiebe-Verbot-Verhinderungs-Ankündigungs-Ankündigungs-Ankündigungs-Ankündigungs-Ankündigungs-Ankündigungs-Ankündigungs-Ankündigungs-Ankündigungs-Ankündigungs-Verfügung.\nOder Ihren Ausweis für Personen mit Abschiebe-Verbot-Verhinderungs-Ankündigungs-Ankündigungs-Ankündigungs-Ankündigungs-Ankündigungs-Ankündigungs-Ankündigungs-Ankündigungs-Ankündigungs-Ankündigungs-Befehl.\nOder Ihren Ausweis für Personen mit Abschiebe-Verbot-Verhinderungs-Ankündigungs-Ankündigungs-Ankündigungs-Ankündigungs-Ankündigungs-Ankündigungs-Ankündigungs-Ankündigungs-Ankündigungs-Ankündigungs-Verfügung.\nOder Ihren Ausweis für Personen mit Abschiebe-Verbot-Verhinderungs-Ankündigungs-Ankündigungs-Ankündigungs-Ankündigungs-Ankündigungs-Ankündigungs-Ankündigungs-Ankündigungs-Ankündigungs-Ankündigungs-Befehl.\nOder Ihren Ausweis für Personen mit Abschiebe-Verbot-Verhinderungs-Ankündigungs-Ankündigungs-Ankündigungs-Ankündigungs-Ankündigungs-Ankündigungs-Ankündigungs-Ankündigungs-Ankündigungs-Ankündigungs-Verfügung.\nOder Ihren Ausweis für Personen mit Abschiebe-Verbot-Verhinderungs-Ankündigungs-Ankündigungs-Ankündigungs-Ankündigungs-Ankündigungs-Ankündigungs-Ankündigungs-Ankündigungs-Ankündigungs-Ankündigungs-Befehl.\nOder Ihren Ausweis für Personen mit Abschiebe-Verbot-Verhinderungs-Ankündigungs-Ankündigungs-Ankündigungs-Ankündigungs-Ankündigungs-Ankündigungs-Ankündigungs-Ankündigungs-Ankündigungs-Ankündigungs-Verfügung.\nOder Ihren Ausweis für Personen mit Abschiebe-Verbot-Verhinderungs-Ankündigungs-Ankündigungs-Ankündigungs-Ankündigungs-Ankündigungs-Ankündigungs-Ankündigungs-Ankündigungs-Ankündigungs-Ankündigungs-Befehl.\nOder Ihren Ausweis für Personen mit Abschiebe-
Darf ich als Mann einen Frauen-Nacht-Taxi Gutschein verwenden?\nNein. Das Frauen-Nacht-Taxi ist ein Angebot für Frauen.;Frauen-Nacht-Taxi\nDarf ein Mann den Gutschein für das Frauen-Nacht-Taxi benutzen?\nNein.\nDer Gutschein ist nur für Frauen.
Eine Schwangerschaft, ob geplant oder ungeplant, kann eine große Veränderung für Frauen und Ihre Angehörigen bedeuten.;Eine Schwangerschaft, ob geplant oder ungeplant, kann eine große Veränderung für Frauen und Ihre Angehörigen bedeuten.
Schwangere Frauen und ihre Angehörigen erhalten in einer Schwangerschaftsberatungsstelle Antworten auf ihre Fragen und bei Bedarf Unterstützung und Begleitung durch die Schwangerschaft bis zum vollendeten dritten Lebensjahr des Kindes.\n\nBis zum 3. Geburtstag Ihres Kindes beraten wir Sie rund um Schwangerschaft und Geburt, zu pränataler Diagnostik und bei einer möglichen Behinderung des Kindes.;Schwangerschafts-Beratungs-Stelle\n\nIn der Schwangerschafts-Beratungs-Stelle bekommen Sie Hilfe und Beratung.\nZum Beispiel:\n* Wenn Sie schwanger sind.\n* Wenn Sie ein Baby bekommen.\n* Wenn Sie eine Kranken-Versicherung für Ihr Baby brauchen.\n* Wenn Sie eine Wohnung für Ihre Familie brauchen.\n* Wenn Sie Geld-Probleme haben.\n* Wenn Sie eine Hebamme suchen.\n* Wenn Sie eine Kinder-Krippe suchen.\n* Wenn Sie eine Kinder-Tages-Pflege suchen.\n* Wenn Sie eine Kinder-Garten-Gruppe suchen.\n* Wenn Sie eine Kinder-Krippe suchen.\n* Wenn Sie eine Kinder-Tages-Pflege suchen.\n* Wenn Sie eine Kinder-Garten-Gruppe suchen.\n* Wenn Sie eine Kinder-Krippe suchen.\n* Wenn Sie eine Kinder-Tages-Pflege suchen.\n* Wenn Sie eine Kinder-Garten-Gruppe suchen.\n* Wenn Sie eine Kinder-Krippe suchen.\n* Wenn Sie eine Kinder-Tages-Pflege suchen.\n* Wenn Sie eine Kinder-Garten-Gruppe suchen.\n* Wenn Sie eine Kinder-Krippe suchen.\n* Wenn Sie eine Kinder-Tages-Pflege suchen.\n* Wenn Sie eine Kinder-Garten-Gruppe suchen.\n* Wenn Sie eine Kinder-Krippe suchen.\n* Wenn Sie eine Kinder-Tages-Pflege suchen.\n* Wenn Sie eine Kinder-Garten-Gruppe suchen.\n* Wenn Sie eine Kinder-Krippe suchen.\n* Wenn Sie eine Kinder-Tages-Pflege suchen.\n* Wenn Sie eine Kinder-Garten-Gruppe suchen.\n* Wenn Sie eine Kinder-Krippe suchen.\n* Wenn Sie eine Kinder-Tages-Pflege suchen.\n* Wenn Sie eine Kinder-Garten-Gruppe suchen.\n* Wenn Sie eine Kinder-Krippe suchen.\n* Wenn Sie eine Kinder-Tages-Pflege suchen.\n* Wenn Sie eine Kinder-Garten-Gruppe suchen.\n* Wenn Sie eine Kinder-Krippe suchen.\n* Wenn Sie eine Kinder-Tages-Pflege suchen.\n* Wenn Sie eine Kinder-Garten-Gruppe suchen.\n* Wenn Sie eine Kinder-Krippe suchen.\n* Wenn Sie eine Kinder-Tages-Pflege suchen.\n* Wenn Sie eine Kinder-Garten-Gruppe suchen.\n* Wenn Sie eine Kinder-Krippe suchen.\n* Wenn Sie eine Kinder-Tages-Pflege suchen.\n* Wenn Sie eine Kinder-Garten-Gruppe suchen.\n* Wenn Sie eine Kinder-Krippe suchen.\n* Wenn Sie eine Kinder-Tages-Pflege suchen.\n* Wenn Sie eine Kinder-Garten-Gruppe suchen.\n* Wenn Sie eine Kinder-Krippe suchen.\n* Wenn Sie eine Kinder-Tages-Pflege suchen.\n* Wenn Sie eine Kinder-Garten-Gruppe suchen.\n* Wenn Sie eine Kinder-Krippe suchen.\n* Wenn Sie eine Kinder-Tages-Pflege suchen.\n* Wenn Sie eine Kinder-Garten-Gruppe suchen.\n* Wenn Sie eine Kinder-Krippe suchen.\n* Wenn Sie eine Kinder-Tages-Pflege suchen.\n* Wenn Sie eine Kinder-Garten-Gruppe suchen.\n* Wenn Sie eine Kinder-Krippe suchen.\n* Wenn Sie eine Kinder-Tages-Pflege suchen.\n* Wenn Sie eine Kinder-Garten-Gruppe suchen.\n* Wenn Sie eine Kinder-Krippe suchen.\n* Wenn Sie eine Kinder-Tages-Pflege suchen.\n* Wenn Sie eine Kinder-Garten-Gruppe suchen.\n* Wenn Sie eine Kinder-Krippe suchen.\n* Wenn Sie eine Kinder-Tages-Pflege suchen.\n* Wenn Sie eine Kinder-Garten-Gruppe suchen.\n* Wenn Sie eine Kinder-Krippe suchen.\n* Wenn Sie eine Kinder-Tages-Pflege suchen.\n* Wenn Sie eine Kinder-Garten-Gruppe suchen.\n* Wenn Sie eine Kinder-Krippe suchen.\n* Wenn Sie eine Kinder-Tages-Pflege suchen.\n* Wenn Sie eine Kinder-Garten-Gruppe suchen.\n* Wenn Sie eine Kinder-Krippe suchen.\n* Wenn Sie eine Kinder-Tages-Pflege suchen.\n* Wenn Sie eine Kinder-Garten-Gruppe suchen.\n* Wenn Sie eine Kinder-Krippe suchen.\n* Wenn Sie eine Kinder-Tages-Pflege suchen.\n* Wenn Sie eine Kinder-Garten-Gruppe suchen.\n* Wenn Sie eine Kinder-Krippe suchen.\n* Wenn Sie eine Kinder-Tages-Pflege suchen.\n* Wenn Sie eine Kinder-Garten-Gruppe suchen.\n* Wenn Sie eine Kinder-Krippe suchen.\n* Wenn Sie eine Kinder-Tages-Pflege suchen.\n* Wenn Sie eine Kinder-Garten-Gruppe suchen.\n* Wenn Sie eine Kinder-Krippe suchen.\n* Wenn Sie eine Kinder-Tages-Pflege suchen.\n* Wenn Sie eine Kinder-Garten-Gruppe suchen.\n* Wenn Sie eine Kinder-Krippe suchen.\n* Wenn Sie eine Kinder-Tages-Pflege suchen.\n* Wenn Sie eine Kinder-Garten-Gruppe suchen.\n* Wenn Sie eine Kinder-Krippe suchen.\n* Wenn Sie eine Kinder-Tages-Pflege suchen.\n* Wenn Sie eine Kinder-Garten-Gruppe suchen.\n* Wenn Sie eine Kinder-Krippe suchen.\n* Wenn Sie eine Kinder-Tages-Pflege suchen.\n* Wenn Sie eine Kinder-Garten-Gruppe suchen.\n* Wenn Sie eine Kinder-Krippe suchen.\n* Wenn Sie eine Kinder-Tages-Pflege suchen.\n* Wenn Sie eine Kinder-Garten-Gruppe suchen.\n* Wenn Sie eine Kinder-Krippe suchen.\n* Wenn Sie eine Kinder-Tages-Pflege suchen.\n* Wenn Sie eine Kinder-Garten-Gruppe suchen.\n* Wenn Sie eine Kinder-Krippe suchen.\n* Wenn Sie eine Kinder-Tages-Pflege suchen.\n* Wenn Sie eine Kinder-Garten-Gruppe suchen.\n* Wenn Sie eine Kinder-Krippe suchen.\n* Wenn Sie eine Kinder-Tages-Pflege suchen.\n* Wenn Sie eine Kinder-Garten-Gruppe suchen.\n* Wenn Sie eine Kinder-Krippe suchen.\n* Wenn Sie eine Kinder-Tages-Pflege suchen.\n* Wenn Sie eine Kinder-Garten-Gruppe suchen.\n* Wenn Sie eine Kinder-Krippe suchen.\n* Wenn Sie eine Kinder-Tages-Pflege suchen.\n* Wenn Sie eine Kinder-Garten-Gruppe suchen.\n* Wenn Sie eine Kinder-Krippe suchen.\n* Wenn Sie eine Kinder-Tages-Pflege suchen.\n* Wenn Sie eine Kinder-Garten-Gruppe suchen.\n* Wenn Sie eine Kinder-Krippe suchen.\n* Wenn Sie eine Kinder-Tages-Pflege suchen.\n* Wenn Sie eine Kinder-Garten-Gruppe suchen.\n* Wenn Sie eine Kinder-Krippe suchen.\n* Wenn Sie eine Kinder-Tages-Pflege suchen.\n* Wenn Sie eine Kinder-Garten-Gruppe suchen.\n* Wenn Sie eine Kinder-Krippe suchen.\n* Wenn Sie eine Kinder-Tages-Pflege suchen.\n* Wenn Sie eine Kinder-Garten-Gruppe suchen.\n* Wenn Sie eine Kinder-Krippe suchen.\n* Wenn Sie eine Kinder-Tages-Pflege suchen.\n* Wenn Sie eine Kinder-Garten-Gruppe suchen.\n* Wenn Sie eine Kinder-Krippe suchen.\n* Wenn Sie eine Kinder-Tages-Pflege suchen.\n* Wenn Sie eine Kinder-Garten-Gruppe suchen.\n* Wenn Sie eine Kinder-Krippe suchen.\n* Wenn Sie eine Kinder-Tages-Pflege suchen.\n* Wenn Sie eine Kinder-Garten-Gruppe suchen.\n* Wenn Sie eine Kinder-Krippe suchen.\n* Wenn Sie eine Kinder-Tages-Pflege suchen.\n* Wenn Sie eine Kinder-Garten-Gruppe suchen.\n* Wenn Sie eine Kinder-Krippe suchen.\n* Wenn Sie eine Kinder-Tages-Pflege suchen.\n* Wenn Sie eine Kinder-Garten-Gruppe suchen.\n* Wenn Sie eine Kinder-Krippe suchen.\n* Wenn Sie eine Kinder-Tages-Pflege suchen.\n* Wenn Sie eine Kinder-Garten-Gruppe suchen.\n* Wenn Sie eine Kinder-Krippe suchen.\n* Wenn Sie eine Kinder-Tages-Pflege suchen.\n* Wenn Sie eine Kinder-Garten-Gruppe suchen.\n* Wenn Sie eine Kinder-Krippe suchen.\n* Wenn Sie eine Kinder-Tages-Pflege suchen.\n* Wenn Sie eine Kinder-Garten-Gruppe suchen.\n* Wenn Sie eine Kinder-Krippe suchen.\n* Wenn Sie eine Kinder-Tages-Pflege suchen.\n* Wenn Sie eine Kinder-Garten-Gruppe suchen.\n* Wenn Sie eine Kinder-Krippe suchen.\n* Wenn Sie eine Kinder-Tages-Pflege suchen.\n* Wenn Sie eine Kinder-Garten-Gruppe suchen.\n* Wenn Sie eine Kinder-Krippe suchen.\n* Wenn Sie eine Kinder-Tages-Pflege suchen.\n* Wenn Sie eine Kinder-Garten-Gruppe suchen.\n* Wenn Sie eine Kinder-Krippe suchen.\n* Wenn Sie eine Kinder-Tages-Pflege suchen.\n* Wenn Sie eine Kinder-Garten-Gruppe suchen.\n* Wenn Sie eine Kinder-Krippe suchen.\n* Wenn Sie eine Kinder-Tages-Pflege suchen.\n* Wenn Sie eine Kinder-Garten-Gruppe suchen.\n* Wenn Sie eine Kinder-Krippe suchen.\n* Wenn Sie eine Kinder-Tages-Pflege suchen.\n* Wenn Sie eine Kinder-Garten-Gruppe suchen.\n* Wenn Sie eine Kinder-Krippe suchen.\n* Wenn Sie eine Kinder-Tages-Pflege suchen.\n* Wenn Sie eine Kinder-Garten-Gruppe suchen.\n* Wenn Sie eine Kinder-Krippe suchen.\n* Wenn Sie eine Kinder-Tages-Pflege suchen.\n* Wenn Sie eine Kinder-Garten-Gruppe suchen.\n* Wenn Sie eine Kinder-Krippe suchen.\n* Wenn Sie eine Kinder-Tages-Pflege suchen.\n* Wenn Sie eine Kinder-Garten-Gruppe suchen.\n* Wenn Sie eine Kinder-Krippe suchen.\n* Wenn Sie eine Kinder-Tages-Pflege suchen.\n* Wenn Sie eine Kinder-Garten-Gruppe suchen.\n* Wenn Sie eine Kinder-Krippe suchen.\n* Wenn Sie eine Kinder-Tages-Pflege suchen.\n* Wenn Sie eine Kinder-Garten-Gruppe suchen.\n* Wenn Sie eine Kinder-Krippe suchen.\n* Wenn Sie eine Kinder-Tages-Pflege suchen.\n* Wenn Sie eine Kinder-Garten-Gruppe suchen.\n* Wenn Sie eine Kinder-Krippe suchen.\n* Wenn Sie eine Kinder-Tages-Pflege suchen.\n* Wenn Sie eine Kinder-Garten-Gruppe suchen.\n* Wenn Sie eine Kinder-Krippe suchen.\n* Wenn Sie eine Kinder-Tages-Pflege suchen.\n* Wenn Sie eine Kinder-Garten-Gruppe suchen.\n* Wenn Sie eine Kinder-Krippe suchen.\n* Wenn Sie eine Kinder-Tages-Pflege suchen.\n* Wenn Sie eine Kinder-Garten-Gruppe suchen.\n* Wenn Sie eine Kinder-Krippe suchen.\n* Wenn Sie eine Kinder-Tages-Pflege suchen.\n* Wenn Sie eine Kinder-Garten-Gruppe suchen.\n* Wenn Sie eine Kinder-Krippe suchen.\n* Wenn Sie eine Kinder-Tages-Pflege suchen.\n* Wenn Sie eine Kinder-Garten-Gruppe suchen.\n* Wenn Sie eine Kinder-Krippe suchen.\n* Wenn Sie eine Kinder-Tages-Pflege suchen.\n* Wenn Sie eine Kinder-Garten-Gruppe suchen.\n* Wenn Sie eine Kinder-Krippe suchen.\n* Wenn Sie eine Kinder-Tages-Pflege suchen.\n* Wenn Sie eine Kinder-Garten-Gruppe suchen.\n* Wenn Sie eine Kinder-Krippe suchen.\n* Wenn Sie eine Kinder-Tages-Pflege suchen.\n* Wenn Sie eine Kinder-Garten-Gruppe suchen.\n* Wenn Sie eine Kinder-Krippe suchen.\n* Wenn Sie eine Kinder-Tages-Pflege suchen.\n* Wenn Sie eine Kinder-Garten-Gruppe suchen.\n* Wenn Sie eine Kinder-Krippe suchen.\n* Wenn Sie eine Kinder-Tages-Pflege suchen.\n* Wenn Sie eine Kinder-Garten-Gruppe suchen.\n* Wenn Sie eine Kinder-Krippe suchen.\n* Wenn Sie eine Kinder-Tages-Pflege suchen.\n* Wenn Sie eine Kinder-Garten-Gruppe suchen.\n* Wenn Sie eine Kinder-Krippe suchen.\n* Wenn Sie eine Kinder-Tages-Pflege suchen.\n* Wenn Sie eine Kinder-Garten-Gruppe suchen.\n* Wenn Sie eine Kinder-Krippe suchen.\n* Wenn Sie eine Kinder-Tages-Pflege suchen.\n* Wenn Sie eine Kinder-Garten-Gruppe suchen.\n* Wenn Sie eine Kinder-Krippe suchen.\n* Wenn Sie eine Kinder-Tages-Pflege suchen.\n* Wenn Sie eine Kinder-Garten-Gruppe suchen.\n* Wenn Sie eine Kinder-Krippe suchen.\n* Wenn Sie eine Kinder-Tages-Pflege suchen.\n* Wenn Sie eine Kinder-Garten-Gruppe suchen.\n* Wenn Sie eine Kinder-Krippe suchen.\n* Wenn Sie eine Kinder-Tages-Pflege suchen.\n* Wenn Sie eine Kinder-Garten-Gruppe suchen.\n* Wenn Sie eine Kinder-Krippe suchen.\n* Wenn Sie eine Kinder-Tages-Pflege suchen.\n* Wenn Sie eine Kinder-Garten-Gruppe suchen.\n* Wenn Sie eine Kinder-Krippe suchen.\n* Wenn Sie eine Kinder-Tages-Pflege suchen.\n* Wenn Sie eine Kinder-Garten-Gruppe suchen.\n* Wenn Sie eine Kinder-Krippe suchen.\n* Wenn Sie eine Kinder-Tages-Pflege suchen.\n* Wenn Sie eine Kinder-Garten-Gruppe suchen.\n* Wenn Sie eine Kinder-Krippe suchen.\n* Wenn Sie eine Kinder-Tages-Pflege suchen.\n* Wenn Sie eine Kinder-Garten-Gruppe suchen.\n* Wenn Sie eine Kinder-Krippe suchen.\n* Wenn Sie eine Kinder-Tages-Pflege suchen.\n* Wenn Sie eine Kinder-Garten-Gruppe suchen.\n* Wenn Sie eine Kinder-Krippe suchen.\n* Wenn Sie eine Kinder-Tages-Pflege suchen.\n* Wenn Sie eine Kinder-Garten-Gruppe suchen.\n* Wenn Sie eine Kinder-Krippe suchen.\n* Wenn Sie eine Kinder-Tages-Pflege suchen.\n* Wenn Sie eine Kinder-Garten-Gruppe suchen.\n* Wenn Sie eine Kinder-Krippe suchen.\n* Wenn Sie eine Kinder-Tages-Pflege suchen.\n* Wenn Sie eine Kinder-Garten-Gruppe suchen.\n* Wenn Sie eine Kinder-Krippe suchen.\n* Wenn Sie eine Kinder-Tages-Pflege suchen.\n* Wenn Sie eine Kinder-Garten-Gruppe suchen.\n* Wenn Sie eine Kinder-Krippe suchen.\n* Wenn Sie eine Kinder-Tages-Pflege suchen.\n* Wenn Sie eine Kinder-Garten-Gruppe suchen.\n* Wenn Sie eine Kinder-Krippe suchen.\n* Wenn Sie eine Kinder-Tages-Pflege suchen.\n* Wenn Sie eine Kinder-Garten-Gruppe suchen.\n* Wenn Sie eine Kinder-Krippe suchen.\n* Wenn Sie eine Kinder-Tages-Pflege suchen.\n* Wenn Sie eine Kinder-Garten-Gruppe suchen.\n* Wenn Sie eine Kinder-Krippe suchen.\n* Wenn Sie eine Kinder-Tages-Pflege suchen.\n* Wenn Sie eine Kinder-Garten-Gruppe suchen.\n* Wenn Sie eine Kinder-Krippe suchen.\n* Wenn Sie eine Kinder-Tages-Pflege suchen.\n* Wenn Sie eine Kinder-Garten-Gruppe suchen.\n* Wenn Sie eine Kinder-Krippe suchen.\n* Wenn Sie eine Kinder-Tages-Pflege suchen.\n* Wenn Sie eine Kinder-Garten-Gruppe suchen.\n* Wenn Sie eine Kinder-Krippe suchen.\n* Wenn Sie eine Kinder-Tages-Pflege suchen.\n* Wenn Sie eine Kinder-Garten-Gruppe suchen.\n* Wenn Sie eine Kinder-Krippe suchen.\n* Wenn Sie eine Kinder-Tages-Pflege suchen.\n* Wenn Sie eine Kinder-Garten-Gruppe suchen.\n* Wenn Sie eine Kinder-Krippe suchen.\n* Wenn Sie eine Kinder-Tages-Pflege suchen.\n* Wenn Sie eine Kinder-Garten-Gruppe suchen.\n* Wenn Sie eine Kinder-Krippe suchen.\n* Wenn Sie eine Kinder-Tages-Pflege suchen.\n* Wenn Sie eine Kinder-Garten-Gruppe suchen.\n* Wenn Sie eine Kinder-Krippe suchen.\n* Wenn Sie eine Kinder-Tages-Pflege suchen.\n* Wenn Sie eine Kinder-Garten-Gruppe suchen.\n* Wenn Sie eine Kinder-Krippe suchen.\n* Wenn Sie eine Kinder-Tages-Pflege suchen.\n* Wenn Sie eine Kinder-Garten-Gruppe suchen.\n* Wenn Sie eine Kinder-Krippe suchen.\n* Wenn Sie eine Kinder-Tages-Pflege suchen.\n* Wenn Sie eine Kinder-Garten-Gruppe suchen.\n* Wenn Sie eine Kinder-Krippe suchen.\n* Wenn Sie eine Kinder-Tages-Pflege suchen.\n* Wenn Sie eine Kinder-Garten-Gruppe suchen.\n* Wenn Sie eine Kinder-Krippe suchen.\n* Wenn Sie eine Kinder-Tages-Pflege suchen.\n* Wenn Sie eine Kinder-Garten-Gruppe suchen.\n* Wenn Sie eine Kinder-Krippe suchen.\n* Wenn Sie eine Kinder-Tages-Pflege suchen.\n* Wenn Sie eine Kinder-Garten-Gruppe suchen.\n* Wenn Sie eine Kinder-Krippe suchen.\n* Wenn Sie eine Kinder-Tages-Pflege suchen.\n* Wenn Sie eine Kinder-Garten-Gruppe suchen.\n* Wenn Sie eine Kinder-Krippe suchen.\n* Wenn Sie eine Kinder-Tages-Pflege suchen.\n* Wenn Sie eine Kinder-Garten-Gruppe suchen.\n* Wenn Sie eine Kinder-Krippe suchen.\n* Wenn Sie eine Kinder-Tages-Pflege suchen.\n* Wenn Sie eine Kinder-Garten-Gruppe suchen.\n* Wenn Sie eine Kinder-Krippe suchen.\n* Wenn Sie eine Kinder-Tages-Pflege suchen.\n* Wenn Sie eine Kinder-Garten-Gruppe suchen.\n* Wenn Sie eine Kinder-Krippe suchen.\n* Wenn Sie eine Kinder-Tages-Pflege suchen.\n* Wenn Sie eine Kinder-Garten-Gruppe suchen.\n* Wenn Sie eine Kinder-Krippe suchen.\n* Wenn Sie eine Kinder-Tages-Pflege suchen.\n* Wenn Sie eine Kinder-Garten-Gruppe suchen.\n* Wenn Sie eine Kinder-Krippe suchen.\n* Wenn Sie eine Kinder-Tages-Pflege suchen.\n* Wenn Sie eine Kinder-Garten-Gruppe suchen.\n* Wenn Sie eine Kinder-Krippe suchen.\n* Wenn Sie eine Kinder-Tages-Pflege suchen.\n* Wenn Sie eine Kinder-Garten-Gruppe suchen.\n* Wenn Sie eine Kinder-Krippe suchen.\n* Wenn Sie eine Kinder-Tages-Pflege suchen.\n* Wenn Sie eine Kinder-Garten-Gruppe suchen.\n* Wenn Sie eine Kinder-Krippe suchen.\n* Wenn Sie eine Kinder-Tages-Pflege suchen.\n* Wenn Sie eine Kinder-Garten-Gruppe suchen.\n* Wenn Sie eine Kinder-Krippe suchen.\n* Wenn Sie eine Kinder-Tages-Pflege suchen.\n* Wenn Sie eine Kinder-Garten-Gruppe suchen.\n* Wenn Sie eine Kinder-Krippe suchen.\n* Wenn Sie eine Kinder-Tages-Pflege suchen.\n* Wenn Sie eine Kinder-Garten-Gruppe suchen.\n* Wenn Sie eine Kinder-Krippe suchen.\n* Wenn Sie eine Kinder-Tages-Pflege suchen.\n* Wenn Sie eine Kinder-Garten-Gruppe suchen.\n* Wenn Sie eine Kinder-Krippe suchen.\n* Wenn Sie eine Kinder-Tages-Pflege suchen.\n* Wenn Sie eine Kinder-Garten-Gruppe suchen.\n* Wenn Sie eine Kinder-Krippe suchen.\n* Wenn Sie eine Kinder-Tages-Pflege suchen.\n* Wenn Sie eine Kinder-Garten-Gruppe suchen.\n* Wenn Sie eine Kinder-Krippe suchen.\n* Wenn Sie eine Kinder-Tages-Pflege suchen.\n* Wenn Sie eine Kinder-Garten-Gruppe suchen.\n* Wenn Sie eine Kinder-Krippe suchen.\n* Wenn Sie eine Kinder-Tages-Pflege suchen.\n* Wenn Sie eine Kinder-Garten-Gruppe suchen.\n* Wenn Sie eine Kinder-Krippe suchen.\n* Wenn Sie eine Kinder-Tages-Pflege suchen.\n*
Es gibt für Eltern zahlreiche Möglichkeiten finanzielle Unterstützung zu erhalten.\n\nMeist ist hierfür ein individueller Antrag notwendig.\n\nBei weiterem Beratungs- und Informationsbedarf können Sie gerne mit derstaatlich anerkannten Beratungsstelle für Schwangerschaftsfragen im Gesundheitsreferat\nKontakt aufnehmen.;Es gibt für Eltern viele Hilfen.\nZum Beispiel:\n* Geld-Hilfen\n* Beratung\n* Hilfe bei der Erziehung\n* Hilfe bei der Kinder-Betreuung\n* Hilfe bei der Wohnung\n\nSie können sich an die Beratungs-Stelle für Schwangerschafts-Fragen wenden.\nDie Abkürzung für Schwangerschafts-Fragen ist S F B.\nDie Beratungs-Stelle ist im Gesundheits-Referat.\nDie Beratungs-Stelle ist für Frauen und Männer.\nDie Beratungs-Stelle ist kostenlos.\nDie Beratungs-Stelle ist vertraulich.\nDas bedeutet:\nNiemand erfährt etwas von dem Gespräch.\nWenn Sie das nicht wollen.
Familienplanung und Verhütung\n\nDie Fragen nach der richtigen Verhütungsmethode stellt sich immer wieder im Leben. Gerade wenn sich die Lebensumstände verändern, gibt es möglicherweise neue Ansprüche an ein Verhütungsmittel.;Familien-Planung und Verhütung\n\nDie Familien-Planung ist wichtig.\nDas heißt:\nSie entscheiden selbst:\nWollen Sie Kinder haben?\nWann wollen Sie Kinder haben?\nWie viele Kinder wollen Sie haben?\n\nVerhütung ist ein anderes Wort für Empfängnis-Verhütung.\nEmpfängnis-Verhütung bedeutet:\nEine Frau wird nicht schwanger.\nOder:\nEin Mann zeugt keine Kinder.\n\nEs gibt viele verschiedene Verhütungs-Mittel.\nZum Beispiel:\n* Kondome\n* die Pille\n* die Spirale\n* die 3-Monats-Spritze\n* die Verhütungs-Pille für den Mann\n* die Verhütungs-Salbe für den Mann\n* die Verhütungs-Spirale für den Mann\n* die Verhütungs-Hormone für den Mann\n* die Verhütungs-Kappe\n* das Diaphragma\n* das Verhütungs-Pflaster\n* der Verhütungs-Ring\n* die Verhütungs-Stäbchen\n* die Verhütungs-Spritze\n* die Verhütungs-Schleife\n* die Verhütungs-Kette\n* die Verhütungs-Kugeln\n* die Verhütungs-Schale\n* die Verhütungs-Schüssel\n* die Verhütungs-Tasse\n* die Verhütungs-Tücher\n* die Verhütungs-Watte\n* die Verhütungs-Zäpfchen\n* die Verhütungs-Zäpfchen mit Gel\n* die Verhütungs-Zäpfchen mit Schaum\n* die Verhütungs-Zäpfchen mit Seife\n* die Verhütungs-Zäpfchen mit Spülmittel\n* die Verhütungs-Zäpfchen mit Wasser\n* die Verhütungs-Zäpfchen mit Öl\n* die Verhütungs-Zäpfchen mit Fett\n* die Verhütungs-Zäpfchen mit Butter\n* die Verhütungs-Zäpfchen mit Margarine\n* die Verhütungs-Zäpfchen mit Schmalz\n* die Verhütungs-Zäpfchen mit Schmalz-Kuchen\n* die Verhütungs-Zäpfchen mit Schmalz-Kuchen-Teig\n* die Verhütungs-Zäpfchen mit Schmalz-Kuchen-Teig-Back-Form\n* die Verhütungs-Zäpfchen mit Schmalz-Kuchen-Teig-Back-Form-Deckel\n* die Verhütungs-Zäpfchen mit Schmalz-Kuchen-Teig-Back-Form-Deckel-Griff\n* die Verhütungs-Zäpfchen mit Schmalz-Kuchen-Teig-Back-Form-Deckel-Griff-Loch\n* die Verhütungs-Zäpfchen mit Schmalz-Kuchen-Teig-Back-Form-Deckel-Griff-Loch-Loch\n* die Verhütungs-Zäpfchen mit Schmalz-Kuchen-Teig-Back-Form-Deckel-Griff-Loch-Loch-Loch\n* die Verhütungs-Zäpfchen mit Schmalz-Kuchen-Teig-Back-Form-Deckel-Griff-Loch-Loch-Loch-Loch\n* die Verhütungs-Zäpfchen mit Schmalz-Kuchen-Teig-Back-Form-Deckel-Griff-Loch-Loch-Loch-Loch-Loch\n* die Verhütungs-Zäpfchen mit Schmalz-Kuchen-Teig-Back-Form-Deckel-Griff-Loch-Loch-Loch-Loch-Loch-Loch\n* die Verhütungs-Zäpfchen mit Schmalz-Kuchen-Teig-Back-Form-Deckel-Griff-Loch-Loch-Loch-Loch-Loch-Loch-Loch\n* die Verhütungs-Zäpfchen mit Schmalz-Kuchen-Teig-Back-Form-Deckel-Griff-Loch-Loch-Loch-Loch-Loch-Loch-Loch-Loch\n* die Verhütungs-Zäpfchen mit Schmalz-Kuchen-Teig-Back-Form-Deckel-Griff-Loch-Loch-Loch-Loch-Loch-Loch-Loch-Loch-Loch\n* die Verhütungs-Zäpfchen mit Schmalz-Kuchen-Teig-Back-Form-Deckel-Griff-Loch-Loch-Loch-Loch-Loch-Loch-Loch-Loch-Loch-Loch\n* die Verhütungs-Zäpfchen mit Schmalz-Kuchen-Teig-Back-Form-Deckel-Griff-Loch-Loch-Loch-Loch-Loch-Loch-Loch-Loch-Loch-Loch-Loch\n* die Verhütungs-Zäpfchen mit Schmalz-Kuchen-Teig-Back-Form-Deckel-Griff-Loch-Loch-Loch-Loch-Loch-Loch-Loch-Loch-Loch-Loch-Loch-Loch\n* die Verhütungs-Zäpfchen mit Schmalz-Kuchen-Teig-Back-Form-Deckel-Griff-Loch-Loch-Loch-Loch-Loch-Loch-Loch-Loch-Loch-Loch-Loch-Loch-Loch\n* die Verhütungs-Zäpfchen mit Schmalz-Kuchen-Teig-Back-Form-Deckel-Griff-Loch-Loch-Loch-Loch-Loch-Loch-Loch-Loch-Loch-Loch-Loch-Loch-Loch-Loch\n* die Verhütungs-Zäpfchen mit Schmalz-Kuchen-Teig-Back-Form-Deckel-Griff-Loch-Loch-Loch-Loch-Loch-Loch-Loch-Loch-Loch
Beratung bei ungewollter Schwangerschaft;Beratung bei ungewollter Schwangerschaft\n\nSie sind schwanger und wissen nicht, ob Sie das Kind bekommen wollen?\nOder Sie wissen nicht, wie Sie mit der Schwangerschaft umgehen sollen?\nDann können Sie zu einer Beratungs-Stelle gehen.\nDie Beratungs-Stelle hilft Ihnen.\nDie Beratungs-Stelle berät Sie.\nBeratung heißt:\nJemand erklärt Ihnen alles.\nSie können der Beraterin alles fragen.\nDie Beraterin sagt Ihnen alles, was Sie wissen müssen.\nDie Beraterin hilft Ihnen, eine Entscheidung zu treffen.\nDie Beraterin hilft Ihnen, mit der Entscheidung klar zu kommen.\nDie Beraterin hilft Ihnen, wenn Sie Probleme haben.\nDie Beraterin hilft Ihnen, wenn Sie Fragen haben.\nDie Beraterin hilft Ihnen, wenn Sie etwas nicht verstehen.\nDie Beraterin hilft Ihnen, wenn Sie sich Sorgen machen.\nDie Beraterin hilft Ihnen, wenn Sie traurig sind.\nDie Beraterin hilft Ihnen, wenn Sie Angst haben.\nDie Beraterin hilft Ihnen, wenn Sie alleine sind.\nDie Beraterin hilft Ihnen, wenn Sie nicht wissen, was Sie tun sollen.\nDie Beraterin hilft Ihnen, wenn Sie nicht wissen, wem Sie von Ihrer Schwangerschaft erzählen sollen.\nDie Beraterin hilft Ihnen, wenn Sie nicht wissen, wie Sie mit Ihrer Schwangerschaft umgehen sollen.\nDie Beraterin hilft Ihnen, wenn Sie nicht wissen, ob Sie das Kind bekommen wollen.\nDie Beraterin hilft Ihnen, wenn Sie nicht wissen, ob Sie das Kind behalten wollen.\nDie Beraterin hilft Ihnen, wenn Sie nicht wissen, ob Sie das Kind zur Welt bringen wollen.\nDie Beraterin hilft Ihnen, wenn Sie nicht wissen, ob Sie das Kind zur Adoption freigeben wollen.\nDie Beraterin hilft Ihnen, wenn Sie nicht wissen, ob Sie das Kind zur Welt bringen wollen und es dann zur Adoption freigeben wollen.\nDie Beraterin hilft Ihnen, wenn Sie nicht wissen, ob Sie das Kind zur Welt bringen wollen und es dann zur Pflege-Familie geben wollen.\nDie Beraterin hilft Ihnen, wenn Sie nicht wissen, ob Sie das Kind zur Welt bringen wollen und es dann in ein Heim geben wollen.\nDie Beraterin hilft Ihnen, wenn Sie nicht wissen, ob Sie das Kind zur Welt bringen wollen und es dann in einer Wohn-Gruppe unterbringen wollen.\nDie Beraterin hilft Ihnen, wenn Sie nicht wissen, ob Sie das Kind zur Welt bringen wollen und es dann in einer Pflege-Familie unterbringen wollen.\nDie Beraterin hilft Ihnen, wenn Sie nicht wissen, ob Sie das Kind zur Welt bringen wollen und es dann in einem Heim unterbringen wollen.\nDie Beraterin hilft Ihnen, wenn Sie nicht wissen, ob Sie das Kind zur Welt bringen wollen und es dann in einer Wohn-Gruppe unterbringen wollen.\nDie Beraterin hilft Ihnen, wenn Sie nicht wissen, ob Sie das Kind zur Welt bringen wollen und es dann zur Adoption freigeben wollen.\nDie Beraterin hilft Ihnen, wenn Sie nicht wissen, ob Sie das Kind zur Welt bringen wollen und es dann zur Pflege-Familie geben wollen.\nDie Beraterin hilft Ihnen, wenn Sie nicht wissen, ob Sie das Kind zur Welt bringen wollen und es dann in ein Heim geben wollen.\nDie Beraterin hilft Ihnen, wenn Sie nicht wissen, ob Sie das Kind zur Welt bringen wollen und es dann in einer Wohn-Gruppe unterbringen wollen.\nDie Beraterin hilft Ihnen, wenn Sie nicht wissen, ob Sie das Kind zur Welt bringen wollen und es dann in einer Pflege-Familie unterbringen wollen.\nDie Beraterin hilft Ihnen, wenn Sie nicht wissen, ob Sie das Kind zur Welt bringen wollen und es dann in einem Heim unterbringen wollen.\nDie Beraterin hilft Ihnen, wenn Sie nicht wissen, ob Sie das Kind zur Welt bringen wollen und es dann in einer Wohn-Gruppe unterbringen wollen.\nDie Beraterin hilft Ihnen, wenn Sie nicht wissen, ob Sie das Kind zur Welt bringen wollen und es dann zur Adoption freigeben wollen.\nDie Beraterin hilft Ihnen, wenn Sie nicht wissen, ob Sie das Kind zur Welt bringen wollen und es dann zur Pflege-Familie geben wollen.\nDie Beraterin hilft Ihnen, wenn Sie nicht wissen, ob Sie das Kind zur Welt bringen wollen und es dann in ein Heim geben wollen.\nDie Beraterin hilft Ihnen, wenn Sie nicht wissen, ob Sie das Kind zur Welt bringen wollen und es dann in einer Wohn-Gruppe unterbringen wollen.\nDie Beraterin hilft Ihnen, wenn Sie nicht wissen, ob Sie das Kind zur Welt bringen wollen und es dann in einer Pflege-Familie unterbringen wollen.\nDie Beraterin hilft Ihnen, wenn Sie nicht wissen, ob Sie das Kind zur Welt bringen wollen und es dann in einem Heim unterbringen wollen.\nDie Beraterin hilft Ihnen, wenn Sie nicht wissen, ob Sie das Kind zur Welt bringen wollen und es dann in einer Wohn-Gruppe unterbringen wollen.\nDie Beraterin hilft Ihnen, wenn Sie nicht wissen, ob Sie das Kind zur Welt bringen wollen und es dann zur Adoption freigeben wollen.\nDie Beraterin hilft Ihnen, wenn Sie nicht wissen, ob Sie das Kind zur Welt bringen wollen und es dann zur Pflege-Familie geben wollen.\nDie Beraterin hilft Ihnen, wenn Sie nicht wissen, ob Sie das Kind zur Welt bringen wollen und es dann in ein Heim geben wollen.\nDie Beraterin hilft Ihnen, wenn Sie nicht wissen, ob Sie das Kind zur Welt bringen wollen und es dann in einer Wohn-Gruppe unterbringen wollen.\nDie Beraterin hilft Ihnen, wenn Sie nicht wissen, ob Sie das Kind zur Welt bringen wollen und es dann in einer Pflege-Familie unterbringen wollen.\nDie Beraterin hilft Ihnen, wenn Sie nicht wissen, ob Sie das Kind zur Welt bringen wollen und es dann in einem Heim unterbringen wollen.\nDie Beraterin hilft Ihnen, wenn Sie nicht wissen, ob Sie das Kind zur Welt bringen wollen und es dann in einer Wohn-Gruppe unterbringen wollen.\nDie Beraterin hilft Ihnen, wenn Sie nicht wissen, ob Sie das Kind zur Welt bringen wollen und es dann zur Adoption freigeben wollen.\nDie Beraterin hilft Ihnen, wenn Sie nicht wissen, ob Sie das Kind zur Welt bringen wollen und es dann zur Pflege-Familie geben wollen.\nDie Beraterin hilft Ihnen, wenn Sie nicht wissen, ob Sie das Kind zur Welt bringen wollen und es dann in ein Heim geben wollen.\nDie Beraterin hilft Ihnen, wenn Sie nicht wissen, ob Sie das Kind zur Welt bringen wollen und es dann in einer Wohn-Gruppe unterbringen wollen.\nDie Beraterin hilft Ihnen, wenn Sie nicht wissen, ob Sie das Kind zur Welt bringen wollen und es dann in einer Pflege-Familie unterbringen wollen.\nDie Beraterin hilft Ihnen, wenn Sie nicht wissen, ob Sie das Kind zur Welt bringen wollen und es dann in einem Heim unterbringen wollen.\nDie Beraterin hilft Ihnen, wenn Sie nicht wissen, ob Sie das Kind zur Welt bringen wollen und es dann in einer Wohn-Gruppe unterbringen wollen.\nDie Beraterin hilft Ihnen, wenn Sie nicht wissen, ob Sie das Kind zur Welt bringen wollen und es dann zur Adoption freigeben wollen.\nDie Beraterin hilft Ihnen, wenn Sie nicht wissen, ob Sie das Kind zur Welt bringen wollen und es dann zur Pflege-Familie geben wollen.\nDie Beraterin hilft Ihnen, wenn Sie nicht wissen, ob Sie das Kind zur Welt bringen wollen und es dann in ein Heim geben wollen.\nDie Beraterin hilft Ihnen, wenn Sie nicht wissen, ob Sie das Kind zur Welt bringen wollen und es dann in einer Wohn-Gruppe unterbringen wollen.\nDie Beraterin hilft Ihnen, wenn Sie nicht wissen, ob Sie das Kind zur Welt bringen wollen und es dann in einer Pflege-Familie unterbringen wollen.\nDie Beraterin hilft Ihnen, wenn Sie nicht wissen, ob Sie das Kind zur Welt bringen wollen und es dann in einem Heim unterbringen wollen.\nDie Beraterin hilft Ihnen, wenn Sie nicht wissen, ob Sie das Kind zur Welt bringen wollen und es dann in einer Wohn-Gruppe unterbringen wollen.\nDie Beraterin hilft Ihnen, wenn Sie nicht wissen, ob Sie das Kind zur Welt bringen wollen und es dann zur Adoption freigeben wollen.\nDie Beraterin hilft Ihnen, wenn Sie nicht wissen, ob Sie das Kind zur Welt bringen wollen und es dann zur Pflege-Familie geben wollen.\nDie Beraterin hilft Ihnen, wenn Sie nicht wissen, ob Sie das Kind zur Welt bringen wollen und es dann in ein Heim geben wollen.\nDie Beraterin hilft Ihnen, wenn Sie nicht wissen, ob Sie das Kind zur Welt bringen wollen und es dann in einer Wohn-Gruppe unterbringen wollen.\nDie Beraterin hilft Ihnen, wenn Sie nicht wissen, ob Sie das Kind zur Welt bringen wollen und es dann in einer Pflege-Familie unterbringen wollen.\nDie Beraterin hilft Ihnen, wenn Sie nicht wissen, ob Sie das Kind zur Welt bringen wollen und es dann in einem Heim unterbringen wollen.\nDie Beraterin hilft Ihnen, wenn Sie nicht wissen, ob Sie das Kind zur Welt bringen wollen und es dann in einer Wohn-Gruppe unterbringen wollen.\nDie Beraterin hilft Ihnen, wenn Sie nicht wissen, ob Sie das Kind zur Welt bringen wollen und es dann zur Adoption freigeben wollen.\nDie Beraterin hilft Ihnen, wenn Sie nicht wissen, ob Sie das Kind zur Welt bringen wollen und es dann zur Pflege-Familie geben wollen.\nDie Beraterin hilft Ihnen, wenn Sie nicht wissen, ob Sie das Kind zur Welt bringen wollen und es dann in ein Heim geben wollen.\nDie Beraterin hilft Ihnen, wenn Sie nicht wissen, ob Sie das Kind zur Welt bringen wollen und es dann in einer Wohn-Gruppe unterbringen wollen.\nDie Beraterin hilft Ihnen, wenn Sie nicht wissen, ob Sie das Kind zur Welt bringen wollen und es dann in einer Pflege-Familie unterbringen wollen.\nDie Beraterin hilft Ihnen, wenn Sie nicht wissen, ob Sie das Kind zur Welt bringen wollen und es dann in einem Heim unterbringen wollen.\nDie Beraterin hilft Ihnen, wenn Sie nicht wissen, ob Sie das Kind zur Welt bringen wollen und es dann in einer Wohn-Gruppe unterbringen wollen.\nDie Beraterin hilft Ihnen, wenn Sie nicht wissen, ob Sie das Kind zur Welt bringen wollen und es dann zur Adoption freigeben wollen.\nDie Beraterin hilft Ihnen, wenn Sie nicht wissen, ob Sie das Kind zur Welt bringen wollen und es dann zur Pflege-Familie geben wollen.\nDie Beraterin hilft Ihnen, wenn Sie nicht wissen, ob Sie das Kind zur Welt bringen wollen und es dann in ein Heim geben wollen.\nDie Beraterin hilft Ihnen, wenn Sie nicht wissen, ob Sie das Kind zur Welt bringen wollen und es dann in einer Wohn-Gruppe unterbringen wollen.\nDie Beraterin hilft Ihnen, wenn Sie nicht wissen, ob Sie das Kind zur Welt bringen wollen und es dann in einer Pflege-Familie unterbringen wollen.\nDie Beraterin hilft Ihnen, wenn Sie nicht wissen, ob Sie das Kind zur Welt bringen wollen und es dann in einem Heim unterbringen wollen.\nDie Beraterin hilft Ihnen, wenn Sie nicht wissen, ob Sie das Kind zur Welt bringen wollen und es dann in einer Wohn-Gruppe unterbringen wollen.\nDie Beraterin hilft Ihnen, wenn Sie nicht wissen, ob Sie das Kind zur Welt bringen wollen und es dann zur Adoption freigeben wollen.\nDie Beraterin hilft Ihnen, wenn Sie nicht wissen, ob Sie das Kind zur Welt bringen wollen und es dann zur Pflege-Familie geben wollen.\nDie Beraterin hilft Ihnen, wenn Sie nicht wissen, ob Sie das Kind zur Welt bringen wollen und es dann in ein Heim geben wollen.\nDie Beraterin hilft Ihnen, wenn Sie nicht wissen, ob Sie das Kind zur Welt bringen wollen und es dann in einer Wohn-Gruppe unterbringen wollen.\nDie Beraterin hilft Ihnen, wenn Sie nicht wissen, ob Sie das Kind zur Welt bringen wollen und es dann in einer Pflege-Familie unterbringen wollen.\nDie Beraterin hilft Ihnen, wenn Sie nicht wissen, ob Sie das Kind zur Welt bringen wollen und es dann in einem Heim unterbringen wollen.\nDie Beraterin hilft Ihnen, wenn Sie nicht wissen, ob Sie das Kind zur Welt bringen wollen und es dann in einer Wohn-Gruppe unterbringen wollen.\nDie Beraterin hilft Ihnen, wenn Sie nicht wissen, ob Sie das Kind zur Welt bringen wollen und es dann zur Adoption freigeben wollen.\nDie Beraterin hilft Ihnen, wenn Sie nicht wissen, ob Sie das Kind zur Welt bringen wollen und es dann zur Pflege-Familie geben wollen.\nDie Beraterin hilft Ihnen, wenn Sie nicht wissen, ob Sie das Kind zur Welt bringen wollen und es dann in ein Heim geben wollen.\nDie Beraterin hilft Ihnen, wenn Sie nicht wissen, ob Sie das Kind zur Welt bringen wollen und es dann in einer Wohn-Gruppe unterbringen wollen.\nDie Beraterin hilft Ihnen, wenn Sie nicht wissen, ob Sie das Kind zur Welt bringen wollen und es dann in einer Pflege-Familie unterbringen wollen.\nDie Beraterin hilft Ihnen, wenn Sie nicht wissen, ob Sie das Kind zur Welt bringen wollen und es dann in einem Heim unterbringen wollen.\nDie Beraterin hilft Ihnen, wenn Sie nicht wissen, ob Sie das Kind zur Welt bringen wollen und es dann in einer Wohn-Gruppe unterbringen wollen.\nDie Beraterin hilft Ihnen, wenn Sie nicht wissen, ob Sie das Kind zur Welt bringen wollen und es dann zur Adoption freigeben wollen.\nDie Beraterin hilft Ihnen, wenn Sie nicht wissen, ob Sie das Kind zur Welt bringen wollen und es dann zur Pflege-Familie geben wollen.\nDie Beraterin hilft Ihnen, wenn Sie nicht wissen, ob Sie das Kind zur Welt bringen wollen und es dann in ein Heim geben wollen.\nDie Beraterin hilft Ihnen, wenn Sie nicht wissen, ob Sie das Kind zur Welt bringen wollen und es dann in einer Wohn-Gruppe unterbringen wollen.\nDie Beraterin hilft Ihnen, wenn Sie nicht wissen, ob Sie das Kind zur Welt bringen wollen und es dann in einer Pflege-Familie unterbringen wollen.\nDie Beraterin hilft Ihnen, wenn Sie nicht wissen, ob Sie das Kind zur Welt bringen wollen und es dann in einem Heim unterbringen wollen.\nDie Beraterin hilft Ihnen, wenn Sie nicht wissen, ob Sie das Kind zur Welt bringen wollen und es dann in einer Wohn-Gruppe unterbringen wollen.\nDie Beraterin hilft Ihnen, wenn Sie nicht wissen, ob Sie das Kind zur Welt bringen wollen und es dann zur Adoption freigeben wollen.\nDie Beraterin hilft Ihnen, wenn Sie nicht wissen, ob Sie das Kind zur Welt bringen wollen und es dann zur Pflege-Familie geben wollen.\nDie Beraterin hilft Ihnen, wenn Sie nicht wissen, ob Sie das Kind zur Welt bringen wollen und es dann in ein Heim geben wollen.\nDie Beraterin hilft Ihnen, wenn Sie nicht wissen, ob Sie das Kind zur Welt bringen wollen und es dann in einer Wohn-Gruppe unterbringen wollen.\nDie Beraterin hilft Ihnen, wenn Sie nicht wissen, ob Sie das Kind zur Welt bringen wollen und es dann in einer Pflege-Familie unterbringen wollen.\nDie Beraterin hilft Ihnen, wenn Sie nicht wissen, ob Sie das Kind zur Welt bringen wollen und es dann in einem Heim unterbringen wollen.\nDie Beraterin hilft Ihnen, wenn Sie nicht wissen, ob Sie das Kind zur Welt bringen wollen und es dann in einer Wohn-Gruppe unterbringen wollen.\nDie Beraterin hilft Ihnen, wenn Sie nicht wissen, ob Sie das Kind zur Welt bringen wollen und es dann zur Adoption freigeben wollen.\nDie Beraterin hilft Ihnen, wenn Sie nicht wissen, ob Sie das Kind zur Welt bringen wollen und es dann zur Pflege-Familie geben wollen.\nDie Beraterin hilft Ihnen, wenn Sie nicht wissen, ob Sie das Kind zur Welt bringen wollen und es dann in ein Heim geben wollen.\nDie Beraterin hilft Ihnen, wenn Sie nicht wissen, ob Sie das Kind zur Welt bringen wollen und es dann in einer Wohn-Gruppe unterbringen wollen.\nDie Beraterin hilft Ihnen, wenn Sie nicht wissen, ob Sie das Kind zur Welt bringen wollen und es dann in einer Pflege-Familie unterbringen wollen.\nDie Beraterin hilft Ihnen, wenn Sie nicht wissen, ob Sie das Kind zur Welt bringen wollen und es dann in einem Heim unterbringen wollen.\nDie Beraterin hilft Ihnen, wenn Sie nicht wissen, ob Sie das Kind zur Welt bringen wollen und es dann in einer Wohn-Gruppe unterbringen wollen.\nDie Beraterin hilft Ihnen, wenn Sie nicht wissen, ob Sie das Kind zur Welt bringen wollen und es dann zur Adoption freigeben wollen.\nDie Beraterin hilft Ihnen, wenn Sie nicht wissen, ob Sie das Kind zur Welt bringen wollen und es dann zur Pflege-Familie geben wollen.\nDie Beraterin hilft Ihnen, wenn Sie nicht wissen, ob Sie das Kind zur Welt bringen wollen und es dann in ein Heim geben wollen.\nDie Beraterin hilft Ihnen, wenn Sie nicht wissen, ob Sie das Kind zur Welt bringen wollen und es dann in einer Wohn-Gruppe unterbringen wollen.\nDie Beraterin hilft Ihnen, wenn Sie nicht wissen, ob Sie das Kind zur Welt bringen wollen und es dann in einer Pflege-Familie unterbringen wollen.\nDie Beraterin hilft Ihnen, wenn Sie nicht wissen, ob Sie das Kind zur Welt bringen wollen und es dann in einem Heim unterbringen wollen.\nDie Beraterin hilft Ihnen, wenn Sie nicht wissen, ob Sie das Kind zur Welt bringen wollen und es dann in einer Wohn-Gruppe unterbringen wollen.\nDie Beraterin hilft Ihnen, wenn Sie nicht wissen, ob Sie das Kind zur Welt bringen wollen und es dann zur Adoption freigeben wollen.\nDie Beraterin hilft Ihnen, wenn Sie nicht wissen, ob Sie das Kind zur Welt bringen wollen und es dann zur Pflege-Familie geben wollen.\nDie Beraterin hilft Ihnen, wenn Sie nicht wissen, ob Sie das Kind zur Welt bringen wollen und es dann in ein Heim geben wollen.\nDie Beraterin hilft Ihnen, wenn Sie nicht wissen, ob Sie das Kind zur Welt bringen wollen und es dann in einer Wohn-Gruppe unterbringen wollen.\nDie Beraterin hilft Ihnen, wenn Sie nicht wissen, ob Sie das Kind zur Welt bringen wollen und es dann in einer Pflege-Familie unterbringen wollen.\nDie
Schwangerschaftskonfliktberatung\nUnsere staatlich anerkannte Beratungsstelle für Schwangerschaftsfragen berät im Schwangerschaftskonflikt.\nEine Beratungsbescheinigung wird auf Wunsch ausgestellt.;Schwangerschafts-Konflikt-Beratung\nDie Schwangerschafts-Konflikt-Beratung ist für Frauen und Mädchen.\nDie Schwangerschafts-Konflikt-Beratung ist auch für Männer und Jungen.\nDie Schwangerschafts-Konflikt-Beratung ist kostenlos.\nKostenlos bedeutet:\nSie müssen für die Beratung nichts bezahlen.\nDie Beratung ist vertraulich.\nVertraulich bedeutet:\nDie Beraterinnen und Berater erzählen nichts weiter.\nNichts weiter bedeutet:\nDie Beraterinnen und Berater erzählen nichts anderen Menschen.\nZum Beispiel nicht:\n* dem Chef\n* der Chefin\n* der Lehrerin\n* dem Lehrer\n* der besten Freundin\n* dem besten Freund\n* der Mutter\n* dem Vater\n* der Schwester\n* dem Bruder\n* dem Arzt\n* der Ärztin\n* dem Pfarrer\n* der Pfarrerin\n* dem Anwalt\n* der Anwältin\n* dem Richter\n* der Richterin\n* dem Polizisten\n* der Polizistin\n* dem Nachbarn\n* der Nachbarin\n* dem Kollegen\n* der Kollegin\n* dem Bus-Fahrer\n* der Bus-Fahrerin\n* dem Taxifahrer\n* der Taxifahrerin\n* dem Brief-Träger\n* der Brief-Trägerin\n* dem Zeitungs-Austräger\n* der Zeitungs-Austrägerin\n* dem Kellner\n* der Kellnerin\n* dem Verkäufer\n* der Verkäuferin\n* dem Arzt\n* der Ärztin\n* dem Apotheker\n* der Apothekerin\n* dem Kranken-Pfleger\n* der Kranken-Pflegerin\n* dem Kranken-Schwestern-Helfer\n* der Kranken-Schwestern-Helferin\n* dem Kranken-Schwestern-Pfleger\n* der Kranken-Schwestern-Pflegerin\n* dem Alten-Pfleger\n* der Alten-Pflegerin\n* dem Alten-Schwestern-Helfer\n* der Alten-Schwestern-Helferin\n* dem Alten-Schwestern-Pfleger\n* der Alten-Schwestern-Pflegerin\n* dem Alten-Heim-Leiter\n* der Alten-Heim-Leiterin\n* dem Alten-Heim-Pfleger\n* der Alten-Heim-Pflegerin\n* dem Alten-Heim-Helfer\n* der Alten-Heim-Helferin\n* dem Alten-Heim-Koch\n* der Alten-Heim-Köchin\n* dem Alten-Heim-Putz-Mann\n* der Alten-Heim-Putz-Frau\n* dem Alten-Heim-Haus-Meister\n* der Alten-Heim-Haus-Meisterin\n* dem Alten-Heim-Verwalter\n* der Alten-Heim-Verwalterin\n* dem Alten-Heim-Sicherheits-Mann\n* der Alten-Heim-Sicherheits-Frau\n* dem Alten-Heim-Hand-Werker\n* der Alten-Heim-Hand-Werkerin\n* dem Alten-Heim-Gärtner\n* der Alten-Heim-Gärtnerin\n* dem Alten-Heim-Fahrer\n* der Alten-Heim-Fahrerin\n* dem Alten-Heim-Einkaufs-Helfer\n* der Alten-Heim-Einkaufs-Helferin\n* dem Alten-Heim-Betreuer\n* der Alten-Heim-Betreuerin\n* dem Alten-Heim-Berater\n* der Alten-Heim-Beraterin\n* dem Alten-Heim-Beauftragter\n* der Alten-Heim-Beauftragten\n* dem Alten-Heim-Beistand\n* der Alten-Heim-Beiständin\n* dem Alten-Heim-Beirat\n* der Alten-Heim-Beirätin\n* dem Alten-Heim-Beauftragten\n* der Alten-Heim-Beauftragten\n* dem Alten-Heim-Beistand\n* der Alten-Heim-Beiständin\n* dem Alten-Heim-Beirat\n* der Alten-Heim-Beirätin\n* dem Alten-Heim-Beauftragten\n* der Alten-Heim-Beauftragten\n* dem Alten-Heim-Beistand\n* der Alten-Heim-Beiständin\n* dem Alten-Heim-Beirat\n* der Alten-Heim-Beirätin\n* dem Alten-Heim-Beauftragten\n* der Alten-Heim-Beauftragten\n* dem Alten-Heim-Beistand\n* der Alten-Heim-Beiständin\n* dem Alten-Heim-Beirat\n* der Alten-Heim-Beirätin\n* dem Alten-Heim-Beauftragten\n* der Alten-Heim-Beauftragten\n* dem Alten-Heim-Beistand\n* der Alten-Heim-Beiständin\n* dem Alten-Heim-Beirat\n* der Alten-Heim-Beirätin\n* dem Alten-Heim-Beauftragten\n* der Alten-Heim-Beauftragten\n* dem Alten-Heim-Beistand\n* der Alten-Heim-Beiständin\n* dem Alten-Heim-Beirat\n* der Alten-Heim-Beirätin\n* dem Alten-Heim-Beauftragten\n* der Alten-Heim-Beauftragten\n* dem Alten-Heim-Beistand\n* der Alten-Heim-Beiständin\n* dem Alten-Heim-Beirat\n* der Alten-Heim-Beirätin\n* dem Alten-Heim-Beauftragten\n* der Alten-Heim-Beauftragten\n* dem Alten-Heim-Beistand\n* der Alten-Heim-Beiständin\n* dem Alten-Heim-Beirat\n* der Alten-Heim-Beirätin\n* dem Alten-Heim-Beauftragten\n* der Alten-Heim-Beauftragten\n* dem Alten-Heim-Beistand\n* der Alten-Heim-Beiständin\n* dem Alten-Heim-Beirat\n* der Alten-Heim-Beirätin\n* dem Alten-Heim-Beauftragten\n* der Alten-Heim-Beauftragten\n* dem Alten-Heim-Beistand\n* der Alten-Heim-Beiständin\n* dem Alten-Heim-Beirat\n* der Alten-Heim-Beirätin\n* dem Alten-Heim-Beauftragten\n* der Alten-Heim-Beauftragten\n* dem Alten-Heim-Beistand\n* der Alten-Heim-Beiständin\n* dem Alten-Heim-Beirat\n* der Alten-Heim-Beirätin\n* dem Alten-Heim-Beauftragten\n* der Alten-Heim-Beauftragten\n* dem Alten-Heim-Beistand\n* der Alten-Heim-Beiständin\n* dem Alten-Heim-Beirat\n* der Alten-Heim-Beirätin\n* dem Alten-Heim-Beauftragten\n* der Alten-Heim-Beauftragten\n* dem Alten-Heim-Beistand\n* der Alten-Heim-Beiständin\n* dem Alten-Heim-Beirat\n* der Alten-Heim-Beirätin\n* dem Alten-Heim-Beauftragten\n* der Alten-Heim-Beauftragten\n* dem Alten-Heim-Beistand\n* der Alten-Heim-Beiständin\n* dem Alten-Heim-Beirat\n* der Alten-Heim-Beirätin\n* dem Alten-Heim-Beauftragten\n* der Alten-Heim-Beauftragten\n* dem Alten-Heim-Beistand\n* der Alten-Heim-Beiständin\n* dem Alten-Heim-Beirat\n* der Alten-Heim-Beirätin\n* dem Alten-Heim-Beauftragten\n* der Alten-Heim-Beauftragten\n* dem Alten-Heim-Beistand\n* der Alten-Heim-Beiständin\n* dem Alten-Heim-Beirat\n* der Alten-Heim-Beirätin\n* dem Alten-Heim-Beauftragten\n* der Alten-Heim-Beauftragten\n* dem Alten-Heim-Beistand\n* der Alten-Heim-Beiständin\n* dem Alten-Heim-Beirat\n* der Alten-Heim-Beirätin\n* dem Alten-Heim-Beauftragten\n* der Alten-Heim-Beauftragten\n* dem Alten-Heim-Beistand\n* der Alten-Heim-Beiständin\n* dem Alten-Heim-Beirat\n* der Alten-Heim-Beirätin\n* dem Alten-Heim-Beauftragten\n* der Alten-Heim-Beauftragten\n* dem Alten-Heim-Beistand\n* der Alten-Heim-Beiständin\n* dem Alten-Heim-Beirat\n* der Alten-Heim-Beirätin\n* dem Alten-Heim-Beauftragten\n* der Alten-Heim-Beauftragten\n* dem Alten-Heim-Beistand\n* der Alten-Heim-Beiständin\n* dem Alten-Heim-Beirat\n* der Alten-Heim-Beirätin\n* dem Alten-Heim-Beauftragten\n* der Alten-Heim-Beauftragten\n* dem Alten-Heim-Beistand\n* der Alten-Heim-Beiständin\n* dem Alten-Heim-Beirat\n* der Alten-Heim-Beirätin\n* dem Alten-Heim-Beauftragten\n* der Alten-Heim-Beauftragten\n* dem Alten-Heim-Beistand\n* der Alten-Heim-Beiständin\n* dem Alten-Heim-Beirat\n* der Alten-Heim-Beirätin\n* dem Alten-Heim-Beauftragten\n* der Alten-Heim-Beauftragten\n* dem Alten-Heim-Beistand\n* der Alten-Heim-Beiständin\n* dem Alten-Heim-Beirat\n* der Alten-Heim-Beirätin\n* dem Alten-Heim-Beauftragten\n* der Alten-Heim-Beauftragten\n* dem Alten-Heim-Beistand\n* der Alten-Heim-Beiständin\n* dem Alten-Heim-Beirat\n* der Alten-Heim-Beirätin\n* dem Alten-Heim-Beauftragten\n* der Alten-Heim-Beauftragten\n* dem Alten-Heim-Beistand\n* der Alten-Heim-Beiständin\n* dem Alten-Heim-Beirat\n* der Alten-Heim-Beirätin\n* dem Alten-Heim-Beauftragten\n* der Alten-Heim-Beauftragten\n* dem Alten-Heim-Beistand\n* der Alten-Heim-Beiständin\n* dem Alten-Heim-Beirat\n* der Alten-Heim-Beirätin\n* dem Alten-Heim-Beauftragten\n* der Alten-Heim-Beauftragten\n* dem Alten-Heim-Beistand\n* der Alten-Heim-Beiständin\n* dem Alten-Heim-Beirat\n* der Alten-Heim-Beirätin\n* dem Alten-Heim-Beauftragten\n* der Alten-Heim-Beauftragten\n* dem Alten-Heim-Beistand\n* der Alten-Heim-Beiständin\n* dem Alten-Heim-Beirat\n* der Alten-Heim-Beirätin\n* dem Alten-Heim-Beauftragten\n* der Alten-Heim-Beauftragten\n* dem Alten-Heim-Beistand\n* der Alten-Heim-Beiständin\n* dem Alten-Heim-Beirat\n* der Alten-Heim-Beirätin\n* dem Alten-Heim-Beauftragten\n* der Alten-Heim-Beauftragten\n* dem Alten-Heim-Beistand\n* der Alten-Heim-Beiständin\n* dem Alten-Heim-Beirat\n* der Alten-Heim-Beirätin\n* dem Alten-Heim-Beauftragten\n* der Alten-Heim-Beauftragten\n* dem Alten-Heim-Beistand\n* der Alten-Heim-Beiständin\n* dem Alten-Heim-Beirat\n* der Alten-Heim-Beirätin\n* dem Alten-Heim-Beauftragten\n* der Alten-Heim-Beauftragten\n* dem Alten-Heim-Beistand\n* der Alten-Heim-Beiständin\n* dem Alten-Heim-Beirat\n* der Alten-Heim-Beirätin\n* dem Alten-Heim-Beauftragten\n* der Alten-Heim-Beauftragten\n* dem Alten-Heim-Beistand\n* der Alten-Heim-Beiständin\n* dem Alten-Heim-Beirat\n* der Alten-Heim-Beirätin\n* dem Alten-Heim-Beauftragten\n* der Alten-Heim-Beauftragten\n* dem Alten-Heim-Beistand\n* der Alten-Heim-Beiständin\n* dem Alten-Heim-Beirat\n* der Alten-Heim-Beirätin\n* dem Alten-Heim-Beauftragten\n* der Alten-Heim-Beauftragten\n* dem Alten-Heim-Beistand\n* der Alten-Heim-Beiständin\n* dem Alten-Heim-Beirat\n* der Alten-Heim-Beirätin\n* dem Alten-Heim-Beauftragten\n* der Alten-Heim-Beauftragten\n* dem Alten-Heim-Beistand\n* der Alten-Heim-Beiständin\n* dem Alten-Heim-Beirat\n* der Alten-Heim-Beirätin\n* dem Alten-Heim-Beauftragten\n* der Alten-Heim-Beauftragten\n* dem Alten-Heim-Beistand\n* der Alten-Heim-Beiständin\n* dem Alten-Heim-Beirat\n* der Alten-Heim-Beirätin\n* dem Alten-Heim-Beauftragten\n* der Alten-Heim-Beauftragten\n* dem Alten-Heim-Beistand\n* der Alten-Heim-Beiständin\n* dem Alten-Heim-Beirat\n* der Alten-Heim-Beirätin\n* dem Alten-Heim-Beauftragten\n* der Alten-Heim-Beauftragten\n* dem Alten-Heim-Beistand\n* der Alten-Heim-Beiständin\n* dem Alten-Heim-Beirat\n* der Alten-Heim-Beirätin\n* dem Alten-Heim-Beauftragten\n* der Alten-Heim-Beauftragten\n* dem Alten-Heim-Beistand\n* der Alten-Heim-Beiständin\n* dem Alten-Heim-Beirat\n* der Alten-Heim-Beirätin\n* dem Alten-Heim-Beauftragten\n* der Alten-Heim-Beauftragten\n* dem Alten-Heim-Beistand\n* der Alten-Heim-Beiständin\n* dem Alten-Heim-Beirat\n* der Alten-Heim-Beirätin\n* dem Alten-Heim-Beauftragten\n* der Alten-Heim-Beauftragten\n* dem Alten-Heim-Beistand\n* der Alten-Heim-Beiständin\n* dem Alten-Heim-Beirat\n* der Alten-Heim-Beirätin\n* dem Alten-Heim-Beauftragten\n* der Alten-Heim-Beauftragten\n* dem Alten-He
Unter diesen Voraussetzungen ist in Deutschland der Schwangerschaftsabbruch straffrei:\n\nSchwangerschaftsabbruch nach Beratungsregel\n\nEin Schwangerschaftsabbruch ist straffrei, wenn Sie sich mindestens 3 Tage vor dem Abbruch in einer staatlich anerkannten Beratungsstelle für Schwangerschaftsfragen beraten lassen. Seit der Empfängnis dürfen nicht mehr als 12 Wochen vergangen sein (14. Schwangerschaftswoche). Sie haben ein Recht darauf, unverzüglich beraten zu werden.\n\nMedizinische Indikation\n\nEin Abbruch ist mit einer medizinischen Indikation möglich, wenn ein*e Ärzt*in bestätigt, dass Ihre körperliche oder seelische Gesundheit durch das Fortsetzen der Schwangerschaft ernsthaft gefährdet wäre. Mit einer medizinischen Indikation ist der Abbruch auch nach der 14. Schwangerschaftswoche möglich.;Schwangerschafts-Abbruch\nEin Schwangerschafts-Abbruch ist in Deutschland straffrei.\nDas bedeutet:\nNiemand darf Sie bestrafen.\nWenn Sie schwanger sind und das Kind nicht bekommen wollen.\nEs gibt 2 Bedingungen für einen straffreien Schwangerschafts-Abbruch:\n1. Sie müssen sich vorher beraten lassen.\n2. Sie dürfen nicht länger als 12 Wochen schwanger sein.\n   Oder 14 Wochen.\n   Das kommt darauf an, was der Arzt sagt.\n   Der Arzt sagt das nach einer Untersuchung.\n   Die Untersuchung heißt Ultraschall-Untersuchung.\n   Der Arzt sagt auch, wie lange Sie schon schwanger sind.\n   Das nennt man Schwangerschafts-Woche.\n   Die Abkürzung dafür ist SSW.\n   SSW 12 bedeutet:\n   Sie sind 12 Wochen schwanger.\n   SSW 14 bedeutet:\n   Sie sind 14 Wochen schwanger.\n   Die 14. Woche ist die 14. Woche nach dem 1. Tag von Ihrer letzten Regel-Blutung.\n   Die 12. Woche ist die 12. Woche nach dem 1. Tag von Ihrer letzten Regel-Blutung.\n   Die Regel-Blutung ist das, was viele Frauen jeden Monat haben.\n   Das nennt man auch Periode.\n   Die 12. Woche ist also 2 Wochen vor der 14. Woche.\n   Das ist wichtig für die Berechnung.\n   Die 12. Woche ist also 2 Wochen vor der 14. Woche.\n   Das ist wichtig für die Berechnung.\n   Die 12. Woche ist also 2 Wochen vor der 14. Woche.\n   Das ist wichtig für die Berechnung.\n   Die 12. Woche ist also 2 Wochen vor der 14. Woche.\n   Das ist wichtig für die Berechnung.\n   Die 12. Woche ist also 2 Wochen vor der 14. Woche.\n   Das ist wichtig für die Berechnung.\n   Die 12. Woche ist also 2 Wochen vor der 14. Woche.\n   Das ist wichtig für die Berechnung.\n   Die 12. Woche ist also 2 Wochen vor der 14. Woche.\n   Das ist wichtig für die Berechnung.\n   Die 12. Woche ist also 2 Wochen vor der 14. Woche.\n   Das ist wichtig für die Berechnung.\n   Die 12. Woche ist also 2 Wochen vor der 14. Woche.\n   Das ist wichtig für die Berechnung.\n   Die 12. Woche ist also 2 Wochen vor der 14. Woche.\n   Das ist wichtig für die Berechnung.\n   Die 12. Woche ist also 2 Wochen vor der 14. Woche.\n   Das ist wichtig für die Berechnung.\n   Die 12. Woche ist also 2 Wochen vor der 14. Woche.\n   Das ist wichtig für die Berechnung.\n   Die 12. Woche ist also 2 Wochen vor der 14. Woche.\n   Das ist wichtig für die Berechnung.\n   Die 12. Woche ist also 2 Wochen vor der 14. Woche.\n   Das ist wichtig für die Berechnung.\n   Die 12. Woche ist also 2 Wochen vor der 14. Woche.\n   Das ist wichtig für die Berechnung.\n   Die 12. Woche ist also 2 Wochen vor der 14. Woche.\n   Das ist wichtig für die Berechnung.\n   Die 12. Woche ist also 2 Wochen vor der 14. Woche.\n   Das ist wichtig für die Berechnung.\n   Die 12. Woche ist also 2 Wochen vor der 14. Woche.\n   Das ist wichtig für die Berechnung.\n   Die 12. Woche ist also 2 Wochen vor der 14. Woche.\n   Das ist wichtig für die Berechnung.\n   Die 12. Woche ist also 2 Wochen vor der 14. Woche.\n   Das ist wichtig für die Berechnung.\n   Die 12. Woche ist also 2 Wochen vor der 14. Woche.\n   Das ist wichtig für die Berechnung.\n   Die 12. Woche ist also 2 Wochen vor der 14. Woche.\n   Das ist wichtig für die Berechnung.\n   Die 12. Woche ist also 2 Wochen vor der 14. Woche.\n   Das ist wichtig für die Berechnung.\n   Die 12. Woche ist also 2 Wochen vor der 14. Woche.\n   Das ist wichtig für die Berechnung.\n   Die 12. Woche ist also 2 Wochen vor der 14. Woche.\n   Das ist wichtig für die Berechnung.\n   Die 12. Woche ist also 2 Wochen vor der 14. Woche.\n   Das ist wichtig für die Berechnung.\n   Die 12. Woche ist also 2 Wochen vor der 14. Woche.\n   Das ist wichtig für die Berechnung.\n   Die 12. Woche ist also 2 Wochen vor der 14. Woche.\n   Das ist wichtig für die Berechnung.\n   Die 12. Woche ist also 2 Wochen vor der 14. Woche.\n   Das ist wichtig für die Berechnung.\n   Die 12. Woche ist also 2 Wochen vor der 14. Woche.\n   Das ist wichtig für die Berechnung.\n   Die 12. Woche ist also 2 Wochen vor der 14. Woche.\n   Das ist wichtig für die Berechnung.\n   Die 12. Woche ist also 2 Wochen vor der 14. Woche.\n   Das ist wichtig für die Berechnung.\n   Die 12. Woche ist also 2 Wochen vor der 14. Woche.\n   Das ist wichtig für die Berechnung.\n   Die 12. Woche ist also 2 Wochen vor der 14. Woche.\n   Das ist wichtig für die Berechnung.\n   Die 12. Woche ist also 2 Wochen vor der 14. Woche.\n   Das ist wichtig für die Berechnung.\n   Die 12. Woche ist also 2 Wochen vor der 14. Woche.\n   Das ist wichtig für die Berechnung.\n   Die 12. Woche ist also 2 Wochen vor der 14. Woche.\n   Das ist wichtig für die Berechnung.\n   Die 12. Woche ist also 2 Wochen vor der 14. Woche.\n   Das ist wichtig für die Berechnung.\n   Die 12. Woche ist also 2 Wochen vor der 14. Woche.\n   Das ist wichtig für die Berechnung.\n   Die 12. Woche ist also 2 Wochen vor der 14. Woche.\n   Das ist wichtig für die Berechnung.\n   Die 12. Woche ist also 2 Wochen vor der 14. Woche.\n   Das ist wichtig für die Berechnung.\n   Die 12. Woche ist also 2 Wochen vor der 14. Woche.\n   Das ist wichtig für die Berechnung.\n   Die 12. Woche ist also 2 Wochen vor der 14. Woche.\n   Das ist wichtig für die Berechnung.\n   Die 12. Woche ist also 2 Wochen vor der 14. Woche.\n   Das ist wichtig für die Berechnung.\n   Die 12. Woche ist also 2 Wochen vor der 14. Woche.\n   Das ist wichtig für die Berechnung.\n   Die 12. Woche ist also 2 Wochen vor der 14. Woche.\n   Das ist wichtig für die Berechnung.\n   Die 12. Woche ist also 2 Wochen vor der 14. Woche.\n   Das ist wichtig für die Berechnung.\n   Die 12. Woche ist also 2 Wochen vor der 14. Woche.\n   Das ist wichtig für die Berechnung.\n   Die 12. Woche ist also 2 Wochen vor der 14. Woche.\n   Das ist wichtig für die Berechnung.\n   Die 12. Woche ist also 2 Wochen vor der 14. Woche.\n   Das ist wichtig für die Berechnung.\n   Die 12. Woche ist also 2 Wochen vor der 14. Woche.\n   Das ist wichtig für die Berechnung.\n   Die 12. Woche ist also 2 Wochen vor der 14. Woche.\n   Das ist wichtig für die Berechnung.\n   Die 12. Woche ist also 2 Wochen vor der 14. Woche.\n   Das ist wichtig für die Berechnung.\n   Die 12. Woche ist also 2 Wochen vor der 14. Woche.\n   Das ist wichtig für die Berechnung.\n   Die 12. Woche ist also 2 Wochen vor der 14. Woche.\n   Das ist wichtig für die Berechnung.\n   Die 12. Woche ist also 2 Wochen vor der 14. Woche.\n   Das ist wichtig für die Berechnung.\n   Die 12. Woche ist also 2 Wochen vor der 14. Woche.\n   Das ist wichtig für die Berechnung.\n   Die 12. Woche ist also 2 Wochen vor der 14. Woche.\n   Das ist wichtig für die Berechnung.\n   Die 12. Woche ist also 2 Wochen vor der 14. Woche.\n   Das ist wichtig für die Berechnung.\n   Die 12. Woche ist also 2 Wochen vor der 14. Woche.\n   Das ist wichtig für die Berechnung.\n   Die 12. Woche ist also 2 Wochen vor der 14. Woche.\n   Das ist wichtig für die Berechnung.\n   Die 12. Woche ist also 2 Wochen vor der 14. Woche.\n   Das ist wichtig für die Berechnung.\n   Die 12. Woche ist also 2 Wochen vor der 14. Woche.\n   Das ist wichtig für die Berechnung.\n   Die 12. Woche ist also 2 Wochen vor der 14. Woche.\n   Das ist wichtig für die Berechnung.\n   Die 12. Woche ist also 2 Wochen vor der 14. Woche.\n   Das ist wichtig für die Berechnung.\n   Die 12. Woche ist also 2 Wochen vor der 14. Woche.\n   Das ist wichtig für die Berechnung.\n   Die 12. Woche ist also 2 Wochen vor der 14. Woche.\n   Das ist wichtig für die Berechnung.\n   Die 12. Woche ist also 2 Wochen vor der 14. Woche.\n   Das ist wichtig für die Berechnung.\n   Die 12. Woche ist also 2 Wochen vor der 14. Woche.\n   Das ist wichtig für die Berechnung.\n   Die 12. Woche ist also 2 Wochen vor der 14. Woche.\n   Das ist wichtig für die Berechnung.\n   Die 12. Woche ist also 2 Wochen vor der 14. Woche.\n   Das ist wichtig für die Berechnung.\n   Die 12. Woche ist also 2 Wochen vor der 14. Woche.\n   Das ist wichtig für die Berechnung.\n   Die 12. Woche ist also 2 Wochen vor der 14. Woche.\n   Das ist wichtig für die Berechnung.\n   Die 12. Woche ist also 2 Wochen vor der 14. Woche.\n   Das ist wichtig für die Berechnung.\n   Die 12. Woche ist also 2 Wochen vor der 14. Woche.\n   Das ist wichtig für die Berechnung.\n   Die 12. Woche ist also 2 Wochen vor der 14. Woche.\n   Das ist wichtig für die Berechnung.\n   Die 12. Woche ist also 2 Wochen vor der 14. Woche.\n   Das ist wichtig für die Berechnung.\n   Die 12. Woche ist also 2 Wochen vor der 14. Woche.\n   Das ist wichtig für die Berechnung.\n   Die 12. Woche ist also 2 Wochen vor der 14. Woche.\n   Das ist wichtig für die Berechnung.\n   Die 12. Woche ist also 2 Wochen vor der 14. Woche.\n   Das ist wichtig für die Berechnung.\n   Die 12. Woche ist also 2 Wochen vor der 14. Woche.\n   Das ist wichtig für die Berechnung.\n   Die 12. Woche ist also 2 Wochen vor der 14. Woche.\n   Das ist wichtig für die Berechnung.\n   Die 12. Woche ist also 2 Wochen vor der 14. Woche.\n   Das ist wichtig für die Berechnung.\n   Die 12. Woche ist also 2 Wochen vor der 14. Woche.\n   Das ist wichtig für die Berechnung.\n   Die 12. Woche ist also 2 Wochen vor der 14. Woche.\n   Das ist wichtig für die Berechnung.\n   Die 12. Woche ist also 2 Wochen vor der 14. Woche.\n   Das ist wichtig für die Berechnung.\n   Die 12. Woche ist also 2 Wochen vor der 14. Woche.\n   Das ist wichtig für die Berechnung.\n   Die 12. Woche ist also 2 Wochen vor der 14. Woche.\n   Das ist wichtig für die Berechnung.\n   Die 12. Woche ist also 2 Wochen vor der 14. Woche.\n   Das ist wichtig für die Berechnung.\n   Die 12. Woche ist also 2 Wochen vor der 14. Woche.\n   Das ist wichtig für die Berechnung.\n   Die 12. Woche ist also 2 Wochen vor der 14. Woche.\n   Das ist wichtig für die Berechnung.\n   Die 12. Woche ist also 2 Wochen vor der 14. Woche.\n   Das ist wichtig für die Berechnung.\n   Die 12. Woche ist also 2 Wochen vor der 14. Woche.\n   Das ist wichtig für die Berechnung.\n   Die 12. Woche ist also 2 Wochen vor der 14. Woche.\n   Das ist wichtig für die Berechnung.\n   Die 12. Woche ist also 2 Wochen vor der 14. Woche.\n   Das ist wichtig für die Berechnung.\n   Die 12. Woche ist also 2 Wochen vor der 14. Woche.\n   Das ist wichtig für die Berechnung.\n   Die 12. Woche ist also 2 Wochen vor der 14. Woche.\n   Das ist wichtig für die Berechnung.\n   Die 12. Woche ist also 2 Wochen vor der 14. Woche.\n   Das ist wichtig für die Berechnung.\n   Die 12. Woche ist also 2 Wochen vor der 14. Woche.\n   Das ist wichtig für die Berechnung.\n   Die 12. Woche ist also 2 Wochen vor der 14. Woche.\n   Das ist wichtig für die Berechnung.\n   Die 12. Woche ist also 2 Wochen vor der 14. Woche.\n   Das ist wichtig für die Berechnung.\n   Die 12. Woche ist also 2 Wochen vor der 14. Woche.\n   Das ist wichtig für die Berechnung.\n   Die 12. Woche ist also 2 Wochen vor der 14. Woche.\n   Das ist wichtig für die Berechnung.\n   Die 12. Woche ist also 2 Wochen vor der 14. Woche.\n   Das ist wichtig für die Berechnung.\n   Die 12. Woche ist also 2 Wochen vor der 14. Woche.\n   Das ist wichtig für die Berechnung.\n   Die 12. Woche ist also 2 Wochen vor der 14. Woche.\n   Das ist wichtig für die Berechnung.\n   Die 12. Woche ist also 2 Wochen vor der 14. Woche.\n   Das ist wichtig für die Berechnung.\n   Die 12. Woche ist also 2 Wochen vor der 14. Woche.\n   Das ist wichtig für die Berechnung.\n   Die 12. Woche ist also 2 Wochen vor der 14. Woche.\n   Das ist wichtig für die Berechnung.\n   Die 12. Woche ist also 2 Wochen vor der 14. Woche.\n   Das ist wichtig für die Berechnung.\n   Die 12. Woche ist also 2 Wochen vor der 14. Woche.\n   Das ist wichtig für die Berechnung.\n   Die 12. Woche ist also 2 Wochen vor der 14. Woche.\n   Das ist wichtig für die Berechnung.\n   Die 12. Woche ist also 2 Wochen vor der 14. Woche.\n   Das ist wichtig für die Berechnung.\n   Die 12. Woche ist also 2 Wochen vor der 14. Woche.\n   Das ist wichtig für die Berechnung.\n   Die 12. Woche ist also 2 Wochen vor der 14. Woche.\n   Das ist wichtig für die Berechnung.\n   Die 12. Woche ist also 2 Wochen vor der 14. Woche.\n   Das ist wichtig für die Berechnung.\n   Die 12. Woche ist also 2 Wochen vor der 14. Woche.\n   Das ist wichtig für die Berechnung.\n   Die 12. Woche ist also 2 Wochen vor der 14. Woche.\n   Das ist wichtig für die Berechnung.\n   Die 12. Woche ist also 2 Wochen vor der 14. Woche.\n   Das ist wichtig für die Berechnung.\n   Die 12. Woche ist also 2 Wochen vor der 14. Woche.\n   Das ist wichtig für die Berechnung.\n   Die 12. Woche ist also 2 Wochen vor der 14. Woche.\n   Das ist wichtig für die Berechnung.\n   Die 12. Woche ist also 2 Wochen vor der 14. Woche.\n   Das ist wichtig für die Berechnung.\n   Die 12. Woche ist also 2 Wochen vor der 14. Woche.\n   Das ist wichtig für die Berechnung.\n   Die 12. Woche ist also 2 Wochen vor der 14. Woche.\n   Das ist wichtig für die Berechnung.\n   Die 12. Woche ist also 2 Wochen vor der 14. Woche.\n   Das ist wichtig für die Berechnung.\n   Die 12. Woche ist also 2 Wochen vor der 14. Woche.\n   Das ist wichtig für die Berechnung.\n   Die 12. Woche ist also 2 Wochen vor der 14. Woche.\n   Das ist wichtig für die Berechnung.\n   Die 12. Woche ist also 2 Wochen vor der 14. Woche.\n   Das ist wichtig für die Berechnung.\n   Die 12. Woche ist also 2 Wochen vor der 14. Woche.\n   Das ist wichtig für die Berechnung.\n   Die 12. Woche ist also 2 Wochen vor der 14. Woche.\n   Das ist wichtig für die Berechnung.\n   Die 12. Woche ist also 2 Wochen vor der 14. Woche.\n   Das ist wichtig für die Berechnung.\n   Die 12. Woche ist also 2 Wochen vor der 14. Woche.\n   Das ist wichtig für die Berechnung.\n   Die 12. Woche ist also 2 Wochen vor der 14. Woche.\n   Das ist wichtig für die Berechnung.\n   Die 12. Woche ist also 2 Wochen vor der 14. Woche.\n   Das ist wichtig für die Berechnung.\n   Die 12. Woche ist also 2 Wochen vor der 14. Woche.\n   Das ist wichtig für die Berechnung.\n   Die 12. Woche ist also 2 Wochen vor der 14
Gynäkologische Sprechstunde bei Mobilitätseinschränkungen;Gynäkologische Sprechstunde bei Mobilitäts-Einschränkungen\n\nSie haben Probleme mit der Bewegung?\nSie können nicht gut laufen?\nSie sind im Roll-Stuhl?\nSie haben andere Probleme mit der Bewegung?\nDann können Sie in die Sprech-Stunde kommen.
Wenn Sie in Ihrer Beweglichkeit eingeschränkt und auf Hilfsmittel wie einen Rollstuhl angewiesen sind, können Sie die Gynäkologische Sprechstunde besuchen.;Die Gynäkologische Sprech-Stunde ist für Frauen und Mädchen mit Behinderung.\nDie Frauen und Mädchen müssen mindestens 18 Jahre alt sein.\nIn der Sprech-Stunde arbeitet ein Frauen-Arzt.\nDer Frauen-Arzt heißt Dr. med. Michael Schultze.\nDer Frauen-Arzt arbeitet in der Frauen-Klinik.\nDie Frauen-Klinik ist im Klinikum Schwabing.\nDie Frauen-Klinik ist ein Kranken-Haus.\nDie Frauen-Klinik ist ein spezielles Kranken-Haus.\nIn der Frauen-Klinik arbeiten nur Frauen-Ärzte.\nIn der Frauen-Klinik arbeiten nur Frauen-Pflegerinnen.\nIn der Frauen-Klinik arbeiten nur Frauen-Pfleger.\nIn der Frauen-Klinik arbeiten nur Frauen-Hebammen.\nIn der Frauen-Klinik arbeiten nur Frauen-Gesundheits-Pflegerinnen.\nIn der Frauen-Klinik arbeiten nur Frauen-Gesundheits-Pfleger.\nIn der Frauen-Klinik arbeiten nur Frauen-Gesundheits- und Kranken-Pflegerinnen.\nIn der Frauen-Klinik arbeiten nur Frauen-Gesundheits- und Kranken-Pfleger.\nIn der Frauen-Klinik arbeiten nur Frauen-Kranken-Pflegerinnen.\nIn der Frauen-Klinik arbeiten nur Frauen-Kranken-Pfleger.\nIn der Frauen-Klinik arbeiten nur Frauen-Kranken-Pflege-Helferinnen.\nIn der Frauen-Klinik arbeiten nur Frauen-Kranken-Pflege-Helfer.\nIn der Frauen-Klinik arbeiten nur Frauen-Kranken-Pflege-Hilfs-Kräfte.\nIn der Frauen-Klinik arbeiten nur Frauen-Kranken-Pflege-Hilfs-Kräfte.\nIn der Frauen-Klinik arbeiten nur Frauen-Kranken-Pflege-Hilfs-Personen.\nIn der Frauen-Klinik arbeiten nur Frauen-Kranken-Pflege-Hilfs-Personen.\nIn der Frauen-Klinik arbeiten nur Frauen-Kranken-Pflege-Hilfs-Kräfte.\nIn der Frauen-Klinik arbeiten nur Frauen-Kranken-Pflege-Hilfs-Kräfte.\nIn der Frauen-Klinik arbeiten nur Frauen-Kranken-Pflege-Hilfs-Personen.\nIn der Frauen-Klinik arbeiten nur Frauen-Kranken-Pflege-Hilfs-Personen.\nIn der Frauen-Klinik arbeiten nur Frauen-Kranken-Pflege-Hilfs-Kräfte.\nIn der Frauen-Klinik arbeiten nur Frauen-Kranken-Pflege-Hilfs-Kräfte.\nIn der Frauen-Klinik arbeiten nur Frauen-Kranken-Pflege-Hilfs-Personen.\nIn der Frauen-Klinik arbeiten nur Frauen-Kranken-Pflege-Hilfs-Personen.\nIn der Frauen-Klinik arbeiten nur Frauen-Kranken-Pflege-Hilfs-Kräfte.\nIn der Frauen-Klinik arbeiten nur Frauen-Kranken-Pflege-Hilfs-Kräfte.\nIn der Frauen-Klinik arbeiten nur Frauen-Kranken-Pflege-Hilfs-Personen.\nIn der Frauen-Klinik arbeiten nur Frauen-Kranken-Pflege-Hilfs-Personen.\nIn der Frauen-Klinik arbeiten nur Frauen-Kranken-Pflege-Hilfs-Kräfte.\nIn der Frauen-Klinik arbeiten nur Frauen-Kranken-Pflege-Hilfs-Kräfte.\nIn der Frauen-Klinik arbeiten nur Frauen-Kranken-Pflege-Hilfs-Personen.\nIn der Frauen-Klinik arbeiten nur Frauen-Kranken-Pflege-Hilfs-Personen.\nIn der Frauen-Klinik arbeiten nur Frauen-Kranken-Pflege-Hilfs-Kräfte.\nIn der Frauen-Klinik arbeiten nur Frauen-Kranken-Pflege-Hilfs-Kräfte.\nIn der Frauen-Klinik arbeiten nur Frauen-Kranken-Pflege-Hilfs-Personen.\nIn der Frauen-Klinik arbeiten nur Frauen-Kranken-Pflege-Hilfs-Personen.\nIn der Frauen-Klinik arbeiten nur Frauen-Kranken-Pflege-Hilfs-Kräfte.\nIn der Frauen-Klinik arbeiten nur Frauen-Kranken-Pflege-Hilfs-Kräfte.\nIn der Frauen-Klinik arbeiten nur Frauen-Kranken-Pflege-Hilfs-Personen.\nIn der Frauen-Klinik arbeiten nur Frauen-Kranken-Pflege-Hilfs-Personen.\nIn der Frauen-Klinik arbeiten nur Frauen-Kranken-Pflege-Hilfs-Kräfte.\nIn der Frauen-Klinik arbeiten nur Frauen-Kranken-Pflege-Hilfs-Kräfte.\nIn der Frauen-Klinik arbeiten nur Frauen-Kranken-Pflege-Hilfs-Personen.\nIn der Frauen-Klinik arbeiten nur Frauen-Kranken-Pflege-Hilfs-Personen.\nIn der Frauen-Klinik arbeiten nur Frauen-Kranken-Pflege-Hilfs-Kräfte.\nIn der Frauen-Klinik arbeiten nur Frauen-Kranken-Pflege-Hilfs-Kräfte.\nIn der Frauen-Klinik arbeiten nur Frauen-Kranken-Pflege-Hilfs-Personen.\nIn der Frauen-Klinik arbeiten nur Frauen-Kranken-Pflege-Hilfs-Personen.\nIn der Frauen-Klinik arbeiten nur Frauen-Kranken-Pflege-Hilfs-Kräfte.\nIn der Frauen-Klinik arbeiten nur Frauen-Kranken-Pflege-Hilfs-Kräfte.\nIn der Frauen-Klinik arbeiten nur Frauen-Kranken-Pflege-Hilfs-Personen.\nIn der Frauen-Klinik arbeiten nur Frauen-Kranken-Pflege-Hilfs-Personen.\nIn der Frauen-Klinik arbeiten nur Frauen-Kranken-Pflege-Hilfs-Kräfte.\nIn der Frauen-Klinik arbeiten nur Frauen-Kranken-Pflege-Hilfs-Kräfte.\nIn der Frauen-Klinik arbeiten nur Frauen-Kranken-Pflege-Hilfs-Personen.\nIn der Frauen-Klinik arbeiten nur Frauen-Kranken-Pflege-Hilfs-Personen.\nIn der Frauen-Klinik arbeiten nur Frauen-Kranken-Pflege-Hilfs-Kräfte.\nIn der Frauen-Klinik arbeiten nur Frauen-Kranken-Pflege-Hilfs-Kräfte.\nIn der Frauen-Klinik arbeiten nur Frauen-Kranken-Pflege-Hilfs-Personen.\nIn der Frauen-Klinik arbeiten nur Frauen-Kranken-Pflege-Hilfs-Personen.\nIn der Frauen-Klinik arbeiten nur Frauen-Kranken-Pflege-Hilfs-Kräfte.\nIn der Frauen-Klinik arbeiten nur Frauen-Kranken-Pflege-Hilfs-Kräfte.\nIn der Frauen-Klinik arbeiten nur Frauen-Kranken-Pflege-Hilfs-Personen.\nIn der Frauen-Klinik arbeiten nur Frauen-Kranken-Pflege-Hilfs-Personen.\nIn der Frauen-Klinik arbeiten nur Frauen-Kranken-Pflege-Hilfs-Kräfte.\nIn der Frauen-Klinik arbeiten nur Frauen-Kranken-Pflege-Hilfs-Kräfte.\nIn der Frauen-Klinik arbeiten nur Frauen-Kranken-Pflege-Hilfs-Personen.\nIn der Frauen-Klinik arbeiten nur Frauen-Kranken-Pflege-Hilfs-Personen.\nIn der Frauen-Klinik arbeiten nur Frauen-Kranken-Pflege-Hilfs-Kräfte.\nIn der Frauen-Klinik arbeiten nur Frauen-Kranken-Pflege-Hilfs-Kräfte.\nIn der Frauen-Klinik arbeiten nur Frauen-Kranken-Pflege-Hilfs-Personen.\nIn der Frauen-Klinik arbeiten nur Frauen-Kranken-Pflege-Hilfs-Personen.\nIn der Frauen-Klinik arbeiten nur Frauen-Kranken-Pflege-Hilfs-Kräfte.\nIn der Frauen-Klinik arbeiten nur Frauen-Kranken-Pflege-Hilfs-Kräfte.\nIn der Frauen-Klinik arbeiten nur Frauen-Kranken-Pflege-Hilfs-Personen.\nIn der Frauen-Klinik arbeiten nur Frauen-Kranken-Pflege-Hilfs-Personen.\nIn der Frauen-Klinik arbeiten nur Frauen-Kranken-Pflege-Hilfs-Kräfte.\nIn der Frauen-Klinik arbeiten nur Frauen-Kranken-Pflege-Hilfs-Kräfte.\nIn der Frauen-Klinik arbeiten nur Frauen-Kranken-Pflege-Hilfs-Personen.\nIn der Frauen-Klinik arbeiten nur Frauen-Kranken-Pflege-Hilfs-Personen.\nIn der Frauen-Klinik arbeiten nur Frauen-Kranken-Pflege-Hilfs-Kräfte.\nIn der Frauen-Klinik arbeiten nur Frauen-Kranken-Pflege-Hilfs-Kräfte.\nIn der Frauen-Klinik arbeiten nur Frauen-Kranken-Pflege-Hilfs-Personen.\nIn der Frauen-Klinik arbeiten nur Frauen-Kranken-Pflege-Hilfs-Personen.\nIn der Frauen-Klinik arbeiten nur Frauen-Kranken-Pflege-Hilfs-Kräfte.\nIn der Frauen-Klinik arbeiten nur Frauen-Kranken-Pflege-Hilfs-Kräfte.\nIn der Frauen-Klinik arbeiten nur Frauen-Kranken-Pflege-Hilfs-Personen.\nIn der Frauen-Klinik arbeiten nur Frauen-Kranken-Pflege-Hilfs-Personen.\nIn der Frauen-Klinik arbeiten nur Frauen-Kranken-Pflege-Hilfs-Kräfte.\nIn der Frauen-Klinik arbeiten nur Frauen-Kranken-Pflege-Hilfs-Kräfte.\nIn der Frauen-Klinik arbeiten nur Frauen-Kranken-Pflege-Hilfs-Personen.\nIn der Frauen-Klinik arbeiten nur Frauen-Kranken-Pflege-Hilfs-Personen.\nIn der Frauen-Klinik arbeiten nur Frauen-Kranken-Pflege-Hilfs-Kräfte.\nIn der Frauen-Klinik arbeiten nur Frauen-Kranken-Pflege-Hilfs-Kräfte.\nIn der Frauen-Klinik arbeiten nur Frauen-Kranken-Pflege-Hilfs-Personen.\nIn der Frauen-Klinik arbeiten nur Frauen-Kranken-Pflege-Hilfs-Personen.\nIn der Frauen-Klinik arbeiten nur Frauen-Kranken-Pflege-Hilfs-Kräfte.\nIn der Frauen-Klinik arbeiten nur Frauen-Kranken-Pflege-Hilfs-Kräfte.\nIn der Frauen-Klinik arbeiten nur Frauen-Kranken-Pflege-Hilfs-Personen.\nIn der Frauen-Klinik arbeiten nur Frauen-Kranken-Pflege-Hilfs-Personen.\nIn der Frauen-Klinik arbeiten nur Frauen-Kranken-Pflege-Hilfs-Kräfte.\nIn der Frauen-Klinik arbeiten nur Frauen-Kranken-Pflege-Hilfs-Kräfte.\nIn der Frauen-Klinik arbeiten nur Frauen-Kranken-Pflege-Hilfs-Personen.\nIn der Frauen-Klinik arbeiten nur Frauen-Kranken-Pflege-Hilfs-Personen.\nIn der Frauen-Klinik arbeiten nur Frauen-Kranken-Pflege-Hilfs-Kräfte.\nIn der Frauen-Klinik arbeiten nur Frauen-Kranken-Pflege-Hilfs-Kräfte.\nIn der Frauen-Klinik arbeiten nur Frauen-Kranken-Pflege-Hilfs-Personen.\nIn der Frauen-Klinik arbeiten nur Frauen-Kranken-Pflege-Hilfs-Personen.\nIn der Frauen-Klinik arbeiten nur Frauen-Kranken-Pflege-Hilfs-Kräfte.\nIn der Frauen-Klinik arbeiten nur Frauen-Kranken-Pflege-Hilfs-Kräfte.\nIn der Frauen-Klinik arbeiten nur Frauen-Kranken-Pflege-Hilfs-Personen.\nIn der Frauen-Klinik arbeiten nur Frauen-Kranken-Pflege-Hilfs-Personen.\nIn der Frauen-Klinik arbeiten nur Frauen-Kranken-Pflege-Hilfs-Kräfte.\nIn der Frauen-Klinik arbeiten nur Frauen-Kranken-Pflege-Hilfs-Kräfte.\nIn der Frauen-Klinik arbeiten nur Frauen-Kranken-Pflege-Hilfs-Personen.\nIn der Frauen-Klinik arbeiten nur Frauen-Kranken-Pflege-Hilfs-Personen.\nIn der Frauen-Klinik arbeiten nur Frauen-Kranken-Pflege-Hilfs-Kräfte.\nIn der Frauen-Klinik arbeiten nur Frauen-Kranken-Pflege-Hilfs-Kräfte.\nIn der Frauen-Klinik arbeiten nur Frauen-Kranken-Pflege-Hilfs-Personen.\nIn der Frauen-Klinik arbeiten nur Frauen-Kranken-Pflege-Hilfs-Personen.\nIn der Frauen-Klinik arbeiten nur Frauen-Kranken-Pflege-Hilfs-Kräfte.\nIn der Frauen-Klinik arbeiten nur Frauen-Kranken-Pflege-Hilfs-Kräfte.\nIn der Frauen-Klinik arbeiten nur Frauen-Kranken-Pflege-Hilfs-Personen.\nIn der Frauen-Klinik arbeiten nur Frauen-Kranken-Pflege-Hilfs-Personen.\nIn der Frauen-Klinik arbeiten nur Frauen-Kranken-Pflege-Hilfs-Kräfte.\nIn der Frauen-Klinik arbeiten nur Frauen-Kranken-Pflege-Hilfs-Kräfte.\nIn der Frauen-Klinik arbeiten nur Frauen-Kranken-Pflege-Hilfs-Personen.\nIn der Frauen-Klinik arbeiten nur Frauen-Kranken-Pflege-Hilfs-Personen.\nIn der Frauen-Klinik arbeiten nur Frauen-Kranken-Pflege-Hilfs-Kräfte.\nIn der Frauen-Klinik arbeiten nur Frauen-Kranken-Pflege-Hilfs-Kräfte.\nIn der Frauen-Klinik arbeiten nur Frauen-Kranken-Pflege-Hilfs-Personen.\nIn der Frauen-Klinik arbeiten nur Frauen-Kranken-Pflege-Hilfs-Personen.\nIn der Frauen-Klinik arbeiten nur Frauen-Kranken-Pflege-Hilfs-Kräfte.\nIn der Frauen-Klinik arbeiten nur Frauen-Kranken-Pflege-Hilfs-Kräfte.\nIn der Frauen-Klinik arbeiten nur Frauen-Kranken-Pflege-Hilfs-Personen.\nIn der Frauen-Klinik arbeiten nur Frauen-Kranken-Pflege-Hilfs-Personen.\nIn der Frauen-Klinik arbeiten nur Frauen-Kranken-Pflege-Hilfs-Kräfte.\nIn der Frauen-Klinik arbeiten nur Frauen-Kranken-Pflege-Hilfs-Kräfte.\nIn der Frauen-Klinik arbeiten nur Frauen-Kranken-Pflege-Hilfs-Personen.\nIn der Frauen-Klinik arbeiten nur Frauen-Kranken-Pflege-Hilfs-Personen.\nIn der Frauen-Klinik arbeiten nur Frauen-Kranken-Pflege-Hilfs-Kräfte.\nIn der Frauen-Klinik arbeiten nur Frauen-Kranken-Pflege-Hilfs-Kräfte.\nIn der Frauen-Klinik arbeiten nur Frauen-Kranken-Pflege-Hilfs-Personen.\nIn der Frauen-Klinik arbeiten nur Frauen-Kranken-Pflege-Hilfs-Personen.\nIn der Frauen-Klinik arbeiten nur Frauen-Kranken-Pflege-Hilfs-Kräfte.\nIn der Frauen-Klinik arbeiten nur Frauen-Kranken-Pflege-Hilfs-Kräfte.\nIn der Frauen-Klinik arbeiten nur Frauen-Kranken-Pflege-Hilfs-Personen.\nIn der Frauen-Klinik arbeiten nur Frauen-Kranken-Pflege-Hilfs-Personen.\nIn der Frauen-Klinik arbeiten nur Frauen-Kranken-Pflege-Hilfs-Kräfte.\nIn der Frauen-Klinik arbeiten nur Frauen-Kranken-Pflege-Hilfs-Kräfte.\nIn der Frauen-Klinik arbeiten nur Frauen-Kranken-Pflege-Hilfs-Personen.\nIn der Frauen-Klinik arbeiten nur Frauen-Kranken-Pflege-Hilfs-Personen.\nIn der Frauen-Klinik arbeiten nur Frauen-Kranken-Pflege-Hilfs-Kräfte.\nIn der Frauen-Klinik arbeiten nur Frauen-Kranken-Pflege-Hilfs-Kräfte.\nIn der Frauen-Klinik arbeiten nur Frauen-Kranken-Pflege-Hilfs-Personen.\nIn der Frauen-Klinik arbeiten nur Frauen-Kranken-Pflege-Hilfs-Personen.\nIn der Frauen-Klinik arbeiten nur Frauen-Kranken-Pflege-Hilfs-Kräfte.\nIn der Frauen-Klinik arbeiten nur Frauen-Kranken-Pflege-Hilfs-Kräfte.\nIn der Frauen-Klinik arbeiten nur Frauen-Kranken-Pflege-Hilfs-Personen.\nIn der Frauen-Klinik arbeiten nur Frauen-Kranken-Pflege-Hilfs-Personen.\nIn der Frauen-Klinik arbeiten nur Frauen-Kranken-Pflege-Hilfs-Kräfte.\nIn der Frauen-Klinik arbeiten nur Frauen-Kranken-Pflege-Hilfs-Kräfte.\nIn der Frauen-Klinik arbeiten nur Frauen-Kranken-Pflege-Hilfs-Personen.\nIn der Frauen-Klinik arbeiten nur Frauen-Kranken-Pflege-Hilfs-Personen.\nIn der Frauen-Klinik arbeiten nur Frauen-Kranken-Pflege-Hilfs-Kräfte.\nIn der Frauen-Klinik arbeiten nur Frauen-Kranken-Pflege-Hilfs-Kräfte.\nIn der Frauen-Klinik arbeiten nur Frauen-Kranken-Pflege-Hilfs-Personen.\nIn der Frauen-Klinik arbeiten nur Frauen-Kranken-Pflege-Hilfs-Personen.\nIn der Frauen-Klinik arbeiten nur Frauen-Kranken-Pflege-Hilfs-Kräfte.\nIn der Frauen-Klinik arbeiten nur Frauen-Kranken-Pflege-Hilfs-Kräfte.\nIn der Frauen-Klinik arbeiten nur Frauen-Kranken-Pflege-Hilfs-Personen.\nIn der Frauen-Klinik arbeiten nur Frauen-Kranken-Pflege-Hilfs-Personen.\nIn der Frauen-Klinik arbeiten nur Frauen-Kranken-Pflege-Hilfs-Kräfte.\nIn der Frauen-Klinik arbeiten nur Frauen-Kranken-Pflege-Hilfs-Kräfte.\nIn der Frauen-Klinik arbeiten nur Frauen-Kranken-Pflege-Hilfs-Personen.\nIn der Frauen-Klinik arbeiten nur Frauen-Kranken-Pflege-Hilfs-Personen.\nIn der Frauen-Klinik arbeiten nur Frauen-Kranken-Pflege-Hilfs-Kräfte.\nIn der Frauen-Klinik arbeiten nur Frauen-Kranken-Pflege-Hilfs-Kräfte.\nIn der Frauen-Klinik arbeiten nur Frauen-Kranken-Pflege-Hilfs-Personen.\nIn der Frauen-Klinik arbeiten
Behandlungsstuhl;Behandlungs-Stuhl
Frauen und Mädchen mit Mobilitätseinschränkungen, zum Beispiel Rollstuhlfahrerinnen. Frauen und Mädchen mit Mehrfachfachbehinderung sind ebenfalls herzlich willkommen.;Frauen und Mädchen mit Behinderung können in einer Gruppe Sport machen.\nDie Gruppe ist nur für Frauen und Mädchen mit Behinderung.\nDie Gruppe ist für Frauen und Mädchen ab 16 Jahren.\nEs ist egal, welche Behinderung Sie haben.\nZum Beispiel:\n* Sie können nicht gut laufen.\n* Sie sind im Roll-Stuhl.\n* Sie haben eine Lern-Behinderung.\n* Sie haben eine Seh-Behinderung.\n* Sie haben eine Hör-Behinderung.\n* Sie haben eine Körper-Behinderung.\n* Sie haben eine Mehrfach-Behinderung.\n  Das heißt:\n  Sie haben zum Beispiel eine Körper-Behinderung\n  und eine Lern-Behinderung.\n  Oder Sie haben eine Körper-Behinderung\n  und eine Seh-Behinderung.\n  Oder Sie haben eine Körper-Behinderung\n  und eine Hör-Behinderung.\n  Oder Sie haben eine Körper-Behinderung\n  und eine Lern-Behinderung\n  und eine Seh-Behinderung.
Die Gynäkolog*innen werden von einer erfahrenen Pflegefachkraft und einer Medizinischen Fachangestellten unterstützt. Es ist jedoch auch möglich, eine eigene Begleitperson mitzubringen.\n\nDie gynäkologische Sprechstunde beinhaltet folgende Angebote:\n* Vorsorgeuntersuchungen\n* Diagnostik und Therapie bei gynäkologischen Beschwerden und Erkrankungen\n* Schwangerschaftsbegleitung\n* Beratung zu Sexualität, Kinderwunsch und Verhütung\n* Begleitung in den Wechseljahren;Die Gynäkologen und Gynäkologinnen werden von einer erfahrenen Pflege-Kraft und einer Medizinischen Fach-Angestellten unterstützt.\nSie können auch eine eigene Begleit-Person mitbringen.\n\nIn der gynäkologischen Sprech-Stunde können Sie sich beraten lassen.\nZum Beispiel über:\n* Verhütung\n* Schwangerschaft\n* Wechsel-Jahre\n* Sexualität\n* Kinder-Wunsch\n* Frauen-Krankheiten\n* Frauen-Beschwerden\n* Frauen-Erkrankungen\n* Frauen-Untersuchungen\n* Frauen-Vorsorge-Untersuchungen
Bürgerversammlung;Bürger-Versammlung
Einmal im Jahr findet in jedem der Münchner Stadtbezirke eine Bürgerversammlung statt. Hier haben die Bürger*innen das Wort.;Die Stadt München lädt alle Bürger und Bürgerinnen zu der Bürgerversammlung ein.\nDie Bürgerversammlung ist einmal im Jahr.\nEs gibt in jedem Stadt-Bezirk eine eigene Bürgerversammlung.\nEs gibt 25 Stadt-Bezirke in München.\nDie Bürgerversammlung ist eine Versammlung.\nDas bedeutet:\nViele Menschen treffen sich an einem Ort.\nDie Menschen reden über wichtige Dinge.\nDie Menschen können Fragen stellen.\nDie Menschen können ihre Meinung sagen.\nDie Menschen können Vorschläge machen.\nDie Menschen können Kritik äußern.\nDie Menschen können Anträge stellen.\nEin Antrag ist ein Vorschlag.\nZum Beispiel:\nEin Bürger sagt:\nIn meiner Straße gibt es zu viel Verkehr.\nDie Kinder können nicht sicher über die Straße gehen.\nKönnen Sie das ändern?\nDas ist ein Antrag.\nDie Bürgerversammlung ist für alle Bürger und Bürgerinnen.\nJeder Bürger und jede Bürgerin kann zur Bürgerversammlung kommen.\nJeder Bürger und jede Bürgerin kann bei der Bürgerversammlung mitreden.\nJeder Bürger und jede Bürgerin kann bei der Bürgerversammlung mitbestimmen.\nJeder Bürger und jede Bürgerin kann bei der Bürgerversammlung mitgestalten.\nDas bedeutet:\nJeder Bürger und jede Bürgerin kann bei der Bürgerversammlung seine Meinung sagen.\nJeder Bürger und jede Bürgerin kann bei der Bürgerversammlung Vorschläge machen.\nJeder Bürger und jede Bürgerin kann bei der Bürgerversammlung Kritik äußern.\nJeder Bürger und jede Bürgerin kann bei der Bürgerversammlung Anträge stellen.\nDie Bürgerversammlung ist für alle Bürger und Bürgerinnen.\nDie Bürgerversammlung ist für alle Menschen mit Behinderung.\nDie Bürgerversammlung ist für alle Menschen mit Migrations-Hintergrund.\nDie Bürgerversammlung ist für alle Menschen.\nDie Bürgerversammlung ist für alle Menschen, die in München wohnen.\nDie Bürgerversammlung ist für alle Menschen, die in München arbeiten.\nDie Bürgerversammlung ist für alle Menschen, die in München studieren.\nDie Bürgerversammlung ist für alle Menschen, die in München zur Schule gehen.\nDie Bürgerversammlung ist für alle Menschen, die in München ein Geschäft haben.\nDie Bürgerversammlung ist für alle Menschen, die in München ein Geschäft führen.\nDie Bürgerversammlung ist für alle Menschen, die in München einkaufen.\nDie Bürgerversammlung ist für alle Menschen, die in München ein Museum besuchen.\nDie Bürgerversammlung ist für alle Menschen, die in München ein Theater besuchen.\nDie Bürgerversammlung ist für alle Menschen, die in München ein Konzert besuchen.\nDie Bürgerversammlung ist für alle Menschen, die in München ein Kino besuchen.\nDie Bürgerversammlung ist für alle Menschen, die in München ein Schwimmbad besuchen.\nDie Bürgerversammlung ist für alle Menschen, die in München ein Sport-Gerät benutzen.\nDie Bürgerversammlung ist für alle Menschen, die in München ein Fitness-Studio besuchen.\nDie Bürgerversammlung ist für alle Menschen, die in München ein Restaurant besuchen.\nDie Bürgerversammlung ist für alle Menschen, die in München ein Café besuchen.\nDie Bürgerversammlung ist für alle Menschen, die in München ein Bier-Garten besuchen.\nDie Bürgerversammlung ist für alle Menschen, die in München ein Fest besuchen.\nDie Bürgerversammlung ist für alle Menschen, die in München ein Fest feiern.\nDie Bürgerversammlung ist für alle Menschen, die in München ein Fest organisieren.\nDie Bürgerversammlung ist für alle Menschen, die in München ein Fest veranstalten.\nDie Bürgerversammlung ist für alle Menschen, die in München ein Fest planen.\nDie Bürgerversammlung ist für alle Menschen, die in München ein Fest vorbereiten.\nDie Bürgerversammlung ist für alle Menschen, die in München ein Fest aufräumen.\nDie Bürgerversammlung ist für alle Menschen, die in München ein Fest abbauen.\nDie Bürgerversammlung ist für alle Menschen, die in München ein Fest nachbereiten.\nDie Bürgerversammlung ist für alle Menschen, die in München ein Fest nacharbeiten.\nDie Bürgerversammlung ist für alle Menschen, die in München ein Fest nachholen.\nDie Bürgerversammlung ist für alle Menschen, die in München ein Fest nachfeiern.\nDie Bürgerversammlung ist für alle Menschen, die in München ein Fest nachveranstalten.\nDie Bürgerversammlung ist für alle Menschen, die in München ein Fest nachplanen.\nDie Bürgerversammlung ist für alle Menschen, die in München ein Fest nachvorbereiten.\nDie Bürgerversammlung ist für alle Menschen, die in München ein Fest nachaufräumen.\nDie Bürgerversammlung ist für alle Menschen, die in München ein Fest nachabbauen.\nDie Bürgerversammlung ist für alle Menschen, die in München ein Fest nachbereiten.\nDie Bürgerversammlung ist für alle Menschen, die in München ein Fest nacharbeiten.\nDie Bürgerversammlung ist für alle Menschen, die in München ein Fest nachholen.\nDie Bürgerversammlung ist für alle Menschen, die in München ein Fest nachfeiern.\nDie Bürgerversammlung ist für alle Menschen, die in München ein Fest nachveranstalten.\nDie Bürgerversammlung ist für alle Menschen, die in München ein Fest nachplanen.\nDie Bürgerversammlung ist für alle Menschen, die in München ein Fest nachvorbereiten.\nDie Bürgerversammlung ist für alle Menschen, die in München ein Fest nachaufräumen.\nDie Bürgerversammlung ist für alle Menschen, die in München ein Fest nachabbauen.\nDie Bürgerversammlung ist für alle Menschen, die in München ein Fest nachbereiten.\nDie Bürgerversammlung ist für alle Menschen, die in München ein Fest nacharbeiten.\nDie Bürgerversammlung ist für alle Menschen, die in München ein Fest nachholen.\nDie Bürgerversammlung ist für alle Menschen, die in München ein Fest nachfeiern.\nDie Bürgerversammlung ist für alle Menschen, die in München ein Fest nachveranstalten.\nDie Bürgerversammlung ist für alle Menschen, die in München ein Fest nachplanen.\nDie Bürgerversammlung ist für alle Menschen, die in München ein Fest nachvorbereiten.\nDie Bürgerversammlung ist für alle Menschen, die in München ein Fest nachaufräumen.\nDie Bürgerversammlung ist für alle Menschen, die in München ein Fest nachabbauen.\nDie Bürgerversammlung ist für alle Menschen, die in München ein Fest nachbereiten.\nDie Bürgerversammlung ist für alle Menschen, die in München ein Fest nacharbeiten.\nDie Bürgerversammlung ist für alle Menschen, die in München ein Fest nachholen.\nDie Bürgerversammlung ist für alle Menschen, die in München ein Fest nachfeiern.\nDie Bürgerversammlung ist für alle Menschen, die in München ein Fest nachveranstalten.\nDie Bürgerversammlung ist für alle Menschen, die in München ein Fest nachplanen.\nDie Bürgerversammlung ist für alle Menschen, die in München ein Fest nachvorbereiten.\nDie Bürgerversammlung ist für alle Menschen, die in München ein Fest nachaufräumen.\nDie Bürgerversammlung ist für alle Menschen, die in München ein Fest nachabbauen.\nDie Bürgerversammlung ist für alle Menschen, die in München ein Fest nachbereiten.\nDie Bürgerversammlung ist für alle Menschen, die in München ein Fest nacharbeiten.\nDie Bürgerversammlung ist für alle Menschen, die in München ein Fest nachholen.\nDie Bürgerversammlung ist für alle Menschen, die in München ein Fest nachfeiern.\nDie Bürgerversammlung ist für alle Menschen, die in München ein Fest nachveranstalten.\nDie Bürgerversammlung ist für alle Menschen, die in München ein Fest nachplanen.\nDie Bürgerversammlung ist für alle Menschen, die in München ein Fest nachvorbereiten.\nDie Bürgerversammlung ist für alle Menschen, die in München ein Fest nachaufräumen.\nDie Bürgerversammlung ist für alle Menschen, die in München ein Fest nachabbauen.\nDie Bürgerversammlung ist für alle Menschen, die in München ein Fest nachbereiten.\nDie Bürgerversammlung ist für alle Menschen, die in München ein Fest nacharbeiten.\nDie Bürgerversammlung ist für alle Menschen, die in München ein Fest nachholen.\nDie Bürgerversammlung ist für alle Menschen, die in München ein Fest nachfeiern.\nDie Bürgerversammlung ist für alle Menschen, die in München ein Fest nachveranstalten.\nDie Bürgerversammlung ist für alle Menschen, die in München ein Fest nachplanen.\nDie Bürgerversammlung ist für alle Menschen, die in München ein Fest nachvorbereiten.\nDie Bürgerversammlung ist für alle Menschen, die in München ein Fest nachaufräumen.\nDie Bürgerversammlung ist für alle Menschen, die in München ein Fest nachabbauen.\nDie Bürgerversammlung ist für alle Menschen, die in München ein Fest nachbereiten.\nDie Bürgerversammlung ist für alle Menschen, die in München ein Fest nacharbeiten.\nDie Bürgerversammlung ist für alle Menschen, die in München ein Fest nachholen.\nDie Bürgerversammlung ist für alle Menschen, die in München ein Fest nachfeiern.\nDie Bürgerversammlung ist für alle Menschen, die in München ein Fest nachveranstalten.\nDie Bürgerversammlung ist für alle Menschen, die in München ein Fest nachplanen.\nDie Bürgerversammlung ist für alle Menschen, die in München ein Fest nachvorbereiten.\nDie Bürgerversammlung ist für alle Menschen, die in München ein Fest nachaufräumen.\nDie Bürgerversammlung ist für alle Menschen, die in München ein Fest nachabbauen.\nDie Bürgerversammlung ist für alle Menschen, die in München ein Fest nachbereiten.\nDie Bürgerversammlung ist für alle Menschen, die in München ein Fest nacharbeiten.\nDie Bürgerversammlung ist für alle Menschen, die in München ein Fest nachholen.\nDie Bürgerversammlung ist für alle Menschen, die in München ein Fest nachfeiern.\nDie Bürgerversammlung ist für alle Menschen, die in München ein Fest nachveranstalten.\nDie Bürgerversammlung ist für alle Menschen, die in München ein Fest nachplanen.\nDie Bürgerversammlung ist für alle Menschen, die in München ein Fest nachvorbereiten.\nDie Bürgerversammlung ist für alle Menschen, die in München ein Fest nachaufräumen.\nDie Bürgerversammlung ist für alle Menschen, die in München ein Fest nachabbauen.\nDie Bürgerversammlung ist für alle Menschen, die in München ein Fest nachbereiten.\nDie Bürgerversammlung ist für alle Menschen, die in München ein Fest nacharbeiten.\nDie Bürgerversammlung ist für alle Menschen, die in München ein Fest nachholen.\nDie Bürgerversammlung ist für alle Menschen, die in München ein Fest nachfeiern.\nDie Bürgerversammlung ist für alle Menschen, die in München ein Fest nachveranstalten.\nDie Bürgerversammlung ist für alle Menschen, die in München ein Fest nachplanen.\nDie Bürgerversammlung ist für alle Menschen, die in München ein Fest nachvorbereiten.\nDie Bürgerversammlung ist für alle Menschen, die in München ein Fest nachaufräumen.\nDie Bürgerversammlung ist für alle Menschen, die in München ein Fest nachabbauen.\nDie Bürgerversammlung ist für alle Menschen, die in München ein Fest nachbereiten.\nDie Bürgerversammlung ist für alle Menschen, die in München ein Fest nacharbeiten.\nDie Bürgerversammlung ist für alle Menschen, die in München ein Fest nachholen.\nDie Bürgerversammlung ist für alle Menschen, die in München ein Fest nachfeiern.\nDie Bürgerversammlung ist für alle Menschen, die in München ein Fest nachveranstalten.\nDie Bürgerversammlung ist für alle Menschen, die in München ein Fest nachplanen.\nDie Bürgerversammlung ist für alle Menschen, die in München ein Fest nachvorbereiten.\nDie Bürgerversammlung ist für alle Menschen, die in München ein Fest nachaufräumen.\nDie Bürgerversammlung ist für alle Menschen, die in München ein Fest nachabbauen.\nDie Bürgerversammlung ist für alle Menschen, die in München ein Fest nachbereiten.\nDie Bürgerversammlung ist für alle Menschen, die in München ein Fest nacharbeiten.\nDie Bürgerversammlung ist für alle Menschen, die in München ein Fest nachholen.\nDie Bürgerversammlung ist für alle Menschen, die in München ein Fest nachfeiern.\nDie Bürgerversammlung ist für alle Menschen, die in München ein Fest nachveranstalten.\nDie Bürgerversammlung ist für alle Menschen, die in München ein Fest nachplanen.\nDie Bürgerversammlung ist für alle Menschen, die in München ein Fest nachvorbereiten.\nDie Bürgerversammlung ist für alle Menschen, die in München ein Fest nachaufräumen.\nDie Bürgerversammlung ist für alle Menschen, die in München ein Fest nachabbauen.\nDie Bürgerversammlung ist für alle Menschen, die in München ein Fest nachbereiten.\nDie Bürgerversammlung ist für alle Menschen, die in München ein Fest nacharbeiten.\nDie Bürgerversammlung ist für alle Menschen, die in München ein Fest nachholen.\nDie Bürgerversammlung ist für alle Menschen, die in München ein Fest nachfeiern.\nDie Bürgerversammlung ist für alle Menschen, die in München ein Fest nachveranstalten.\nDie Bürgerversammlung ist für alle Menschen, die in München ein Fest nachplanen.\nDie Bürgerversammlung ist für alle Menschen, die in München ein Fest nachvorbereiten.\nDie Bürgerversammlung ist für alle Menschen, die in München ein Fest nachaufräumen.\nDie Bürgerversammlung ist für alle Menschen, die in München ein Fest nachabbauen.\nDie Bürgerversammlung ist für alle Menschen, die in München ein Fest nachbereiten.\nDie Bürgerversammlung ist für alle Menschen, die in München ein Fest nacharbeiten.\nDie Bürgerversammlung ist für alle Menschen, die in München ein Fest nachholen.\nDie Bürgerversammlung ist für alle Menschen, die in München ein Fest nachfeiern.\nDie Bürgerversammlung ist für alle Menschen, die in München ein Fest nachveranstalten.\nDie Bürgerversammlung ist für alle Menschen, die in München ein Fest nachplanen.\nDie Bürgerversammlung ist für alle Menschen, die in München ein Fest nachvorbereiten.\nDie Bürgerversammlung ist für alle Menschen, die in München ein Fest nachaufräumen.\nDie Bürgerversammlung ist für alle Menschen, die in München ein Fest nachabbauen.\nDie Bürgerversammlung ist für alle Menschen, die in München ein Fest nachbereiten.\nDie Bürgerversammlung ist für alle Menschen, die in München ein Fest nacharbeiten.\nDie Bürgerversammlung ist für alle Menschen, die in München ein Fest nachholen.\nDie Bürgerversammlung ist für alle Menschen, die in München ein Fest nachfeiern.\nDie Bürgerversammlung ist für alle Menschen, die in München ein Fest nachveranstalten.\nDie Bürgerversammlung ist für alle Menschen, die in München ein Fest nachplanen.\nDie Bürgerversammlung ist für alle Menschen, die in München ein Fest nachvorbereiten.\nDie Bürgerversammlung ist für alle Menschen, die in München ein Fest nachaufräumen.\nDie Bürgerversammlung ist für alle Menschen, die in München ein Fest nachabbauen.\nDie Bürgerversammlung ist für alle Menschen, die in München ein Fest nachbereiten.\nDie Bürgerversammlung ist für alle Menschen, die in München ein Fest nacharbeiten.\nDie Bürgerversammlung ist für alle Menschen, die in München ein Fest nachholen.\nDie Bürgerversammlung ist für alle Menschen, die in München ein Fest nachfeiern.\nDie Bürgerversammlung ist für alle Menschen, die in München ein Fest nachveranstalten.\nDie Bürgerversammlung ist für alle Menschen, die in München ein Fest nachplanen.\nDie Bürgerversammlung ist für alle Menschen, die in München ein Fest nachvorbereiten.\nDie Bürgerversammlung ist für alle Menschen, die in München ein Fest nachaufräumen.\nDie Bürgerversammlung ist für alle Menschen, die in München ein Fest nachabbauen.\nDie Bürgerversammlung ist für alle Menschen, die in München ein Fest nachbereiten.\nDie Bürgerversammlung ist für alle Menschen, die in München ein Fest nacharbeiten.\nDie Bürgerversammlung ist für alle Menschen, die in München ein Fest nachholen.\nDie Bürgerversammlung ist für alle Menschen, die in München ein Fest nachfeiern.\nDie Bürgerversammlung ist für alle Menschen, die in München ein Fest nachveranstalten.\nDie Bürgerversammlung ist für alle Menschen, die in München ein Fest nachplanen.\nDie Bürgerversammlung ist für alle Menschen, die in München ein Fest nachvorbereiten.\nDie Bürgerversammlung ist für alle Menschen, die in München ein Fest nachaufräumen.\nDie Bürgerversammlung ist für alle Menschen, die in München ein Fest
Zum Ablauf einer Bürgerversammlung\n\nDie Bürgerversammlungen werden vom Oberbürgermeister, der 2. oder 3. Bürgermeisterin oder einem Stellvertreter/einer Stellvertreterin aus dem Stadtrat geleitet. Auch der zuständige Bezirksausschuss ist durch seine/-n Vorsitzende/-n vertreten und hält, ebenso wie die zuständige Polizei, einen kurzen Bericht. Nach dieser Präsentation der wichtigsten Entwicklungen im Stadtviertel können die Anwohner*innen ihre Fragen, Anregungen und Anliegen zu Stadtteilthemen vortragen und auch eigene Anträge stellen.\nStimmt die Versammlung einem Bürgerantrag mehrheitlich zu, muss er innerhalb von drei Monaten dem Stadtrat oder dem Bezirksausschuss zur weiteren Behandlung vorgelegt werden.\n\nZweck und Aufgabe der Bürgerversammlungen ist die gegenseitige Unterrichtung von Bürgerschaft und Verwaltung, sowie die Einflussnahme der im Stadtbezirk wohnenden Bürger*innen auf und ihre Mitsprache bei Entscheidungen der Stadtverwaltung, die sich in ihrem Stadtbezirk auswirken. Die Stadtverwaltung nimmt die Gelegenheit zum direkten Kontakt und Dialog mit den Münchner*innen sehr gerne wahr.\n\nZu aktuellen Themen im Stadtteil stehen Mitarbeiter*innen aus der Stadtverwaltung als Ansprechpartner*innen zur Verfügung.\n\nBei der Bürgersprechstunde, die von 18 Uhr bis zum Beginn der Bürgerversammlung um 19 Uhr stattfindet, können Sie darüber hinaus mit Vertreter*innen Ihres Bezirksausschusses, der Polizei, des Seniorenbeirats und der Stadtverwaltung persönlich sprechen.\n\nNutzen Sie diese Gelegenheit zur Kontaktaufnahme mit Ihrer Stadtverwaltung München und besuchen Sie die Bürgerversammlung in Ihrem Stadtbezirk!;Was ist eine Bürger-Versammlung?\nIn München gibt es 25 Stadt-Bezirke.\nIn jedem Stadt-Bezirk gibt es einmal im Jahr eine Bürger-Versammlung.\nDie Bürger-Versammlung ist für alle Menschen im Stadt-Bezirk.\nAuf der Bürger-Versammlung können Sie mit den Politikern sprechen.\nUnd mit den Mitarbeitern von der Stadt-Verwaltung.\nSie können ihnen sagen:\nWas Sie gut finden.\nWas Sie nicht gut finden.\nWas Sie sich wünschen.\nWas Sie stört.\nWas Sie ändern wollen.\nWas Sie ändern wollen.\nWas Sie ändern wollen.\nWas Sie ändern wollen.\nWas Sie ändern wollen.\nWas Sie ändern wollen.\nWas Sie ändern wollen.\nWas Sie ändern wollen.\nWas Sie ändern wollen.\nWas Sie ändern wollen.\nWas Sie ändern wollen.\nWas Sie ändern wollen.\nWas Sie ändern wollen.\nWas Sie ändern wollen.\nWas Sie ändern wollen.\nWas Sie ändern wollen.\nWas Sie ändern wollen.\nWas Sie ändern wollen.\nWas Sie ändern wollen.\nWas Sie ändern wollen.\nWas Sie ändern wollen.\nWas Sie ändern wollen.\nWas Sie ändern wollen.\nWas Sie ändern wollen.\nWas Sie ändern wollen.\nWas Sie ändern wollen.\nWas Sie ändern wollen.\nWas Sie ändern wollen.\nWas Sie ändern wollen.\nWas Sie ändern wollen.\nWas Sie ändern wollen.\nWas Sie ändern wollen.\nWas Sie ändern wollen.\nWas Sie ändern wollen.\nWas Sie ändern wollen.\nWas Sie ändern wollen.\nWas Sie ändern wollen.\nWas Sie ändern wollen.\nWas Sie ändern wollen.\nWas Sie ändern wollen.\nWas Sie ändern wollen.\nWas Sie ändern wollen.\nWas Sie ändern wollen.\nWas Sie ändern wollen.\nWas Sie ändern wollen.\nWas Sie ändern wollen.\nWas Sie ändern wollen.\nWas Sie ändern wollen.\nWas Sie ändern wollen.\nWas Sie ändern wollen.\nWas Sie ändern wollen.\nWas Sie ändern wollen.\nWas Sie ändern wollen.\nWas Sie ändern wollen.\nWas Sie ändern wollen.\nWas Sie ändern wollen.\nWas Sie ändern wollen.\nWas Sie ändern wollen.\nWas Sie ändern wollen.\nWas Sie ändern wollen.\nWas Sie ändern wollen.\nWas Sie ändern wollen.\nWas Sie ändern wollen.\nWas Sie ändern wollen.\nWas Sie ändern wollen.\nWas Sie ändern wollen.\nWas Sie ändern wollen.\nWas Sie ändern wollen.\nWas Sie ändern wollen.\nWas Sie ändern wollen.\nWas Sie ändern wollen.\nWas Sie ändern wollen.\nWas Sie ändern wollen.\nWas Sie ändern wollen.\nWas Sie ändern wollen.\nWas Sie ändern wollen.\nWas Sie ändern wollen.\nWas Sie ändern wollen.\nWas Sie ändern wollen.\nWas Sie ändern wollen.\nWas Sie ändern wollen.\nWas Sie ändern wollen.\nWas Sie ändern wollen.\nWas Sie ändern wollen.\nWas Sie ändern wollen.\nWas Sie ändern wollen.\nWas Sie ändern wollen.\nWas Sie ändern wollen.\nWas Sie ändern wollen.\nWas Sie ändern wollen.\nWas Sie ändern wollen.\nWas Sie ändern wollen.\nWas Sie ändern wollen.\nWas Sie ändern wollen.\nWas Sie ändern wollen.\nWas Sie ändern wollen.\nWas Sie ändern wollen.\nWas Sie ändern wollen.\nWas Sie ändern wollen.\nWas Sie ändern wollen.\nWas Sie ändern wollen.\nWas Sie ändern wollen.\nWas Sie ändern wollen.\nWas Sie ändern wollen.\nWas Sie ändern wollen.\nWas Sie ändern wollen.\nWas Sie ändern wollen.\nWas Sie ändern wollen.\nWas Sie ändern wollen.\nWas Sie ändern wollen.\nWas Sie ändern wollen.\nWas Sie ändern wollen.\nWas Sie ändern wollen.\nWas Sie ändern wollen.\nWas Sie ändern wollen.\nWas Sie ändern wollen.\nWas Sie ändern wollen.\nWas Sie ändern wollen.\nWas Sie ändern wollen.\nWas Sie ändern wollen.\nWas Sie ändern wollen.\nWas Sie ändern wollen.\nWas Sie ändern wollen.\nWas Sie ändern wollen.\nWas Sie ändern wollen.\nWas Sie ändern wollen.\nWas Sie ändern wollen.\nWas Sie ändern wollen.\nWas Sie ändern wollen.\nWas Sie ändern wollen.\nWas Sie ändern wollen.\nWas Sie ändern wollen.\nWas Sie ändern wollen.\nWas Sie ändern wollen.\nWas Sie ändern wollen.\nWas Sie ändern wollen.\nWas Sie ändern wollen.\nWas Sie ändern wollen.\nWas Sie ändern wollen.\nWas Sie ändern wollen.\nWas Sie ändern wollen.\nWas Sie ändern wollen.\nWas Sie ändern wollen.\nWas Sie ändern wollen.\nWas Sie ändern wollen.\nWas Sie ändern wollen.\nWas Sie ändern wollen.\nWas Sie ändern wollen.\nWas Sie ändern wollen.\nWas Sie ändern wollen.\nWas Sie ändern wollen.\nWas Sie ändern wollen.\nWas Sie ändern wollen.\nWas Sie ändern wollen.\nWas Sie ändern wollen.\nWas Sie ändern wollen.\nWas Sie ändern wollen.\nWas Sie ändern wollen.\nWas Sie ändern wollen.\nWas Sie ändern wollen.\nWas Sie ändern wollen.\nWas Sie ändern wollen.\nWas Sie ändern wollen.\nWas Sie ändern wollen.\nWas Sie ändern wollen.\nWas Sie ändern wollen.\nWas Sie ändern wollen.\nWas Sie ändern wollen.\nWas Sie ändern wollen.\nWas Sie ändern wollen.\nWas Sie ändern wollen.\nWas Sie ändern wollen.\nWas Sie ändern wollen.\nWas Sie ändern wollen.\nWas Sie ändern wollen.\nWas Sie ändern wollen.\nWas Sie ändern wollen.\nWas Sie ändern wollen.\nWas Sie ändern wollen.\nWas Sie ändern wollen.\nWas Sie ändern wollen.\nWas Sie ändern wollen.\nWas Sie ändern wollen.\nWas Sie ändern wollen.\nWas Sie ändern wollen.\nWas Sie ändern wollen.\nWas Sie ändern wollen.\nWas Sie ändern wollen.\nWas Sie ändern wollen.\nWas Sie ändern wollen.\nWas Sie ändern wollen.\nWas Sie ändern wollen.\nWas Sie ändern wollen.\nWas Sie ändern wollen.\nWas Sie ändern wollen.\nWas Sie ändern wollen.\nWas Sie ändern wollen.\nWas Sie ändern wollen.\nWas Sie ändern wollen.\nWas Sie ändern wollen.\nWas Sie ändern wollen.\nWas Sie ändern wollen.\nWas Sie ändern wollen.\nWas Sie ändern wollen.\nWas Sie ändern wollen.\nWas Sie ändern wollen.\nWas Sie ändern wollen.\nWas Sie ändern wollen.\nWas Sie ändern wollen.\nWas Sie ändern wollen.\nWas Sie ändern wollen.\nWas Sie ändern wollen.\nWas Sie ändern wollen.\nWas Sie ändern wollen.\nWas Sie ändern wollen.\nWas Sie ändern wollen.\nWas Sie ändern wollen.\nWas Sie ändern wollen.\nWas Sie ändern wollen.\nWas Sie ändern wollen.\nWas Sie ändern wollen.\nWas Sie ändern wollen.\nWas Sie ändern wollen.\nWas Sie ändern wollen.\nWas Sie ändern wollen.\nWas Sie ändern wollen.\nWas Sie ändern wollen.\nWas Sie ändern wollen.\nWas Sie ändern wollen.\nWas Sie ändern wollen.\nWas Sie ändern wollen.\nWas Sie ändern wollen.\nWas Sie ändern wollen.\nWas Sie ändern wollen.\nWas Sie ändern wollen.\nWas Sie ändern wollen.\nWas Sie ändern wollen.\nWas Sie ändern wollen.\nWas Sie ändern wollen.\nWas Sie ändern wollen.\nWas Sie ändern wollen.\nWas Sie ändern wollen.\nWas Sie ändern wollen.\nWas Sie ändern wollen.\nWas Sie ändern wollen.\nWas Sie ändern wollen.\nWas Sie ändern wollen.\nWas Sie ändern wollen.\nWas Sie ändern wollen.\nWas Sie ändern wollen.\nWas Sie ändern wollen.\nWas Sie ändern wollen.\nWas Sie ändern wollen.\nWas Sie ändern wollen.\nWas Sie ändern wollen.\nWas Sie ändern wollen.\nWas Sie ändern wollen.\nWas Sie ändern wollen.\nWas Sie ändern wollen.\nWas Sie ändern wollen.\nWas Sie ändern wollen.\nWas Sie ändern wollen.\nWas Sie ändern wollen.\nWas Sie ändern wollen.\nWas Sie ändern wollen.\nWas Sie ändern wollen.\nWas Sie ändern wollen.\nWas Sie ändern wollen.\nWas Sie ändern wollen.\nWas Sie ändern wollen.\nWas Sie ändern wollen.\nWas Sie ändern wollen.\nWas Sie ändern wollen.\nWas Sie ändern wollen.\nWas Sie ändern wollen.\nWas Sie ändern wollen.\nWas Sie ändern wollen.\nWas Sie ändern wollen.\nWas Sie ändern wollen.\nWas Sie ändern wollen.\nWas Sie ändern wollen.\nWas Sie ändern wollen.\nWas Sie ändern wollen.\nWas Sie ändern wollen.\nWas Sie ändern wollen.\nWas Sie ändern wollen.\nWas Sie ändern wollen.\nWas Sie ändern wollen.\nWas Sie ändern wollen.\nWas Sie ändern wollen.\nWas Sie ändern wollen.\nWas Sie ändern wollen.\nWas Sie ändern wollen.\nWas Sie ändern wollen.\nWas Sie ändern wollen.\nWas Sie ändern wollen.\nWas Sie ändern wollen.\nWas Sie ändern wollen.\nWas Sie ändern wollen.\nWas Sie ändern wollen.\nWas Sie ändern wollen.\nWas Sie ändern wollen.\nWas Sie ändern wollen.\nWas Sie ändern wollen.\nWas Sie ändern wollen.\nWas Sie ändern wollen.\nWas Sie ändern wollen.\nWas Sie ändern wollen.\nWas Sie ändern wollen.\nWas Sie ändern wollen.\nWas Sie ändern wollen.\nWas Sie ändern wollen.\nWas Sie ändern wollen.\nWas Sie ändern wollen.\nWas Sie ändern wollen.\nWas Sie ändern wollen.\nWas Sie ändern wollen.\nWas Sie ändern wollen.\nWas Sie ändern wollen.\nWas Sie ändern wollen.\nWas Sie ändern wollen.\nWas Sie ändern wollen.\nWas Sie ändern wollen.\nWas Sie ändern wollen.\nWas Sie ändern wollen.\nWas Sie ändern wollen.\nWas Sie ändern wollen.\nWas Sie ändern wollen.\nWas Sie ändern wollen.\nWas Sie ändern wollen.\nWas Sie ändern wollen.\nWas Sie ändern wollen.\nWas Sie ändern wollen.\nWas Sie ändern wollen.\nWas Sie ändern wollen.\nWas Sie ändern wollen.\nWas Sie ändern wollen.\nWas Sie ändern wollen.\nWas Sie ändern wollen.\nWas Sie ändern wollen.\nWas Sie ändern wollen.\nWas Sie ändern wollen.\nWas Sie ändern wollen.\nWas Sie ändern wollen.\nWas Sie ändern wollen.\nWas Sie ändern wollen.\nWas Sie ändern wollen.\nWas Sie ändern wollen.\nWas Sie ändern wollen.\nWas Sie ändern wollen.\nWas Sie ändern wollen.\nWas Sie ändern wollen.\nWas Sie ändern wollen.\nWas Sie ändern wollen.\nWas Sie ändern wollen.\nWas Sie ändern wollen.\nWas Sie ändern wollen.\nWas Sie ändern wollen.\nWas Sie ändern wollen.\nWas Sie ändern wollen.\nWas Sie ändern wollen.\nWas Sie ändern wollen.\nWas Sie ändern wollen.\nWas Sie ändern wollen.\nWas Sie ändern wollen.\nWas Sie ändern wollen.\nWas Sie ändern wollen.\nWas Sie ändern wollen.\nWas Sie ändern wollen.\nWas Sie ändern wollen.\nWas Sie ändern wollen.\nWas Sie ändern wollen.\nWas Sie ändern wollen.\nWas Sie ändern wollen.\nWas Sie ändern wollen.\nWas Sie ändern wollen.\nWas Sie ändern wollen.\nWas Sie ändern wollen.\nWas Sie ändern wollen.\nWas Sie ändern wollen.\nWas Sie ändern wollen.\nWas Sie ändern wollen.\nWas Sie ändern wollen.\nWas Sie ändern wollen.\nWas Sie ändern wollen.\nWas Sie ändern wollen.\nWas Sie ändern wollen.\nWas Sie ändern wollen.\nWas Sie ändern wollen.\nWas Sie ändern wollen.\nWas Sie ändern wollen.\nWas Sie ändern wollen.\nWas Sie ändern wollen.\nWas Sie ändern wollen.\nWas Sie ändern wollen.\nWas Sie ändern wollen.\nWas Sie ändern wollen.\nWas Sie ändern wollen.\nWas Sie ändern wollen.\nWas Sie ändern wollen.\nWas Sie ändern wollen.\nWas Sie ändern wollen.\nWas Sie ändern wollen.\nWas Sie ändern wollen.\nWas Sie ändern wollen.\nWas Sie ändern wollen.\nWas Sie ändern wollen.\nWas Sie ändern wollen.\nWas Sie ändern wollen.\nWas Sie ändern wollen.\nWas Sie ändern wollen.\nWas Sie ändern wollen.\nWas Sie ändern wollen.\nWas Sie ändern wollen.\nWas Sie ändern wollen.\nWas Sie ändern wollen.\nWas Sie ändern wollen.\nWas Sie ändern wollen.\nWas Sie ändern wollen.\nWas Sie ändern wollen.\nWas Sie ändern wollen.\nWas Sie ändern wollen.\nWas Sie ändern wollen.\nWas Sie ändern wollen.\nWas Sie ändern wollen.\nWas Sie ändern wollen.\nWas Sie ändern wollen.\nWas Sie ändern wollen.\nWas Sie ändern wollen.\nWas Sie ändern wollen.\nWas Sie ändern wollen.\nWas Sie ändern wollen.\nWas Sie ändern wollen.\nWas Sie ändern wollen.\nWas Sie ändern wollen.\nWas Sie ändern wollen.\nWas Sie ändern wollen.\nWas Sie ändern wollen.\nWas Sie ändern wollen.\nWas Sie ändern wollen.\nWas Sie ändern wollen.\nWas Sie ändern wollen.\nWas Sie ändern wollen.\nWas Sie ändern wollen.\nWas Sie ändern wollen.\nWas Sie ändern wollen.\nWas Sie ändern wollen.\nWas Sie ändern wollen.\nWas Sie ändern wollen.\nWas Sie ändern wollen.\nWas Sie ändern wollen.\nWas Sie ändern wollen.\nWas Sie ändern wollen.\nWas Sie ändern wollen.\nWas Sie ändern wollen.\nWas Sie ändern wollen.\nWas Sie ändern wollen.\nWas Sie ändern wollen.\nWas Sie ändern wollen.\nWas Sie ändern wollen.\nWas Sie ändern wollen.\nWas Sie ändern wollen.\nWas Sie ändern wollen.\nWas Sie ändern wollen.\nWas Sie ändern wollen.\nWas Sie ändern wollen.\nWas Sie ändern wollen.\nWas Sie ändern wollen.\nWas Sie ändern wollen.\nWas Sie ändern wollen.\nWas Sie ändern wollen.\nWas Sie ändern wollen.\nWas Sie ändern wollen.\nWas Sie ändern wollen.\nWas Sie ändern wollen.\nWas Sie ändern wollen.\nWas Sie ändern wollen.\nWas Sie ändern wollen.\nWas Sie ändern wollen.\nWas Sie ändern wollen.\nWas Sie ändern wollen.\nWas Sie ändern wollen.\nWas Sie ändern wollen.\nWas Sie ändern wollen.\nWas Sie ändern wollen.\nWas Sie ändern wollen.\nWas Sie ändern wollen.\nWas Sie ändern wollen.\nWas Sie ändern wollen.\nWas Sie ändern wollen.\nWas Sie ändern wollen.\nWas Sie ändern wollen.\nWas Sie ändern wollen.\nWas Sie ändern wollen.\nWas Sie ändern wollen.\nWas Sie ändern wollen.\nWas Sie ändern wollen.\nWas Sie ändern wollen.\nWas Sie ändern wollen.\nWas Sie ändern wollen.\nWas Sie ändern wollen.\nWas Sie ändern wollen.\nWas Sie ändern wollen.\nWas Sie ändern wollen.\nWas Sie ändern wollen.\nWas Sie ändern wollen.\nWas Sie ändern wollen.\nWas Sie ändern wollen.\nWas Sie ändern wollen.\nWas Sie ändern wollen.\nWas Sie ändern wollen.\nWas Sie ändern wollen.\nWas Sie ändern wollen.\nWas Sie ändern wollen.\nWas Sie ändern wollen.\nWas Sie ändern wollen.\nWas Sie ändern wollen.\nWas Sie ändern wollen.\nWas Sie ändern wollen.\nWas Sie ändern wollen.\nWas Sie ändern wollen.\nWas Sie ändern wollen.\nWas Sie ändern wollen.\nWas Sie ändern wollen.\nWas Sie ändern wollen.\nWas Sie ändern wollen.\nWas Sie ändern wollen.\nWas Sie ändern wollen.\nWas Sie ändern wollen.\nWas Sie ändern wollen.\nWas Sie ändern wollen.\nWas Sie ändern wollen.\nWas Sie ändern wollen.\nWas Sie ändern wollen.\nWas Sie ändern wollen.\nWas Sie ändern wollen.\nWas Sie ändern wollen.\nWas Sie ändern wollen.\nWas Sie ändern wollen.\nWas Sie ändern wollen.\nWas Sie ändern wollen.\nWas Sie ändern wollen.\nWas Sie ändern wollen.\nWas Sie ändern wollen.\nWas Sie ändern wollen.\nWas Sie ändern wollen.\nWas Sie ändern wollen.\nWas Sie ändern wollen.\nWas Sie ändern wollen.\nWas Sie ändern wollen.\nWas Sie ändern wollen.\nWas Sie ändern wollen.\nWas Sie ändern wollen.\nWas Sie ändern wollen.\nWas Sie ändern wollen.\nWas Sie ändern wollen.\nWas Sie ändern wollen.\nWas Sie ändern wollen.\nWas Sie ändern wollen.\nWas Sie ändern wollen.\nWas Sie ändern wollen.\nWas Sie ändern wollen.\nWas Sie ändern wollen.\nWas Sie ändern wollen.\nWas Sie ändern wollen.\nWas Sie ändern wollen.\nWas Sie ändern wollen.\nWas Sie ändern wollen.\nWas Sie ändern wollen.\nWas Sie ändern wollen.\nWas Sie ändern wollen.\nWas Sie ändern wollen.\nWas Sie ändern wollen.\nWas Sie ändern wollen.\nWas Sie ändern wollen.\nWas Sie ändern wollen.\nWas Sie ändern wollen.\nWas Sie ändern wollen.\nWas Sie ändern wollen.\nWas Sie ändern wollen.\nWas Sie ändern wollen.\nWas Sie ändern wollen.\nWas Sie ändern wollen.\nWas Sie ändern wollen.\nWas Sie ändern wollen.\nWas Sie ändern wollen.\nWas Sie ändern wollen.\nWas Sie ändern wollen.\nWas Sie ändern wollen.\nWas Sie ändern wollen.\nWas Sie ändern wollen.\nWas Sie ändern wollen.\nWas Sie ändern wollen.\nWas Sie ändern wollen.\nWas Sie ändern wollen.\nWas Sie ändern wollen.\nWas Sie ändern wollen.\nWas Sie ändern wollen.\nWas Sie ändern wollen.\nWas Sie ändern wollen.\nWas Sie ändern wollen.\nWas Sie ändern wollen.\nWas Sie ändern wollen.\nWas Sie ändern wollen.\nWas Sie ändern wollen.\nWas Sie ändern wollen.\nWas Sie ändern wollen.\nWas Sie ändern wollen.\nWas Sie ändern wollen.\nWas Sie ändern wollen.\nWas Sie ändern wollen.\nWas Sie ändern wollen.\nWas Sie ändern wollen.\nWas Sie ändern wollen.\nWas Sie ändern wollen.\nWas Sie ändern wollen.\nWas Sie ändern wollen.\nWas Sie ändern wollen.\nWas Sie ändern wollen.\nWas Sie ändern wollen.\nWas Sie ändern wollen.\nWas Sie ändern wollen.\nWas Sie ändern wollen.\nWas Sie ändern wollen.\nWas Sie ändern wollen.\nWas Sie ändern wollen.\nWas Sie ändern wollen.\nWas Sie ändern wollen.\nWas Sie ändern wollen.\nWas Sie ändern wollen.\nWas Sie ändern wollen.\nWas Sie ändern wollen.\nWas Sie ändern wollen.\nWas Sie ändern wollen.\nWas Sie ändern wollen.\nWas Sie ändern wollen.\nWas Sie ändern wollen.\nWas Sie ändern wollen.\nWas Sie ändern wollen.\nWas Sie ändern wollen.\nWas Sie ändern wollen.\nWas Sie ändern wollen.\nWas Sie ändern wollen.\nWas Sie ändern wollen.\nWas Sie ändern wollen.\nWas Sie ändern wollen.\nWas Sie ändern wollen.\nWas Sie ändern wollen.\nWas Sie ändern wollen.\nWas Sie ändern wollen.\nWas Sie ändern wollen.\nWas Sie ändern wollen.\nWas Sie ändern wollen.\nWas Sie ändern wollen.\nWas Sie ändern wollen.\nWas Sie ändern wollen.\nWas Sie ändern wollen.\nWas Sie ändern wollen.\nWas Sie ändern wollen.\nWas Sie ändern wollen.\nWas Sie ändern wollen.\nWas Sie ändern wollen
